 #KPT:            1
      0.0000    -12.5904      0.5087
      0.0000    -12.5904      0.4911
      0.0000    -12.5904      0.4969
      0.0000    -12.5904      0.5031
      0.0000    -10.5266      0.4961
      0.0000    -10.5266      0.4961
      0.0000     -0.0000      0.5000
      0.0000     -0.0000      0.4995
      0.0000      0.0000      0.4996
      0.0000      0.0000      0.5004
 #KPT:            2
      0.0414    -12.7772      0.9997
      0.0414    -12.4236      1.0000
      0.0414    -10.4975      0.9929
      0.0414     -0.2324      0.9996
      0.0414      0.2303      0.9999
 #KPT:            3
      0.0828    -13.0019      0.9995
      0.0828    -12.2491      1.0000
      0.0828    -10.4189      0.9936
      0.0828     -0.4769      0.9996
      0.0828      0.4710      0.9999
 #KPT:            4
      0.1241    -13.2516      0.9994
      0.1241    -12.0670      1.0000
      0.1241    -10.3035      0.9941
      0.1241     -0.7319      0.9996
      0.1241      0.7213      0.9999
 #KPT:            5
      0.1655    -13.5162      0.9994
      0.1655    -11.8773      1.0000
      0.1655    -10.1610      0.9946
      0.1655     -0.9953      0.9997
      0.1655      0.9816      0.9999
 #KPT:            6
      0.2069    -13.7889      0.9993
      0.2069    -11.6801      1.0000
      0.2069     -9.9979      0.9950
      0.2069     -1.2661      0.9997
      0.2069      1.2511      0.9999
 #KPT:            7
      0.2483    -14.0652      0.9994
      0.2483    -11.4755      1.0000
      0.2483     -9.8189      0.9953
      0.2483     -1.5415      0.9997
      0.2483      1.5294      0.9999
 #KPT:            8
      0.2897    -14.3418      0.9994
      0.2897    -11.2637      1.0000
      0.2897     -9.6269      0.9956
      0.2897     -1.8203      0.9998
      0.2897      1.8163      0.9999
 #KPT:            9
      0.3311    -14.6166      0.9994
      0.3311    -11.0443      1.0000
      0.3311     -9.4239      0.9958
      0.3311     -2.1011      0.9998
      0.3311      2.1124      0.9999
 #KPT:           10
      0.3724    -14.8882      0.9995
      0.3724    -10.8182      1.0000
      0.3724     -9.2116      0.9961
      0.3724     -2.3820      0.9998
      0.3724      2.4164      0.9999
      0.3724      9.6644      0.9989
 #KPT:           11
      0.4138    -15.1553      0.9995
      0.4138    -10.5849      1.0000
      0.4138     -8.9913      0.9962
      0.4138     -2.6619      0.9998
      0.4138      2.7289      0.9999
      0.4138      9.2772      0.9991
 #KPT:           12
      0.4552    -15.4171      0.9996
      0.4552    -10.3447      1.0000
      0.4552     -8.7640      0.9964
      0.4552     -2.9397      0.9998
      0.4552      3.0487      0.9999
      0.4552      8.8998      0.9993
      0.4552      9.8140      0.9999
 #KPT:           13
      0.4966    -15.6729      0.9996
      0.4966    -10.0978      1.0000
      0.4966     -8.5303      0.9966
      0.4966     -3.2143      0.9999
      0.4966      3.3771      0.9999
      0.4966      8.5329      0.9994
      0.4966      9.5082      0.9999
 #KPT:           14
      0.5380    -15.9223      0.9997
      0.5380     -9.8445      1.0000
      0.5380     -8.2915      0.9967
      0.5380     -3.4853      0.9999
      0.5380      3.7095      0.9999
      0.5380      8.1769      0.9995
      0.5380      9.1954      1.0000
      0.5380     10.1068      0.9995
 #KPT:           15
      0.5794    -16.1648      0.9997
      0.5794     -9.5848      1.0000
      0.5794     -8.0480      0.9969
      0.5794     -3.7511      0.9999
      0.5794      4.0491      0.9999
      0.5794      7.8324      0.9996
      0.5794      8.8821      1.0000
      0.5794      9.7585      0.9996
 #KPT:           16
      0.6207    -16.4000      0.9997
      0.6207     -9.3191      1.0000
      0.6207     -7.8005      0.9970
      0.6207     -4.0112      0.9999
      0.6207      4.3943      0.9999
      0.6207      7.4995      0.9997
      0.6207      8.5724      1.0000
      0.6207      9.4222      0.9997
 #KPT:           17
      0.6621    -16.6277      0.9998
      0.6621     -9.0477      1.0000
      0.6621     -7.5500      0.9971
      0.6621     -4.2649      0.9999
      0.6621      4.7444      0.9999
      0.6621      7.1784      0.9997
      0.6621      8.2690      1.0000
      0.6621      9.0979      0.9997
 #KPT:           18
      0.7035    -16.8476      0.9998
      0.7035     -8.7707      1.0000
      0.7035     -7.2967      0.9973
      0.7035     -4.5119      0.9999
      0.7035      5.0998      0.9999
      0.7035      6.8693      0.9998
      0.7035      7.9735      1.0000
      0.7035      8.7859      0.9998
 #KPT:           19
      0.7449    -17.0594      0.9998
      0.7449     -8.4885      1.0000
      0.7449     -7.0418      0.9974
      0.7449     -4.7515      0.9999
      0.7449      5.4596      0.9999
      0.7449      6.5724      0.9998
      0.7449      7.6873      1.0000
      0.7449      8.4864      0.9998
 #KPT:           20
      0.7863    -17.2632      0.9998
      0.7863     -8.2014      1.0000
      0.7863     -6.7863      0.9975
      0.7863     -4.9833      0.9999
      0.7863      5.8201      0.9999
      0.7863      6.2877      0.9998
      0.7863      7.4110      0.9993
      0.7863      8.1994      0.9998
 #KPT:           21
      0.8276    -17.4585      0.9999
      0.8276     -7.9101      1.0000
      0.8276     -6.5307      0.9976
      0.8276     -5.2069      0.9999
      0.8276      6.0154      0.9999
      0.8276      6.1825      0.9998
      0.8276      7.1453      1.0000
      0.8276      7.9249      0.9998
      0.8276     10.0873      0.9956
 #KPT:           22
      0.8690    -17.6455      0.9999
      0.8690     -7.6153      1.0000
      0.8690     -6.2764      0.9978
      0.8690     -5.4218      1.0000
      0.8690      5.7555      0.9999
      0.8690      6.5443      1.0000
      0.8690      6.8908      1.0000
      0.8690      7.6630      0.9999
      0.8690      9.9044      0.9957
 #KPT:           23
      0.9104    -17.8239      0.9999
      0.9104     -7.3174      1.0000
      0.9104     -6.0233      0.9979
      0.9104     -5.6283      1.0000
      0.9104      5.5081      0.9999
      0.9104      6.6475      1.0000
      0.9104      6.9054      1.0000
      0.9104      7.4138      0.9992
      0.9104      9.7322      0.9956
 #KPT:           24
      0.9518    -17.9936      0.9999
      0.9518     -7.0170      1.0000
      0.9518     -5.8251      1.0000
      0.9518     -5.7732      0.9981
      0.9518      5.2731      0.9999
      0.9518      6.4161      1.0000
      0.9518      7.1772      0.9999
      0.9518      7.2656      1.0000
      0.9518      9.5697      0.9956
      0.9518     10.2600      1.0000
 #KPT:           25
      0.9932    -18.1545      0.9999
      0.9932     -6.7150      1.0000
      0.9932     -6.0125      1.0000
      0.9932     -5.5268      0.9982
      0.9932      5.0508      0.9999
      0.9932      6.1965      1.0000
      0.9932      6.9534      0.9999
      0.9932      7.6222      1.0000
      0.9932      9.4170      0.9955
      0.9932     10.0525      1.0000
 #KPT:           26
      1.0346    -18.3066      1.0000
      1.0346     -6.4122      1.0000
      1.0346     -6.1901      1.0000
      1.0346     -5.2850      0.9983
      1.0346      4.8410      0.9999
      1.0346      5.9890      1.0000
      1.0346      6.7423      0.9999
      1.0346      7.9746      1.0000
      1.0346      9.2756      0.9955
      1.0346      9.8552      1.0000
 #KPT:           27
      1.0759    -18.4497      1.0000
      1.0759     -6.3577      1.0000
      1.0759     -6.1095      1.0000
      1.0759     -5.0494      0.9985
      1.0759      4.6439      1.0000
      1.0759      5.7936      1.0000
      1.0759      6.5440      0.9999
      1.0759      8.3228      1.0000
      1.0759      9.1444      0.9954
      1.0759      9.6685      1.0000
 #KPT:           28
      1.1173    -18.5839      1.0000
      1.1173     -6.5151      1.0000
      1.1173     -5.8083      1.0000
      1.1173     -4.8209      0.9986
      1.1173      4.4595      1.0000
      1.1173      5.6106      1.0000
      1.1173      6.3585      0.9999
      1.1173      8.6641      1.0000
      1.1173      9.0232      0.9954
      1.1173      9.4929      1.0000
 #KPT:           29
      1.1587    -18.7090      1.0000
      1.1587     -6.6624      1.0000
      1.1587     -5.5104      1.0000
      1.1587     -4.6006      0.9987
      1.1587      4.2877      1.0000
      1.1587      5.4399      1.0000
      1.1587      6.1857      1.0000
      1.1587      8.9138      0.9953
      1.1587      8.9922      1.0000
      1.1587      9.3286      1.0000
 #KPT:           30
      1.2001    -18.8251      1.0000
      1.2001     -6.7994      1.0000
      1.2001     -5.2173      1.0000
      1.2001     -4.3902      0.9988
      1.2001      4.1286      1.0000
      1.2001      5.2817      1.0000
      1.2001      6.0258      1.0000
      1.2001      8.8144      0.9953
      1.2001      9.1758      1.0000
      1.2001      9.3060      1.0000
 #KPT:           31
      1.2415    -18.9320      1.0000
      1.2415     -6.9258      1.0000
      1.2415     -4.9309      1.0000
      1.2415     -4.1908      0.9990
      1.2415      3.9822      1.0000
      1.2415      5.1359      1.0000
      1.2415      5.8787      1.0000
      1.2415      8.7246      0.9953
      1.2415      9.0348      1.0000
      1.2415      9.6069      1.0000
      1.2415     10.0378      1.0000
 #KPT:           32
      1.2829    -19.0297      1.0000
      1.2829     -7.0415      1.0000
      1.2829     -4.6531      1.0000
      1.2829     -4.0034      0.9991
      1.2829      3.8485      1.0000
      1.2829      5.0027      1.0000
      1.2829      5.7443      1.0000
      1.2829      8.6470      0.9953
      1.2829      8.9057      1.0000
      1.2829      9.8291      1.0000
      1.2829      9.8927      1.0000
 #KPT:           33
      1.3242    -19.1182      1.0000
      1.3242     -7.1463      1.0000
      1.3242     -4.3865      1.0000
      1.3242     -3.8287      0.9992
      1.3242      3.7276      1.0000
      1.3242      4.8822      1.0000
      1.3242      5.6228      1.0000
      1.3242      8.5796      0.9953
      1.3242      8.7887      1.0000
      1.3242      9.6148      1.0000
 #KPT:           34
      1.3656    -19.1975      1.0000
      1.3656     -7.2404      1.0000
      1.3656     -4.1346      1.0000
      1.3656     -3.6694      0.9993
      1.3656      3.6194      1.0000
      1.3656      4.7742      1.0000
      1.3656      5.5141      1.0000
      1.3656      8.5201      0.9953
      1.3656      8.6838      1.0000
      1.3656      9.3977      1.0000
      1.3656      9.9694      1.0000
 #KPT:           35
      1.4070    -19.2675      1.0000
      1.4070     -7.3238      1.0000
      1.4070     -3.9011      1.0000
      1.4070     -3.5257      0.9994
      1.4070      3.5239      1.0000
      1.4070      4.6788      1.0000
      1.4070      5.4182      1.0000
      1.4070      8.4675      0.9953
      1.4070      8.5909      1.0000
      1.4070      9.1858      1.0000
      1.4070      9.8730      1.0000
 #KPT:           36
      1.4484    -19.3282      1.0000
      1.4484     -7.3960      1.0000
      1.4484     -3.6877      1.0000
      1.4484     -3.3988      0.9995
      1.4484      3.4411      1.0000
      1.4484      4.5961      1.0000
      1.4484      5.3351      1.0000
      1.4484      8.4265      0.9954
      1.4484      8.5104      1.0000
      1.4484      8.9831      1.0000
 #KPT:           37
      1.4898    -19.3796      1.0000
      1.4898     -7.4572      1.0000
      1.4898     -3.4987      1.0000
      1.4898     -3.2897      0.9996
      1.4898      3.3711      1.0000
      1.4898      4.5261      1.0000
      1.4898      5.2648      1.0000
      1.4898      8.3921      0.9954
      1.4898      8.4422      1.0000
      1.4898      8.7975      1.0000
 #KPT:           38
      1.5311    -19.4217      1.0000
      1.5311     -7.5073      1.0000
      1.5311     -3.3371      1.0000
      1.5311     -3.1986      0.9997
      1.5311      3.3138      1.0000
      1.5311      4.4689      1.0000
      1.5311      5.2073      1.0000
      1.5311      8.3654      0.9955
      1.5311      8.3864      1.0000
      1.5311      8.6355      1.0000
 #KPT:           39
      1.5725    -19.4545      1.0000
      1.5725     -7.5463      1.0000
      1.5725     -3.2074      1.0000
      1.5725     -3.1274      0.9998
      1.5725      3.2693      1.0000
      1.5725      4.4243      1.0000
      1.5725      5.1626      1.0000
      1.5725      8.3430      1.0000
      1.5725      8.3463      0.9956
      1.5725      8.5014      1.0000
 #KPT:           40
      1.6139    -19.4779      1.0000
      1.6139     -7.5742      1.0000
      1.6139     -3.1114      1.0000
      1.6139     -3.0761      0.9998
      1.6139      3.2375      1.0000
      1.6139      4.3925      1.0000
      1.6139      5.1306      1.0000
      1.6139      8.3119      1.0000
      1.6139      8.3329      0.9958
      1.6139      8.4027      1.0000
 #KPT:           41
      1.6553    -19.4919      1.0000
      1.6553     -7.5909      1.0000
      1.6553     -3.0532      1.0000
      1.6553     -3.0451      0.9999
      1.6553      3.2184      1.0000
      1.6553      4.3734      1.0000
      1.6553      5.1115      1.0000
      1.6553      8.2933      1.0000
      1.6553      8.3239      0.9959
      1.6553      8.3419      1.0000
 #KPT:           42
      1.6967    -19.4966      1.0000
      1.6967     -7.5958      1.0000
      1.6967     -3.0349      0.9999
      1.6967     -3.0340      1.0000
      1.6967      3.2120      1.0000
      1.6967      4.3672      1.0000
      1.6967      5.1051      1.0000
      1.6967      8.2875      1.0000
      1.6967      8.3199      1.0000
      1.6967      8.3208      0.9961
 #KPT:           43
      1.6967    -19.4966      1.0000
      1.6967     -7.5958      1.0000
      1.6967     -3.0349      0.9999
      1.6967     -3.0340      1.0000
      1.6967      3.2120      1.0000
      1.6967      4.3672      1.0000
      1.6967      5.1051      1.0000
      1.6967      8.2875      1.0000
      1.6967      8.3736      0.9944
 #KPT:           44
      1.7387    -19.4918      1.0000
      1.7387     -7.5906      1.0000
      1.7387     -3.0542      1.0000
      1.7387     -3.0453      0.9999
      1.7387      3.2186      1.0000
      1.7387      4.3736      1.0000
      1.7387      5.1117      1.0000
      1.7387      8.2936      1.0000
      1.7387      8.3236      0.9970
      1.7387      8.3402      0.9989
 #KPT:           45
      1.7806    -19.4773      1.0000
      1.7806     -7.5733      1.0000
      1.7806     -3.1141      0.9999
      1.7806     -3.0766      0.9999
      1.7806      3.2382      1.0000
      1.7806      4.3933      1.0000
      1.7806      5.1314      1.0000
      1.7806      8.3128      1.0000
      1.7806      8.3327      0.9969
      1.7806      8.4038      0.9989
 #KPT:           46
      1.8226    -19.4533      1.0000
      1.8226     -7.5446      1.0000
      1.8226     -3.2138      0.9999
      1.8226     -3.1284      0.9999
      1.8226      3.2710      1.0000
      1.8226      4.4260      1.0000
      1.8226      5.1643      1.0000
      1.8226      8.3437      0.9968
      1.8226      8.3447      1.0000
      1.8226      8.5082      0.9989
 #KPT:           47
      1.8646    -19.4195      1.0000
      1.8646     -7.5045      1.0000
      1.8646     -3.3499      0.9999
      1.8646     -3.1995      0.9999
      1.8646      3.3168      1.0000
      1.8646      4.4719      1.0000
      1.8646      5.2103      1.0000
      1.8646      8.3567      0.9967
      1.8646      8.3894      1.0000
      1.8646      8.6521      0.9989
 #KPT:           48
      1.9066    -19.3762      1.0000
      1.9066     -7.4530      1.0000
      1.9066     -3.5203      0.9998
      1.9066     -3.2875      0.9998
      1.9066      3.3757      1.0000
      1.9066      4.5308      1.0000
      1.9066      5.2695      1.0000
      1.9066      8.3674      0.9966
      1.9066      8.4469      1.0000
      1.9066      8.8336      0.9988
 #KPT:           49
      1.9486    -19.3233      1.0000
      1.9486     -7.3900      1.0000
      1.9486     -3.7224      0.9998
      1.9486     -3.3906      0.9998
      1.9486      3.4478      1.0000
      1.9486      4.6028      1.0000
      1.9486      5.3418      1.0000
      1.9486      8.3776      0.9966
      1.9486      8.5170      1.0000
      1.9486      9.0519      0.9988
      1.9486      9.7954      1.0000
 #KPT:           50
      1.9906    -19.2608      1.0000
      1.9906     -7.3156      1.0000
      1.9906     -3.9533      0.9997
      1.9906     -3.5068      0.9998
      1.9906      3.5330      1.0000
      1.9906      4.6879      1.0000
      1.9906      5.4273      1.0000
      1.9906      8.3842      0.9966
      1.9906      8.5998      1.0000
      1.9906      9.3039      0.9988
      1.9906      9.8814      1.0000
 #KPT:           51
      2.0325    -19.1888      1.0000
      2.0325     -7.2300      1.0000
      2.0325     -4.2101      0.9997
      2.0325     -3.6342      0.9997
      2.0325      3.6312      1.0000
      2.0325      4.7860      1.0000
      2.0325      5.5260      1.0000
      2.0325      8.3810      0.9966
      2.0325      8.6951      1.0000
      2.0325      9.5865      0.9987
      2.0325      9.9799      1.0000
 #KPT:           52
      2.0745    -19.1072      1.0000
      2.0745     -7.1331      1.0000
      2.0745     -4.4899      0.9997
      2.0745     -3.7705      0.9997
      2.0745      3.7425      1.0000
      2.0745      4.8971      1.0000
      2.0745      5.6378      1.0000
      2.0745      8.3720      0.9967
      2.0745      8.8025      1.0000
      2.0745      9.8988      0.9986
      2.0745     10.0909      1.0000
 #KPT:           53
      2.1165    -19.0161      1.0000
      2.1165     -7.0251      1.0000
      2.1165     -4.7893      0.9996
      2.1165     -3.9135      0.9997
      2.1165      3.8670      1.0000
      2.1165      5.0212      1.0000
      2.1165      5.7627      1.0000
      2.1165      8.3543      0.9967
      2.1165      8.9215      1.0000
      2.1165      9.8514      1.0000
 #KPT:           54
      2.1585    -18.9155      1.0000
      2.1585     -6.9061      1.0000
      2.1585     -5.1058      0.9996
      2.1585     -4.0616      0.9996
      2.1585      4.0045      1.0000
      2.1585      5.1582      1.0000
      2.1585      5.9008      1.0000
      2.1585      8.3291      0.9968
      2.1585      9.0488      1.0000
      2.1585      9.5597      1.0000
 #KPT:           55
      2.2005    -18.8055      1.0000
      2.2005     -6.7763      1.0000
      2.2005     -5.4374      0.9995
      2.2005     -4.2131      0.9996
      2.2005      4.1550      1.0000
      2.2005      5.3079      1.0000
      2.2005      6.0519      1.0000
      2.2005      8.2946      0.9968
      2.2005      9.1332      1.0000
      2.2005      9.3035      0.9999
 #KPT:           56
      2.2424    -18.6861      1.0000
      2.2424     -6.6355      1.0000
      2.2424     -5.7809      0.9995
      2.2424     -4.3663      0.9995
      2.2424      4.3186      1.0000
      2.2424      5.4703      1.0000
      2.2424      6.2161      1.0000
      2.2424      8.2565      0.9969
      2.2424      8.8800      0.9999
      2.2424      9.3833      1.0000
 #KPT:           57
      2.2844    -18.5573      1.0000
      2.2844     -6.4842      1.0000
      2.2844     -6.1344      0.9994
      2.2844     -4.5195      0.9995
      2.2844      4.4952      1.0000
      2.2844      5.6451      1.0000
      2.2844      6.3932      0.9999
      2.2844      8.2109      0.9969
      2.2844      8.5410      0.9999
      2.2844      9.5471      1.0000
 #KPT:           58
      2.3264    -18.4193      1.0000
      2.3264     -6.4958      0.9994
      2.3264     -6.3225      1.0000
      2.3264     -4.6718      0.9995
      2.3264      4.6848      1.0000
      2.3264      5.8318      1.0000
      2.3264      6.5832      0.9999
      2.3264      8.1611      0.9970
      2.3264      8.1856      0.9999
      2.3264      9.7282      1.0000
 #KPT:           59
      2.3684    -18.2719      1.0000
      2.3684     -6.8638      0.9993
      2.3684     -6.1506      1.0000
      2.3684     -4.8216      0.9994
      2.3684      4.8874      0.9999
      2.3684      6.0292      1.0000
      2.3684      6.7859      0.9999
      2.3684      7.8181      1.0000
      2.3684      8.1081      0.9971
      2.3684      9.9228      1.0000
 #KPT:           60
      2.4104    -18.1154      1.0000
      2.4104     -7.2363      0.9993
      2.4104     -5.9687      1.0000
      2.4104     -4.9684      0.9994
      2.4104      5.1029      0.9999
      2.4104      6.2342      1.0000
      2.4104      7.0007      0.9999
      2.4104      7.4490      1.0000
      2.4104      8.0535      0.9972
 #KPT:           61
      2.4524    -17.9498      1.0000
      2.4524     -7.6119      0.9993
      2.4524     -5.7773      1.0000
      2.4524     -5.1109      0.9993
      2.4524      5.3312      0.9999
      2.4524      6.4312      1.0000
      2.4524      7.0935      1.0000
      2.4524      7.2266      0.9998
      2.4524      8.0002      0.9974
 #KPT:           62
      2.4943    -17.7752      0.9999
      2.4943     -7.9896      0.9992
      2.4943     -5.5765      1.0000
      2.4943     -5.2483      0.9993
      2.4943      5.5723      0.9999
      2.4943      6.4852      1.0000
      2.4943      6.8877      1.0000
      2.4943      7.4597      0.9997
      2.4943      7.9517      0.9976
 #KPT:           63
      2.5363    -17.5916      0.9999
      2.5363     -8.3681      0.9992
      2.5363     -5.3799      0.9993
      2.5363     -5.3669      0.9999
      2.5363      5.8262      0.9999
      2.5363      6.1915      0.9999
      2.5363      7.0375      1.0000
      2.5363      7.6766      0.9989
      2.5363      7.9328      0.9983
 #KPT:           64
      2.5783    -17.3992      0.9999
      2.5783     -8.7469      0.9992
      2.5783     -5.5070      0.9992
      2.5783     -5.1490      0.9999
      2.5783      5.8114      0.9999
      2.5783      6.0925      0.9999
      2.5783      7.2826      1.0000
      2.5783      7.7587      0.9975
      2.5783      8.0631      0.9998
 #KPT:           65
      2.6203    -17.1981      0.9999
      2.6203     -9.1238      0.9992
      2.6203     -5.6256      0.9992
      2.6203     -4.9225      0.9999
      2.6203      5.4213      0.9999
      2.6203      6.3710      0.9998
      2.6203      7.5537      1.0000
      2.6203      7.7315      0.9974
      2.6203      8.3186      1.0000
 #KPT:           66
      2.6623    -16.9885      0.9999
      2.6623     -9.4991      0.9991
      2.6623     -5.7370      0.9991
      2.6623     -4.6899      0.9999
      2.6623      5.0286      1.0000
      2.6623      6.6611      0.9998
      2.6623      7.6890      0.9975
      2.6623      7.8411      1.0000
      2.6623      8.6060      1.0000
 #KPT:           67
      2.7042    -16.7705      0.9999
      2.7042     -9.8716      0.9991
      2.7042     -5.8408      0.9991
      2.7042     -4.4515      0.9999
      2.7042      4.6380      1.0000
      2.7042      6.9604      0.9997
      2.7042      7.6475      0.9977
      2.7042      8.1426      1.0000
 #KPT:           68
      2.7462    -16.5444      0.9999
      2.7462    -10.2406      0.9991
      2.7462     -5.9365      0.9990
      2.7462     -4.2085      0.9999
      2.7462      4.2523      1.0000
      2.7462      7.2587      0.9993
      2.7462      7.6212      0.9981
      2.7462      8.4572      0.9999
 #KPT:           69
      2.7882    -16.3105      0.9999
      2.7882    -10.6049      0.9991
      2.7882     -6.0240      0.9989
      2.7882     -3.9625      0.9999
      2.7882      3.8753      1.0000
      2.7882      7.4637      0.9977
      2.7882      7.7048      0.9997
      2.7882      8.7845      1.0000
 #KPT:           70
      2.8302    -16.0691      0.9999
      2.8302    -10.9641      0.9991
      2.8302     -6.1029      0.9989
      2.8302     -3.7159      0.9999
      2.8302      3.5088      1.0000
      2.8302      7.4743      0.9974
      2.8302      7.9973      1.0000
      2.8302      9.1238      1.0000
 #KPT:           71
      2.8722    -15.8210      0.9998
      2.8722    -11.3170      0.9990
      2.8722     -6.1729      0.9988
      2.8722     -3.4718      0.9999
      2.8722      3.1570      1.0000
      2.8722      7.4489      0.9975
      2.8722      8.3421      0.9999
      2.8722      9.4751      0.9999
 #KPT:           72
      2.9142    -15.5669      0.9998
      2.9142    -11.6624      0.9990
      2.9142     -6.2338      0.9987
      2.9142     -3.2336      0.9999
      2.9142      2.8250      1.0000
      2.9142      7.4219      0.9975
      2.9142      8.7055      0.9999
 #KPT:           73
      2.9561    -15.3084      0.9998
      2.9561    -11.9987      0.9989
      2.9561     -6.2854      0.9987
      2.9561     -3.0069      0.9999
      2.9561      2.5186      1.0000
      2.9561      7.3968      0.9976
      2.9561      9.0829      0.9998
 #KPT:           74
      2.9981    -15.0481      0.9998
      2.9981    -12.3232      0.9989
      2.9981     -6.3285      0.9986
      2.9981     -2.8002      0.9999
      2.9981      2.2427      1.0000
      2.9981      7.3750      0.9976
      2.9981      9.4727      0.9998
 #KPT:           75
      3.0401    -14.7912      0.9999
      3.0401    -12.6298      0.9988
      3.0401     -6.3617      0.9985
      3.0401     -2.6199      0.9999
      3.0401      2.0105      1.0000
      3.0401      7.3585      0.9976
      3.0401      9.8744      0.9997
 #KPT:           76
      3.0821    -14.5496      0.9999
      3.0821    -12.9070      0.9987
      3.0821     -6.3855      0.9984
      3.0821     -2.4784      0.9999
      3.0821      1.8317      1.0000
      3.0821      7.3468      0.9977
 #KPT:           77
      3.1241    -14.3538      1.0000
      3.1241    -13.1242      0.9986
      3.1241     -6.3998      0.9983
      3.1241     -2.3873      0.9999
      3.1241      1.7183      1.0000
      3.1241      7.3399      0.9977
 #KPT:           78
      3.1660    -14.2708      1.0000
      3.1660    -13.2144      0.9985
      3.1660     -6.4046      0.9982
      3.1660     -2.3558      0.9998
      3.1660      1.6792      0.9999
      3.1660      7.3375      0.9976
 #KPT:           79
      3.1660    -14.2708      1.0000
      3.1660    -13.2144      0.9985
      3.1660     -6.4046      0.9982
      3.1660     -2.3558      0.9998
      3.1660      1.6792      0.9999
      3.1660      7.3375      0.9976
 #KPT:           80
      3.2085    -14.2666      1.0000
      3.2085    -13.2102      0.9985
      3.2085     -6.4266      0.9980
      3.2085     -2.3498      0.9999
      3.2085      1.6782      1.0000
      3.2085      7.3677      0.9979
 #KPT:           81
      3.2509    -14.2540      1.0000
      3.2509    -13.1978      0.9984
      3.2509     -6.4931      0.9978
      3.2509     -2.3320      0.9998
      3.2509      1.6738      1.0000
      3.2509      7.4572      0.9980
 #KPT:           82
      3.2933    -14.2329      1.0000
      3.2933    -13.1771      0.9984
      3.2933     -6.6018      0.9977
      3.2933     -2.3023      0.9998
      3.2933      1.6653      1.0000
      3.2933      7.6043      0.9982
 #KPT:           83
      3.3357    -14.2033      1.0000
      3.3357    -13.1482      0.9983
      3.3357     -6.7491      0.9975
      3.3357     -2.2604      0.9998
      3.3357      1.6540      1.0000
      3.3357      7.8059      0.9983
 #KPT:           84
      3.3781    -14.1654      1.0000
      3.3781    -13.1113      0.9982
      3.3781     -6.9316      0.9973
      3.3781     -2.2059      0.9998
      3.3781      1.6374      1.0000
      3.3781      8.0573      0.9984
 #KPT:           85
      3.4205    -14.1190      1.0000
      3.4205    -13.0669      0.9982
      3.4205     -7.1451      0.9972
      3.4205     -2.1410      0.9998
      3.4205      1.6155      1.0000
      3.4205      8.3542      0.9985
 #KPT:           86
      3.4630    -14.0642      1.0000
      3.4630    -13.0147      0.9981
      3.4630     -7.3850      0.9970
      3.4630     -2.0634      0.9998
      3.4630      1.5871      1.0000
      3.4630      8.6915      0.9986
 #KPT:           87
      3.5054    -14.0009      1.0000
      3.5054    -12.9555      0.9981
      3.5054     -7.6465      0.9969
      3.5054     -1.9738      0.9998
      3.5054      1.5512      0.9999
      3.5054      9.0641      0.9987
 #KPT:           88
      3.5478    -13.9293      1.0000
      3.5478    -12.8899      0.9980
      3.5478     -7.9259      0.9968
      3.5478     -1.8728      0.9998
      3.5478      1.5055      0.9999
      3.5478      9.4653      0.9987
 #KPT:           89
      3.5902    -13.8492      1.0000
      3.5902    -12.8185      0.9980
      3.5902     -8.2185      0.9966
      3.5902     -1.7592      0.9998
      3.5902      1.4493      0.9999
      3.5902      9.8902      0.9987
 #KPT:           90
      3.6326    -13.7608      1.0000
      3.6326    -12.7425      0.9980
      3.6326     -8.5196      0.9964
      3.6326     -1.6346      0.9997
      3.6326      1.3804      0.9999
 #KPT:           91
      3.6751    -13.6639      1.0000
      3.6751    -12.6634      0.9980
      3.6751     -8.8255      0.9962
      3.6751     -1.4984      0.9997
      3.6751      1.2961      0.9999
 #KPT:           92
      3.7175    -13.5588      1.0000
      3.7175    -12.5835      0.9980
      3.7175     -9.1311      0.9959
      3.7175     -1.3507      0.9997
      3.7175      1.1973      0.9999
 #KPT:           93
      3.7599    -13.4452      0.9999
      3.7599    -12.5063      0.9982
      3.7599     -9.4308      0.9956
      3.7599     -1.1917      0.9997
      3.7599      1.0807      0.9999
 #KPT:           94
      3.8023    -13.3234      0.9999
      3.8023    -12.4370      0.9983
      3.8023     -9.7173      0.9952
      3.8023     -1.0203      0.9997
      3.8023      0.9464      0.9999
 #KPT:           95
      3.8447    -13.1932      0.9999
      3.8447    -12.3838      0.9986
      3.8447     -9.9811      0.9946
      3.8447     -0.8382      0.9997
      3.8447      0.7932      0.9999
 #KPT:           96
      3.8871    -13.0548      0.9999
      3.8871    -12.3586      0.9990
      3.8871    -10.2088      0.9940
      3.8871     -0.6451      0.9997
      3.8871      0.6212      0.9998
 #KPT:           97
      3.9296    -12.9082      0.9999
      3.9296    -12.3769      0.9994
      3.9296    -10.3840      0.9933
      3.9296     -0.4410      0.9997
      3.9296      0.4310      0.9998
 #KPT:           98
      3.9720    -12.7534      0.9999
      3.9720    -12.4526      0.9998
      3.9720    -10.4918      0.9926
      3.9720     -0.2259      0.9996
      3.9720      0.2235      0.9998
 #KPT:           99
      4.0144    -12.5904      0.5087
      4.0144    -12.5904      0.4911
      4.0144    -12.5904      0.4969
      4.0144    -12.5904      0.5031
      4.0144    -10.5266      0.4961
      4.0144    -10.5266      0.4961
      4.0144     -0.0000      0.5000
      4.0144     -0.0000      0.4995
      4.0144      0.0000      0.4996
      4.0144      0.0000      0.5004
