 #KPT:            1
      0.0000    -12.5925      0.9143
      0.0000    -12.5860      0.9649
      0.0000    -10.5261      0.8876
      0.0000     -0.0009      0.9485
      0.0000      0.0009      0.9828
      0.0000     10.6121      0.9362
 #KPT:            2
      0.0414    -12.7773      0.9741
      0.0414    -12.4208      0.9105
      0.0414    -10.4973      0.8870
      0.0414     -0.2328      0.9595
      0.0414      0.2308      0.9755
      0.0414     10.6219      0.9382
      0.0414     12.6595      0.1547
 #KPT:            3
      0.0828    -13.0019      0.9782
      0.0828    -12.2463      0.9103
      0.0828    -10.4188      0.8878
      0.0828     -0.4773      0.9628
      0.0828      0.4714      0.9756
      0.0828     10.6486      0.9404
      0.0828     12.4333      0.9103
 #KPT:            4
      0.1241    -13.2514      0.9809
      0.1241    -12.0643      0.9103
      0.1241    -10.3036      0.8893
      0.1241     -0.7323      0.9658
      0.1241      0.7218      0.9758
      0.1241     10.6862      0.9431
      0.1241     12.0777      0.9413
 #KPT:            5
      0.1655    -13.5159      0.9829
      0.1655    -11.8746      0.9105
      0.1655    -10.1613      0.8912
      0.1655     -0.9958      0.9685
      0.1655      0.9821      0.9760
      0.1655     10.7254      0.9467
      0.1655     11.6872      0.9605
      0.1655     12.9950      0.9428
 #KPT:            6
      0.2069    -13.7884      0.9846
      0.2069    -11.6773      0.9107
      0.2069     -9.9982      0.8932
      0.2069     -1.2666      0.9710
      0.2069      1.2517      0.9762
      0.2069     10.7527      0.9517
      0.2069     11.2814      0.9723
      0.2069     12.9670      0.9415
      0.2069     13.1033      0.9421
 #KPT:            7
      0.2483    -14.0646      0.9860
      0.2483    -11.4728      0.9110
      0.2483     -9.8192      0.8951
      0.2483     -1.5420      0.9732
      0.2483      1.5300      0.9764
      0.2483     10.7483      0.9585
      0.2483     10.8710      0.9798
      0.2483     12.7959      0.9630
      0.2483     12.9199      0.9408
      0.2483     12.9677      0.9721
 #KPT:            8
      0.2897    -14.3412      0.9872
      0.2897    -11.2609      0.9112
      0.2897     -9.6272      0.8970
      0.2897     -1.8208      0.9752
      0.2897      1.8169      0.9766
      0.2897     10.4625      0.9849
      0.2897     10.6890      0.9670
      0.2897     12.4137      0.9780
      0.2897     12.7545      0.9670
 #KPT:            9
      0.3311    -14.6159      0.9884
      0.3311    -11.0416      0.9115
      0.3311     -9.4242      0.8989
      0.3311     -2.1016      0.9771
      0.3311      2.1130      0.9769
      0.3311     10.0592      0.9883
      0.3311     10.5579      0.9757
      0.3311     12.0145      0.9853
      0.3311     12.6265      0.9621
      0.3311     12.7373      0.9432
 #KPT:           10
      0.3724    -14.8875      0.9894
      0.3724    -10.8154      0.9119
      0.3724     -9.2119      0.9007
      0.3724     -2.3825      0.9787
      0.3724      2.4171      0.9771
      0.3724      9.6631      0.9908
      0.3724     10.3560      0.9829
      0.3724     11.6165      0.9893
      0.3724     12.5136      0.9393
      0.3724     12.5732      0.9595
      0.3724     12.7016      0.9426
 #KPT:           11
      0.4138    -15.1545      0.9903
      0.4138    -10.5821      0.9122
      0.4138     -8.9916      0.9025
      0.4138     -2.6624      0.9802
      0.4138      2.7297      0.9774
      0.4138      9.2759      0.9926
      0.4138     10.1005      0.9880
      0.4138     11.2257      0.9918
      0.4138     12.2845      0.9371
      0.4138     12.5633      0.9602
 #KPT:           12
      0.4552    -15.4163      0.9911
      0.4552    -10.3420      0.9126
      0.4552     -8.7642      0.9043
      0.4552     -2.9402      0.9815
      0.4552      3.0495      0.9777
      0.4552      8.8985      0.9940
      0.4552      9.8119      0.9913
      0.4552     10.8441      0.9935
      0.4552     12.0514      0.9356
      0.4552     12.5171      0.9452
 #KPT:           13
      0.4966    -15.6721      0.9919
      0.4966    -10.0950      0.9130
      0.4966     -8.5305      0.9061
      0.4966     -3.2149      0.9827
      0.4966      3.3779      0.9780
      0.4966      8.5316      0.9951
      0.4966      9.5061      0.9934
      0.4966     10.4730      0.9948
      0.4966     11.8170      0.9345
      0.4966     12.4185      0.9465
 #KPT:           14
      0.5380    -15.9215      0.9926
      0.5380     -9.8417      0.9134
      0.5380     -8.2916      0.9080
      0.5380     -3.4859      0.9837
      0.5380      3.7103      0.9783
      0.5380      8.1757      0.9959
      0.5380      9.1931      0.9948
      0.5380     10.1131      0.9957
      0.5380     11.5830      0.9334
      0.5380     12.4324      0.9775
 #KPT:           15
      0.5794    -16.1639      0.9932
      0.5794     -9.5820      0.9138
      0.5794     -8.0480      0.9099
      0.5794     -3.7517      0.9847
      0.5794      4.0500      0.9786
      0.5794      7.8311      0.9965
      0.5794      8.8798      0.9957
      0.5794      9.7648      0.9964
      0.5794     11.3520      0.9322
      0.5794     12.2117      0.9489
      0.5794     12.2878      0.9833
 #KPT:           16
      0.6207    -16.3991      0.9938
      0.6207     -9.3162      0.9143
      0.6207     -7.8005      0.9118
      0.6207     -4.0118      0.9856
      0.6207      4.3953      0.9790
      0.6207      7.4982      0.9971
      0.6207      8.5700      0.9964
      0.6207      9.4285      0.9969
      0.6207     11.1253      0.9310
      0.6207     12.0995      0.9876
      0.6207     12.1054      0.9501
 #KPT:           17
      0.6621    -16.6268      0.9944
      0.6621     -9.0448      0.9148
      0.6621     -7.5499      0.9138
      0.6621     -4.2655      0.9863
      0.6621      4.7454      0.9793
      0.6621      7.1771      0.9975
      0.6621      8.2666      0.9969
      0.6621      9.1043      0.9973
      0.6621     10.9027      0.9296
      0.6621     11.8827      0.9905
      0.6621     11.9976      0.9511
 #KPT:           18
      0.7035    -16.8467      0.9948
      0.7035     -8.7678      0.9154
      0.7035     -7.2965      0.9159
      0.7035     -4.5125      0.9871
      0.7035      5.1009      0.9797
      0.7035      6.8680      0.9978
      0.7035      7.9711      0.9973
      0.7035      8.7923      0.9977
      0.7035     10.6863      0.9281
      0.7035     11.6497      0.9925
      0.7035     11.8890      0.9520
 #KPT:           19
      0.7449    -17.0585      0.9953
      0.7449     -8.4856      0.9160
      0.7449     -7.0415      0.9180
      0.7449     -4.7521      0.9877
      0.7449      5.4607      0.9801
      0.7449      6.5711      0.9981
      0.7449      7.6848      0.9976
      0.7449      8.4928      0.9980
      0.7449     10.4792      0.9264
      0.7449     11.4097      0.9939
      0.7449     11.7782      0.9528
 #KPT:           20
      0.7863    -17.2622      0.9957
      0.7863     -8.1985      0.9167
      0.7863     -6.7859      0.9203
      0.7863     -4.9839      0.9883
      0.7863      5.8212      0.9805
      0.7863      6.2865      0.9984
      0.7863      7.4085      0.9978
      0.7863      8.2058      0.9982
      0.7863     10.2796      0.9245
      0.7863     11.1686      0.9949
      0.7863     11.6671      0.9535
 #KPT:           21
      0.8276    -17.4576      0.9961
      0.8276     -7.9071      0.9174
      0.8276     -6.5302      0.9227
      0.8276     -5.2075      0.9888
      0.8276      6.0142      0.9986
      0.8276      6.1836      0.9810
      0.8276      7.1428      0.9980
      0.8276      7.9314      0.9985
      0.8276     10.0888      0.9224
      0.8276     10.9303      0.9956
      0.8276     11.5521      0.9540
 #KPT:           22
      0.8690    -17.6445      0.9964
      0.8690     -7.6123      0.9181
      0.8690     -6.2758      0.9252
      0.8690     -5.4225      0.9893
      0.8690      5.7543      0.9988
      0.8690      6.5455      0.9815
      0.8690      6.8883      0.9982
      0.8690      7.6695      0.9986
      0.8690      9.9057      0.9202
      0.8690     10.6976      0.9961
      0.8690     11.4332      0.9544
      0.8690     12.0778      0.9986
 #KPT:           23
      0.9104    -17.8228      0.9967
      0.9104     -7.3143      0.9190
      0.9104     -6.0227      0.9278
      0.9104     -5.6290      0.9897
      0.9104      5.5068      0.9989
      0.9104      6.6450      0.9983
      0.9104      6.9066      0.9820
      0.9104      7.4203      0.9987
      0.9104      9.7335      0.9177
      0.9104     10.4719      0.9965
      0.9104     11.3111      0.9546
      0.9104     11.8361      0.9985
 #KPT:           24
      0.9518    -17.9925      0.9970
      0.9518     -7.0138      0.9199
      0.9518     -5.8258      0.9901
      0.9518     -5.7724      0.9305
      0.9518      5.2719      0.9991
      0.9518      6.4135      0.9984
      0.9518      7.1837      0.9989
      0.9518      7.2669      0.9825
      0.9518      9.5709      0.9151
      0.9518     10.2549      0.9968
      0.9518     11.1839      0.9547
      0.9518     11.6062      0.9989
 #KPT:           25
      0.9932    -18.1534      0.9972
      0.9932     -6.7118      0.9208
      0.9932     -6.0132      0.9905
      0.9932     -5.5259      0.9333
      0.9932      5.0496      0.9992
      0.9932      6.1939      0.9985
      0.9932      6.9599      0.9990
      0.9932      7.6236      0.9831
      0.9932      9.4181      0.9123
      0.9932     10.0475      0.9971
      0.9932     11.0504      0.9545
      0.9932     11.3882      0.9990
 #KPT:           26
      1.0346    -18.3055      0.9975
      1.0346     -6.4090      0.9219
      1.0346     -6.1908      0.9908
      1.0346     -5.2840      0.9363
      1.0346      4.8398      0.9993
      1.0346      5.9863      0.9986
      1.0346      6.7489      0.9992
      1.0346      7.9760      0.9837
      1.0346      9.2766      0.9094
      1.0346      9.8501      0.9973
      1.0346     10.9092      0.9542
      1.0346     11.1823      0.9991
 #KPT:           27
      1.0759    -18.4486      0.9977
      1.0759     -6.3584      0.9911
      1.0759     -6.1062      0.9231
      1.0759     -5.0483      0.9393
      1.0759      4.6427      0.9994
      1.0759      5.7910      0.9987
      1.0759      6.5506      0.9993
      1.0759      8.3242      0.9843
      1.0759      9.1453      0.9063
      1.0759      9.6635      0.9975
      1.0759     10.7587      0.9537
      1.0759     10.9883      0.9991
 #KPT:           28
      1.1173    -18.5828      0.9979
      1.1173     -6.5159      0.9914
      1.1173     -5.8050      0.9244
      1.1173     -4.8197      0.9425
      1.1173      4.4582      0.9995
      1.1173      5.6080      0.9987
      1.1173      6.3651      0.9993
      1.1173      8.6656      0.9849
      1.1173      9.0240      0.9031
      1.1173      9.4880      0.9976
      1.1173     10.5965      0.9530
      1.1173     10.8064      0.9991
 #KPT:           29
      1.1587    -18.7079      0.9980
      1.1587     -6.6631      0.9916
      1.1587     -5.5070      0.9258
      1.1587     -4.5993      0.9458
      1.1587      4.2865      0.9995
      1.1587      5.4373      0.9988
      1.1587      6.1923      0.9994
      1.1587      8.9146      0.8998
      1.1587      8.9938      0.9856
      1.1587      9.3237      0.9978
      1.1587     10.4250      0.9522
      1.1587     10.6366      0.9991
 #KPT:           30
      1.2001    -18.8239      0.9982
      1.2001     -6.8001      0.9918
      1.2001     -5.2139      0.9273
      1.2001     -4.3888      0.9491
      1.2001      4.1274      0.9996
      1.2001      5.2790      0.9988
      1.2001      6.0324      0.9995
      1.2001      8.8150      0.8965
      1.2001      9.1709      0.9979
      1.2001      9.3077      0.9863
      1.2001     10.2386      0.9512
      1.2001     10.4789      0.9991
 #KPT:           31
      1.2415    -18.9308      0.9983
      1.2415     -6.9266      0.9920
      1.2415     -4.9274      0.9291
      1.2415     -4.1893      0.9525
      1.2415      3.9810      0.9996
      1.2415      5.1332      0.9989
      1.2415      5.8853      0.9996
      1.2415      8.7252      0.8931
      1.2415      9.0299      0.9979
      1.2415      9.6086      0.9870
      1.2415     10.0397      0.9500
      1.2415     10.3333      0.9991
 #KPT:           32
      1.2829    -19.0285      0.9985
      1.2829     -7.0423      0.9922
      1.2829     -4.6495      0.9310
      1.2829     -4.0018      0.9559
      1.2829      3.8473      0.9997
      1.2829      5.0000      0.9989
      1.2829      5.7510      0.9996
      1.2829      8.6475      0.8898
      1.2829      8.9008      0.9980
      1.2829      9.8312      0.9488
      1.2829      9.8944      0.9877
      1.2829     10.2000      0.9991
 #KPT:           33
      1.3242    -19.1170      0.9986
      1.3242     -7.1470      0.9923
      1.3242     -4.3830      0.9331
      1.3242     -3.8270      0.9594
      1.3242      3.7264      0.9997
      1.3242      4.8795      0.9990
      1.3242      5.6295      0.9997
      1.3242      8.5800      0.8865
      1.3242      8.7839      0.9981
      1.3242      9.6171      0.9475
      1.3242     10.0789      0.9991
      1.3242     10.1638      0.9884
 #KPT:           34
      1.3656    -19.1963      0.9987
      1.3656     -7.2412      0.9925
      1.3656     -4.1310      0.9355
      1.3656     -3.6675      0.9627
      1.3656      3.6182      0.9998
      1.3656      4.7715      0.9990
      1.3656      5.5208      0.9997
      1.3656      8.5205      0.8834
      1.3656      8.6790      0.9982
      1.3656      9.4001      0.9462
      1.3656      9.9700      0.9992
      1.3656     10.4107      0.9892
 #KPT:           35
      1.4070    -19.2663      0.9988
      1.4070     -7.3246      0.9926
      1.4070     -3.8974      0.9381
      1.4070     -3.5238      0.9659
      1.4070      3.5227      0.9998
      1.4070      4.6761      0.9990
      1.4070      5.4249      0.9998
      1.4070      8.4678      0.8804
      1.4070      8.5861      0.9982
      1.4070      9.1884      0.9448
      1.4070      9.8736      0.9992
      1.4070     10.6331      0.9899
 #KPT:           36
      1.4484    -19.3270      0.9988
      1.4484     -7.3968      0.9927
      1.4484     -3.6840      0.9409
      1.4484     -3.3967      0.9691
      1.4484      3.4400      0.9999
      1.4484      4.5934      0.9990
      1.4484      5.3418      0.9998
      1.4484      8.4267      0.8778
      1.4484      8.5056      0.9982
      1.4484      8.9857      0.9433
      1.4484      9.7896      0.9993
      1.4484     10.8322      0.9907
      1.4484     12.7355      0.9708
 #KPT:           37
      1.4898    -19.3784      0.9989
      1.4898     -7.4580      0.9928
      1.4898     -3.4949      0.9440
      1.4898     -3.2875      0.9719
      1.4898      3.3699      0.9999
      1.4898      4.5234      0.9990
      1.4898      5.2715      0.9999
      1.4898      8.3923      0.8755
      1.4898      8.4375      0.9983
      1.4898      8.8002      0.9418
      1.4898      9.7183      0.9994
      1.4898     11.0044      0.9914
      1.4898     12.6306      0.9708
 #KPT:           38
      1.5311    -19.4205      0.9989
      1.5311     -7.5081      0.9928
      1.5311     -3.3333      0.9475
      1.5311     -3.1964      0.9745
      1.5311      3.3127      0.9999
      1.5311      4.4661      0.9991
      1.5311      5.2140      0.9999
      1.5311      8.3655      0.8736
      1.5311      8.3817      0.9983
      1.5311      8.6384      0.9404
      1.5311      9.6596      0.9995
      1.5311     11.1503      0.9921
      1.5311     12.5485      0.9707
 #KPT:           39
      1.5725    -19.4532      0.9990
      1.5725     -7.5471      0.9929
      1.5725     -3.2036      0.9514
      1.5725     -3.1251      0.9766
      1.5725      3.2681      0.9999
      1.5725      4.4216      0.9991
      1.5725      5.1693      0.9999
      1.5725      8.3382      0.9983
      1.5725      8.3464      0.8720
      1.5725      8.5043      0.9391
      1.5725      9.6138      0.9996
      1.5725     11.2637      0.9927
      1.5725     12.4866      0.9705
 #KPT:           40
      1.6139    -19.4766      0.9990
      1.6139     -7.5750      0.9929
      1.6139     -3.1076      0.9565
      1.6139     -3.0737      0.9772
      1.6139      3.2363      0.9999
      1.6139      4.3898      0.9991
      1.6139      5.1373      0.9999
      1.6139      8.3072      0.9983
      1.6139      8.3330      0.8703
      1.6139      8.4057      0.9385
      1.6139      9.5810      0.9997
      1.6139     11.3479      0.9934
      1.6139     12.4438      0.9701
 #KPT:           41
      1.6553    -19.4907      0.9990
      1.6553     -7.5917      0.9930
      1.6553     -3.0500      0.9705
      1.6553     -3.0422      0.9687
      1.6553      3.2172      0.9999
      1.6553      4.3707      0.9991
      1.6553      5.1182      1.0000
      1.6553      8.2886      0.9984
      1.6553      8.3239      0.8652
      1.6553      8.3450      0.9420
      1.6553      9.5613      0.9998
      1.6553     11.3974      0.9940
      1.6553     12.4184      0.9695
 #KPT:           42
      1.6967    -19.4953      0.9991
      1.6967     -7.5966      0.9930
      1.6967     -3.0338      0.9943
      1.6967     -3.0289      0.9502
      1.6967      3.2108      0.9999
      1.6967      4.3645      0.9991
      1.6967      5.1118      1.0000
      1.6967      8.2828      0.9984
      1.6967      8.3200      0.8445
      1.6967      8.3238      0.9619
      1.6967      9.5547      0.9999
      1.6967     11.4110      0.9945
      1.6967     12.4099      0.9688
 #KPT:           43
      1.6967    -19.4953      0.9991
      1.6967     -7.5966      0.9930
      1.6967     -3.0338      0.9943
      1.6967     -3.0289      0.9502
      1.6967      3.2108      0.9999
      1.6967      4.3645      0.9991
      1.6967      5.1118      1.0000
      1.6967      8.2828      0.9984
      1.6967      8.3200      0.8445
      1.6967      8.3238      0.9619
      1.6967      9.5547      0.9999
      1.6967     11.4110      0.9945
      1.6967     12.4099      0.9688
 #KPT:           44
      1.7387    -19.4905      0.9990
      1.7387     -7.5914      0.9930
      1.7387     -3.0488      0.9441
      1.7387     -3.0445      0.9942
      1.7387      3.2174      0.9999
      1.7387      4.3709      0.9991
      1.7387      5.1184      1.0000
      1.7387      8.2888      0.9984
      1.7387      8.3230      0.8456
      1.7387      8.3439      0.9619
      1.7387      9.5615      0.9998
      1.7387     11.3954      0.9939
      1.7387     12.4185      0.9695
 #KPT:           45
      1.7806    -19.4761      0.9990
      1.7806     -7.5741      0.9929
      1.7806     -3.1089      0.9376
      1.7806     -3.0757      0.9941
      1.7806      3.2370      0.9999
      1.7806      4.3906      0.9991
      1.7806      5.1381      0.9999
      1.7806      8.3080      0.9983
      1.7806      8.3321      0.8482
      1.7806      8.4076      0.9618
      1.7806      9.5818      0.9997
      1.7806     11.3475      0.9931
      1.7806     12.4448      0.9700
 #KPT:           46
      1.8226    -19.4520      0.9990
      1.8226     -7.5455      0.9929
      1.8226     -3.2086      0.9309
      1.8226     -3.1275      0.9939
      1.8226      3.2698      0.9999
      1.8226      4.4233      0.9991
      1.8226      5.1710      0.9999
      1.8226      8.3400      0.9983
      1.8226      8.3430      0.8519
      1.8226      8.5119      0.9617
      1.8226      9.6155      0.9996
      1.8226     11.2608      0.9923
      1.8226     12.4890      0.9700
 #KPT:           47
      1.8646    -19.4183      0.9989
      1.8646     -7.5054      0.9928
      1.8646     -3.3448      0.9240
      1.8646     -3.1987      0.9935
      1.8646      3.3156      0.9999
      1.8646      4.4692      0.9990
      1.8646      5.2170      0.9999
      1.8646      8.3560      0.8566
      1.8646      8.3846      0.9983
      1.8646      8.6559      0.9616
      1.8646      9.6626      0.9995
      1.8646     11.1418      0.9914
      1.8646     12.5521      0.9696
 #KPT:           48
      1.9066    -19.3750      0.9989
      1.9066     -7.4538      0.9927
      1.9066     -3.5153      0.9172
      1.9066     -3.2866      0.9932
      1.9066      3.3746      0.9999
      1.9066      4.5281      0.9990
      1.9066      5.2762      0.9999
      1.9066      8.3666      0.8623
      1.9066      8.4421      0.9983
      1.9066      8.8373      0.9613
      1.9066      9.7228      0.9994
      1.9066     10.9941      0.9904
      1.9066     12.6355      0.9689
 #KPT:           49
      1.9486    -19.3221      0.9988
      1.9486     -7.3908      0.9926
      1.9486     -3.7175      0.9104
      1.9486     -3.3897      0.9927
      1.9486      3.4466      0.9998
      1.9486      4.6001      0.9990
      1.9486      5.3485      0.9998
      1.9486      8.3768      0.8686
      1.9486      8.5122      0.9982
      1.9486      9.0556      0.9610
      1.9486      9.7960      0.9994
      1.9486     10.8168      0.9894
      1.9486     12.7398      0.9678
 #KPT:           50
      1.9906    -19.2596      0.9987
      1.9906     -7.3164      0.9925
      1.9906     -3.9485      0.9038
      1.9906     -3.5059      0.9922
      1.9906      3.5318      0.9998
      1.9906      4.6852      0.9990
      1.9906      5.4340      0.9998
      1.9906      8.3832      0.8754
      1.9906      8.5950      0.9982
      1.9906      9.3077      0.9606
      1.9906      9.8820      0.9994
      1.9906     10.6118      0.9882
      1.9906     12.8657      0.9665
 #KPT:           51
      2.0325    -19.1876      0.9986
      2.0325     -7.2307      0.9924
      2.0325     -4.2055      0.8975
      2.0325     -3.6333      0.9917
      2.0325      3.6300      0.9997
      2.0325      4.7833      0.9990
      2.0325      5.5326      0.9997
      2.0325      8.3800      0.8824
      2.0325      8.6902      0.9981
      2.0325      9.5903      0.9601
      2.0325      9.9805      0.9994
      2.0325     10.3809      0.9871
 #KPT:           52
      2.0745    -19.1060      0.9985
      2.0745     -7.1339      0.9922
      2.0745     -4.4855      0.8916
      2.0745     -3.7696      0.9911
      2.0745      3.7413      0.9997
      2.0745      4.8944      0.9989
      2.0745      5.6444      0.9996
      2.0745      8.3708      0.8894
      2.0745      8.7977      0.9980
      2.0745      9.9025      0.9594
      2.0745     10.0915      0.9995
      2.0745     10.1277      0.9858
 #KPT:           53
      2.1165    -19.0149      0.9983
      2.1165     -7.0259      0.9920
      2.1165     -4.7850      0.8860
      2.1165     -3.9126      0.9905
      2.1165      3.8658      0.9996
      2.1165      5.0185      0.9989
      2.1165      5.7693      0.9995
      2.1165      8.3531      0.8963
      2.1165      8.9166      0.9978
      2.1165      9.8533      0.9846
      2.1165     10.2150      0.9996
      2.1165     10.2427      0.9586
 #KPT:           54
      2.1585    -18.9144      0.9982
      2.1585     -6.9069      0.9918
      2.1585     -5.1016      0.8807
      2.1585     -4.0607      0.9899
      2.1585      4.0032      0.9996
      2.1585      5.1555      0.9988
      2.1585      5.9074      0.9994
      2.1585      8.3278      0.9030
      2.1585      9.0439      0.9972
      2.1585      9.5616      0.9837
      2.1585     10.3509      0.9996
      2.1585     10.6059      0.9576
 #KPT:           55
      2.2005    -18.8044      0.9980
      2.2005     -6.7771      0.9916
      2.2005     -5.4334      0.8758
      2.2005     -4.2122      0.9893
      2.2005      4.1538      0.9995
      2.2005      5.3052      0.9988
      2.2005      6.0585      0.9993
      2.2005      8.2932      0.9092
      2.2005      9.1305      0.9898
      2.2005      9.3031      0.9903
      2.2005     10.4992      0.9997
      2.2005     10.9905      0.9563
 #KPT:           56
      2.2424    -18.6850      0.9979
      2.2424     -6.6362      0.9913
      2.2424     -5.7770      0.8713
      2.2424     -4.3654      0.9886
      2.2424      4.3174      0.9994
      2.2424      5.4676      0.9987
      2.2424      6.2226      0.9992
      2.2424      8.2550      0.9152
      2.2424      8.8812      0.9799
      2.2424      9.3789      0.9979
      2.2424     10.6600      0.9997
      2.2424     11.4007      0.9548
 #KPT:           57
      2.2844    -18.5562      0.9976
      2.2844     -6.4850      0.9910
      2.2844     -6.1306      0.8671
      2.2844     -4.5186      0.9880
      2.2844      4.4940      0.9993
      2.2844      5.6424      0.9986
      2.2844      6.3997      0.9990
      2.2844      8.2094      0.9207
      2.2844      8.5425      0.9782
      2.2844      9.5424      0.9979
      2.2844     10.8332      0.9996
      2.2844     11.8238      0.9530
 #KPT:           58
      2.3264    -18.4182      0.9974
      2.3264     -6.4922      0.8632
      2.3264     -6.3232      0.9907
      2.3264     -4.6709      0.9873
      2.3264      4.6836      0.9991
      2.3264      5.8291      0.9984
      2.3264      6.5897      0.9987
      2.3264      8.1595      0.9259
      2.3264      8.1871      0.9767
      2.3264      9.7235      0.9978
      2.3264     11.0190      0.9995
      2.3264     12.2617      0.9508
 #KPT:           59
      2.3684    -18.2709      0.9972
      2.3684     -6.8603      0.8597
      2.3684     -6.1514      0.9903
      2.3684     -4.8207      0.9866
      2.3684      4.8861      0.9990
      2.3684      6.0265      0.9982
      2.3684      6.7923      0.9983
      2.3684      7.8196      0.9753
      2.3684      8.1065      0.9308
      2.3684      9.9180      0.9976
      2.3684     11.2174      0.9994
 #KPT:           60
      2.4104    -18.1144      0.9969
      2.4104     -7.2330      0.8564
      2.4104     -5.9694      0.9899
      2.4104     -4.9675      0.9858
      2.4104      5.1016      0.9988
      2.4104      6.2316      0.9976
      2.4104      7.0071      0.9977
      2.4104      7.4505      0.9743
      2.4104      8.0519      0.9355
      2.4104     10.1252      0.9975
      2.4104     11.4282      0.9992
 #KPT:           61
      2.4524    -17.9488      0.9966
      2.4524     -7.6086      0.8533
      2.4524     -5.7781      0.9894
      2.4524     -5.1100      0.9851
      2.4524      5.3299      0.9986
      2.4524      6.4287      0.9954
      2.4524      7.0948      0.9751
      2.4524      7.2328      0.9965
      2.4524      7.9987      0.9404
      2.4524     10.3443      0.9973
      2.4524     11.6515      0.9990
 #KPT:           62
      2.4943    -17.7742      0.9963
      2.4943     -7.9864      0.8505
      2.4943     -5.5772      0.9889
      2.4943     -5.2474      0.9843
      2.4943      5.5710      0.9984
      2.4943      6.4846      0.9800
      2.4943      6.8870      0.9895
      2.4943      7.4654      0.9933
      2.4943      7.9506      0.9470
      2.4943     10.5755      0.9971
      2.4943     11.8872      0.9987
 #KPT:           63
      2.5363    -17.5906      0.9959
      2.5363     -8.3651      0.8479
      2.5363     -5.3791      0.9835
      2.5363     -5.3676      0.9883
      2.5363      5.8249      0.9980
      2.5363      6.1924      0.9697
      2.5363      7.0354      0.9975
      2.5363      7.6803      0.9785
      2.5363      7.9338      0.9646
      2.5363     10.8183      0.9968
      2.5363     12.1354      0.9983
 #KPT:           64
      2.5783    -17.3983      0.9955
      2.5783     -8.7439      0.8455
      2.5783     -5.5061      0.9827
      2.5783     -5.1498      0.9877
      2.5783      5.8125      0.9673
      2.5783      6.0912      0.9976
      2.5783      7.2802      0.9982
      2.5783      7.7576      0.9505
      2.5783      8.0688      0.9953
      2.5783     11.0720      0.9966
      2.5783     12.3957      0.9979
 #KPT:           65
      2.6203    -17.1972      0.9951
      2.6203     -9.1210      0.8433
      2.6203     -5.6247      0.9818
      2.6203     -4.9233      0.9869
      2.6203      5.4225      0.9658
      2.6203      6.3697      0.9970
      2.6203      7.5514      0.9983
      2.6203      7.7297      0.9493
      2.6203      8.3251      0.9996
      2.6203     11.3374      0.9962
      2.6203     12.6683      0.9974
 #KPT:           66
      2.6623    -16.9876      0.9946
      2.6623     -9.4963      0.8413
      2.6623     -5.7361      0.9809
      2.6623     -4.6907      0.9861
      2.6623      5.0298      0.9645
      2.6623      6.6597      0.9960
      2.6623      7.6871      0.9521
      2.6623      7.8387      0.9982
      2.6623      8.6125      0.9998
      2.6623     11.6129      0.9958
 #KPT:           67
      2.7042    -16.7697      0.9941
      2.7042     -9.8689      0.8394
      2.7042     -5.8400      0.9800
      2.7042     -4.4523      0.9852
      2.7042      4.6391      0.9634
      2.7042      6.9589      0.9939
      2.7042      7.6456      0.9560
      2.7042      8.1402      0.9981
      2.7042      8.9173      0.9996
      2.7042     11.8982      0.9953
 #KPT:           68
      2.7462    -16.5436      0.9934
      2.7462    -10.2378      0.8377
      2.7462     -5.9357      0.9790
      2.7462     -4.2093      0.9841
      2.7462      4.2535      0.9624
      2.7462      7.2570      0.9871
      2.7462      7.6195      0.9642
      2.7462      8.4548      0.9979
      2.7462      9.2368      0.9993
      2.7462     12.1926      0.9947
 #KPT:           69
      2.7882    -16.3097      0.9927
      2.7882    -10.6022      0.8361
      2.7882     -6.0232      0.9780
      2.7882     -3.9632      0.9828
      2.7882      3.8765      0.9616
      2.7882      7.4612      0.9591
      2.7882      7.7038      0.9931
      2.7882      8.7821      0.9977
      2.7882      9.5698      0.9990
      2.7882     12.4951      0.9937
 #KPT:           70
      2.8302    -16.0685      0.9919
      2.8302    -10.9614      0.8348
      2.8302     -6.1021      0.9769
      2.8302     -3.7167      0.9813
      2.8302      3.5100      0.9610
      2.8302      7.4719      0.9545
      2.8302      7.9963      0.9996
      2.8302      9.1215      0.9975
      2.8302      9.9162      0.9986
 #KPT:           71
      2.8722    -15.8204      0.9910
      2.8722    -11.3143      0.8336
      2.8722     -6.1720      0.9758
      2.8722     -3.4726      0.9796
      2.8722      3.1583      0.9607
      2.8722      7.4466      0.9563
      2.8722      8.3410      0.9988
      2.8722      9.4727      0.9972
      2.8722     10.2755      0.9982
 #KPT:           72
      2.9142    -15.5665      0.9897
      2.9142    -11.6596      0.8327
      2.9142     -6.2329      0.9746
      2.9142     -3.2344      0.9775
      2.9142      2.8263      0.9607
      2.9142      7.4195      0.9581
      2.9142      8.7044      0.9979
      2.9142      9.8355      0.9969
      2.9142     10.6477      0.9978
 #KPT:           73
      2.9561    -15.3081      0.9881
      2.9561    -11.9958      0.8322
      2.9561     -6.2846      0.9733
      2.9561     -3.0078      0.9750
      2.9561      2.5199      0.9610
      2.9561      7.3946      0.9595
      2.9561      9.0818      0.9969
      2.9561     10.2094      0.9966
      2.9561     11.0325      0.9973
 #KPT:           74
      2.9981    -15.0481      0.9856
      2.9981    -12.3201      0.8324
      2.9981     -6.3277      0.9720
      2.9981     -2.8012      0.9719
      2.9981      2.2440      0.9619
      2.9981      7.3727      0.9607
      2.9981      9.4716      0.9960
      2.9981     10.5932      0.9960
      2.9981     11.4295      0.9968
      2.9981     12.9660      0.9904
 #KPT:           75
      3.0401    -14.7915      0.9815
      3.0401    -12.6264      0.8343
      3.0401     -6.3609      0.9705
      3.0401     -2.6210      0.9683
      3.0401      2.0119      0.9633
      3.0401      7.3562      0.9617
      3.0401      9.8733      0.9949
      3.0401     10.9866      0.9952
      3.0401     11.8381      0.9962
      3.0401     12.5056      0.9925
 #KPT:           76
      3.0821    -14.5504      0.9732
      3.0821    -12.9031      0.8403
      3.0821     -6.3847      0.9690
      3.0821     -2.4796      0.9641
      3.0821      1.8331      0.9653
      3.0821      7.3445      0.9626
      3.0821     10.2859      0.9936
      3.0821     11.3874      0.9935
      3.0821     12.0416      0.9947
      3.0821     12.2664      0.9947
 #KPT:           77
      3.1241    -14.3554      0.9539
      3.1241    -13.1196      0.8577
      3.1241     -6.3990      0.9674
      3.1241     -2.3885      0.9595
      3.1241      1.7198      0.9676
      3.1241      7.3376      0.9634
      3.1241     10.7074      0.9923
      3.1241     11.5970      0.9953
      3.1241     11.7884      0.9857
      3.1241     12.6839      0.5902
      3.1241     12.6945      0.9936
 #KPT:           78
      3.1660    -14.2728      0.9145
      3.1660    -13.2093      0.8967
      3.1660     -6.4037      0.9656
      3.1660     -2.3570      0.9547
      3.1660      1.6807      0.9700
      3.1660      7.3352      0.9640
      3.1660     11.0753      0.9960
      3.1660     11.2201      0.9906
      3.1660     12.0846      0.7932
      3.1660     12.3841      0.7741
      3.1660     13.0878      0.8343
 #KPT:           79
      3.1660    -14.2728      0.9145
      3.1660    -13.2093      0.8967
      3.1660     -6.4037      0.9656
      3.1660     -2.3570      0.9547
      3.1660      1.6807      0.9700
      3.1660      7.3352      0.9640
      3.1660     11.0753      0.9960
      3.1660     11.2201      0.9906
      3.1660     12.0846      0.7932
      3.1660     12.3839      0.7743
 #KPT:           80
      3.2085    -14.2686      0.9145
      3.2085    -13.2051      0.8967
      3.2085     -6.4258      0.9656
      3.2085     -2.3510      0.9546
      3.2085      1.6797      0.9700
      3.2085      7.3654      0.9639
      3.2085     11.0811      0.9959
      3.2085     11.2263      0.9905
      3.2085     12.0835      0.7936
      3.2085     12.3907      0.7740
 #KPT:           81
      3.2509    -14.2560      0.9145
      3.2509    -13.1927      0.8967
      3.2509     -6.4924      0.9656
      3.2509     -2.3331      0.9546
      3.2509      1.6753      0.9702
      3.2509      7.4550      0.9636
      3.2509     11.0986      0.9957
      3.2509     11.2449      0.9904
      3.2509     12.0793      0.7951
      3.2509     12.4113      0.7740
 #KPT:           82
      3.2933    -14.2349      0.9145
      3.2933    -13.1720      0.8967
      3.2933     -6.6011      0.9657
      3.2933     -2.3035      0.9545
      3.2933      1.6668      0.9704
      3.2933      7.6022      0.9631
      3.2933     11.1278      0.9953
      3.2933     11.2758      0.9901
      3.2933     12.0701      0.7976
      3.2933     12.4445      0.7739
 #KPT:           83
      3.3357    -14.2054      0.9145
      3.3357    -13.1431      0.8967
      3.3357     -6.7484      0.9657
      3.3357     -2.2616      0.9544
      3.3357      1.6555      0.9707
      3.3357      7.8038      0.9625
      3.3357     11.1685      0.9948
      3.3357     11.3191      0.9898
      3.3357     12.0546      0.8015
 #KPT:           84
      3.3781    -14.1674      0.9144
      3.3781    -13.1062      0.8968
      3.3781     -6.9310      0.9657
      3.3781     -2.2070      0.9543
      3.3781      1.6389      0.9711
      3.3781      8.0554      0.9617
      3.3781     11.2205      0.9941
      3.3781     11.3746      0.9893
      3.3781     12.0283      0.8072
 #KPT:           85
      3.4205    -14.1210      0.9144
      3.4205    -13.0617      0.8969
      3.4205     -7.1446      0.9657
      3.4205     -2.1422      0.9541
      3.4205      1.6170      0.9716
      3.4205      8.3524      0.9607
      3.4205     11.2838      0.9931
      3.4205     11.4421      0.9886
      3.4205     11.9877      0.8149
 #KPT:           86
      3.4630    -14.0662      0.9144
      3.4630    -13.0095      0.8972
      3.4630     -7.3847      0.9656
      3.4630     -2.0645      0.9540
      3.4630      1.5886      0.9721
      3.4630      8.6898      0.9596
      3.4630     11.3577      0.9918
      3.4630     11.5217      0.9879
      3.4630     11.9287      0.8248
 #KPT:           87
      3.5054    -14.0030      0.9144
      3.5054    -12.9502      0.8975
      3.5054     -7.6463      0.9653
      3.5054     -1.9749      0.9538
      3.5054      1.5526      0.9728
      3.5054      9.0627      0.9583
      3.5054     11.4425      0.9902
      3.5054     11.6131      0.9869
      3.5054     11.8479      0.8368
      3.5054     12.8211      0.7693
 #KPT:           88
      3.5478    -13.9313      0.9144
      3.5478    -12.8846      0.8979
      3.5478     -7.9258      0.9648
      3.5478     -1.8739      0.9535
      3.5478      1.5070      0.9735
      3.5478      9.4639      0.9568
      3.5478     11.5375      0.9882
      3.5478     11.7160      0.9858
      3.5478     11.7440      0.8501
 #KPT:           89
      3.5902    -13.8513      0.9144
      3.5902    -12.8131      0.8986
      3.5902     -8.2186      0.9641
      3.5902     -1.7603      0.9533
      3.5902      1.4508      0.9743
      3.5902      9.8891      0.9552
      3.5902     11.6192      0.8638
      3.5902     11.6420      0.9856
      3.5902     11.8304      0.9845
 #KPT:           90
      3.6326    -13.7628      0.9143
      3.6326    -12.7371      0.8997
      3.6326     -8.5198      0.9629
      3.6326     -1.6357      0.9530
      3.6326      1.3818      0.9752
      3.6326     10.3321      0.9532
      3.6326     11.4788      0.8768
      3.6326     11.7554      0.9823
      3.6326     11.9559      0.9829
 #KPT:           91
      3.6751    -13.6660      0.9143
      3.6751    -12.6579      0.9012
      3.6751     -8.8259      0.9612
      3.6751     -1.4994      0.9526
      3.6751      1.2975      0.9761
      3.6751     10.7838      0.9507
      3.6751     11.3297      0.8884
      3.6751     11.8767      0.9782
      3.6751     12.0927      0.9812
 #KPT:           92
      3.7175    -13.5608      0.9143
      3.7175    -12.5779      0.9034
      3.7175     -9.1316      0.9587
      3.7175     -1.3517      0.9523
      3.7175      1.1987      0.9770
      3.7175     11.1810      0.8984
      3.7175     11.2363      0.9476
      3.7175     12.0044      0.9728
      3.7175     12.2414      0.9796
 #KPT:           93
      3.7599    -13.4473      0.9143
      3.7599    -12.5006      0.9066
      3.7599     -9.4315      0.9551
      3.7599     -1.1928      0.9519
      3.7599      1.0820      0.9779
      3.7599     11.0397      0.9067
      3.7599     11.6753      0.9431
      3.7599     12.1374      0.9658
      3.7599     12.4050      0.9784
 #KPT:           94
      3.8023    -13.3254      0.9142
      3.8023    -12.4312      0.9114
      3.8023     -9.7181      0.9498
      3.8023     -1.0213      0.9514
      3.8023      0.9476      0.9789
      3.8023     10.9127      0.9137
      3.8023     12.0775      0.9362
      3.8023     12.2734      0.9569
      3.8023     12.5924      0.9788
 #KPT:           95
      3.8447    -13.1953      0.9142
      3.8447    -12.3780      0.9183
      3.8447     -9.9820      0.9420
      3.8447     -0.8391      0.9510
      3.8447      0.7944      0.9797
      3.8447     10.8048      0.9195
      3.8447     12.4050      0.9280
      3.8447     12.4092      0.9453
 #KPT:           96
      3.8871    -13.0569      0.9142
      3.8871    -12.3528      0.9279
      3.8871    -10.2097      0.9312
      3.8871     -0.6460      0.9504
      3.8871      0.6223      0.9806
      3.8871     10.7196      0.9244
      3.8871     12.5418      0.9302
      3.8871     12.6349      0.9217
 #KPT:           97
      3.9296    -12.9103      0.9141
      3.9296    -12.3714      0.9401
      3.9296    -10.3846      0.9171
      3.9296     -0.4419      0.9498
      3.9296      0.4320      0.9814
      3.9296     10.6590      0.9286
      3.9296     12.6666      0.9112
      3.9296     12.7915      0.9157
 #KPT:           98
      3.9720    -12.7555      0.9141
      3.9720    -12.4476      0.9534
      3.9720    -10.4920      0.9016
      3.9720     -0.2268      0.9492
      3.9720      0.2244      0.9821
      3.9720     10.6234      0.9325
      3.9720     12.7782      0.8875
 #KPT:           99
      4.0144    -12.5925      0.9143
      4.0144    -12.5860      0.9649
      4.0144    -10.5261      0.8876
      4.0144     -0.0009      0.9485
      4.0144      0.0009      0.9828
      4.0144     10.6121      0.9362
