  PAW Fe                                 
 200
Core Pot   L  =         .00000   -.31252
  -.50000000E+01  .20443225E+01
  -.49650000E+01  .20339054E+01
  -.49300000E+01  .20235266E+01
  -.48950000E+01  .20131811E+01
  -.48600000E+01  .20028642E+01
  -.48250000E+01  .19925716E+01
  -.47900000E+01  .19822993E+01
  -.47550000E+01  .19720436E+01
  -.47200000E+01  .19618009E+01
  -.46850000E+01  .19515681E+01
  -.46500000E+01  .19413421E+01
  -.46150000E+01  .19311200E+01
  -.45800000E+01  .19208991E+01
  -.45450000E+01  .19106769E+01
  -.45100000E+01  .19004509E+01
  -.44750000E+01  .18902190E+01
  -.44400000E+01  .18799789E+01
  -.44050000E+01  .18697285E+01
  -.43700000E+01  .18594660E+01
  -.43350000E+01  .18491894E+01
  -.43000000E+01  .18388969E+01
  -.42650000E+01  .18285868E+01
  -.42300000E+01  .18182575E+01
  -.41950000E+01  .18079073E+01
  -.41600000E+01  .17975347E+01
  -.41250000E+01  .17871382E+01
  -.40900000E+01  .17767163E+01
  -.40550000E+01  .17662676E+01
  -.40200000E+01  .17557909E+01
  -.39850000E+01  .17452846E+01
  -.39500000E+01  .17347476E+01
  -.39150000E+01  .17241785E+01
  -.38800000E+01  .17135761E+01
  -.38450000E+01  .17029391E+01
  -.38100000E+01  .16922664E+01
  -.37750000E+01  .16815567E+01
  -.37400000E+01  .16708089E+01
  -.37050000E+01  .16600218E+01
  -.36700000E+01  .16491942E+01
  -.36350000E+01  .16383251E+01
  -.36000000E+01  .16274132E+01
  -.35650000E+01  .16164575E+01
  -.35300000E+01  .16054568E+01
  -.34950000E+01  .15944100E+01
  -.34600000E+01  .15833160E+01
  -.34250000E+01  .15721737E+01
  -.33900000E+01  .15609819E+01
  -.33550000E+01  .15497395E+01
  -.33200000E+01  .15384455E+01
  -.32850000E+01  .15270986E+01
  -.32500000E+01  .15156978E+01
  -.32150000E+01  .15042419E+01
  -.31800000E+01  .14927298E+01
  -.31450000E+01  .14811603E+01
  -.31100000E+01  .14695323E+01
  -.30750000E+01  .14578445E+01
  -.30400000E+01  .14460959E+01
  -.30050000E+01  .14342852E+01
  -.29700000E+01  .14224111E+01
  -.29350000E+01  .14104726E+01
  -.29000000E+01  .13984683E+01
  -.28650000E+01  .13863970E+01
  -.28300000E+01  .13742574E+01
  -.27950000E+01  .13620482E+01
  -.27600000E+01  .13497681E+01
  -.27250000E+01  .13374159E+01
  -.26900000E+01  .13249900E+01
  -.26550000E+01  .13124892E+01
  -.26200000E+01  .12999121E+01
  -.25850000E+01  .12872573E+01
  -.25500000E+01  .12745232E+01
  -.25150000E+01  .12617085E+01
  -.24800000E+01  .12488116E+01
  -.24450000E+01  .12358310E+01
  -.24100000E+01  .12227651E+01
  -.23750000E+01  .12096124E+01
  -.23400000E+01  .11963713E+01
  -.23050000E+01  .11830400E+01
  -.22700000E+01  .11696169E+01
  -.22350000E+01  .11561002E+01
  -.22000000E+01  .11424883E+01
  -.21650000E+01  .11287793E+01
  -.21300000E+01  .11149713E+01
  -.20950000E+01  .11010626E+01
  -.20600000E+01  .10870510E+01
  -.20250000E+01  .10729348E+01
  -.19900000E+01  .10587118E+01
  -.19550000E+01  .10443800E+01
  -.19200000E+01  .10299373E+01
  -.18850000E+01  .10153815E+01
  -.18500000E+01  .10007104E+01
  -.18150000E+01  .98592168E+00
  -.17800000E+01  .97101307E+00
  -.17450000E+01  .95598215E+00
  -.17100000E+01  .94082646E+00
  -.16750000E+01  .92554348E+00
  -.16400000E+01  .91013063E+00
  -.16050000E+01  .89458525E+00
  -.15700000E+01  .87890462E+00
  -.15350000E+01  .86308593E+00
  -.15000000E+01  .84712630E+00
  -.14650000E+01  .83102278E+00
  -.14300000E+01  .81477233E+00
  -.13950000E+01  .79837182E+00
  -.13600000E+01  .78181804E+00
  -.13250000E+01  .76510767E+00
  -.12900000E+01  .74823731E+00
  -.12550000E+01  .73120346E+00
  -.12200000E+01  .71400250E+00
  -.11850000E+01  .69663072E+00
  -.11500000E+01  .67908430E+00
  -.11150000E+01  .66135927E+00
  -.10800000E+01  .64345159E+00
  -.10450000E+01  .62535704E+00
  -.10100000E+01  .60707131E+00
  -.97500000E+00  .58858994E+00
  -.94000000E+00  .56990831E+00
  -.90500000E+00  .55102168E+00
  -.87000000E+00  .53192513E+00
  -.83500000E+00  .51261359E+00
  -.80000000E+00  .49308184E+00
  -.76500000E+00  .47332444E+00
  -.73000000E+00  .45333582E+00
  -.69500000E+00  .43311016E+00
  -.66000000E+00  .41264150E+00
  -.62500000E+00  .39192363E+00
  -.59000000E+00  .37095015E+00
  -.55500000E+00  .34971441E+00
  -.52000000E+00  .32820953E+00
  -.48500000E+00  .30642838E+00
  -.45000000E+00  .28436359E+00
  -.41500000E+00  .26200748E+00
  -.38000000E+00  .23935212E+00
  -.34500000E+00  .21638925E+00
  -.31000000E+00  .19311033E+00
  -.27500000E+00  .16950646E+00
  -.24000000E+00  .14556842E+00
  -.20500000E+00  .12128660E+00
  -.17000000E+00  .96651050E-01
  -.13500000E+00  .71651386E-01
  -.10000000E+00  .46276818E-01
  -.65000000E-01  .20516114E-01
  -.30000000E-01 -.56424199E-02
   .50000000E-02 -.32210970E-01
   .40000000E-01 -.59202234E-01
   .75000000E-01 -.86629454E-01
   .11000000E+00 -.11450644E+00
   .14500000E+00 -.14284762E+00
   .18000000E+00 -.17166803E+00
   .21500000E+00 -.20098340E+00
   .25000000E+00 -.23081018E+00
   .28500000E+00 -.26116553E+00
   .32000000E+00 -.29206746E+00
   .35500000E+00 -.32353477E+00
   .39000000E+00 -.35558719E+00
   .42500000E+00 -.38824538E+00
   .46000000E+00 -.42153101E+00
   .49500000E+00 -.45546680E+00
   .53000000E+00 -.49007662E+00
   .56500000E+00 -.52538553E+00
   .60000000E+00 -.56141989E+00
   .63500000E+00 -.59820740E+00
   .67000000E+00 -.63577723E+00
   .70500000E+00 -.67416010E+00
   .74000000E+00 -.71338837E+00
   .77500000E+00 -.75349620E+00
   .81000000E+00 -.79451962E+00
   .84500000E+00 -.83649668E+00
   .88000000E+00 -.87946762E+00
   .91500000E+00 -.92347498E+00
   .95000000E+00 -.96856384E+00
   .98500000E+00 -.10147819E+01
   .10200000E+01 -.10621799E+01
   .10550000E+01 -.11108114E+01
   .10900000E+01 -.11607337E+01
   .11250000E+01 -.12120074E+01
   .11600000E+01 -.12646971E+01
   .11950000E+01 -.13188718E+01
   .12300000E+01 -.13746048E+01
   .12650000E+01 -.14319747E+01
   .13000000E+01 -.14910652E+01
   .13350000E+01 -.15519660E+01
   .13700000E+01 -.16147733E+01
   .14050000E+01 -.16795903E+01
   .14400000E+01 -.17465276E+01
   .14750000E+01 -.18157043E+01
   .15100000E+01 -.18872488E+01
   .15450000E+01 -.19612994E+01
   .15800000E+01 -.20380054E+01
   .16150000E+01 -.21175285E+01
   .16500000E+01 -.22000438E+01
   .16850000E+01 -.22857413E+01
   .17200000E+01 -.23748274E+01
   .17550000E+01 -.24675271E+01
   .17900000E+01 -.25640857E+01
   .18250000E+01 -.26647714E+01
   .18600000E+01 -.27698780E+01
   .18950000E+01 -.28797278E+01
   .19300000E+01 -.29946757E+01
   .19650000E+01 -.31151129E+01
   .20000000E+01 -.32414715E+01
Potential  L  =         .00000   -.31252
  -.50000000E+01  .19751299E+01
  -.49650000E+01  .19664819E+01
  -.49300000E+01  .19577999E+01
  -.48950000E+01  .19490837E+01
  -.48600000E+01  .19403329E+01
  -.48250000E+01  .19315470E+01
  -.47900000E+01  .19227258E+01
  -.47550000E+01  .19138687E+01
  -.47200000E+01  .19049755E+01
  -.46850000E+01  .18960458E+01
  -.46500000E+01  .18870790E+01
  -.46150000E+01  .18780749E+01
  -.45800000E+01  .18690329E+01
  -.45450000E+01  .18599528E+01
  -.45100000E+01  .18508339E+01
  -.44750000E+01  .18416760E+01
  -.44400000E+01  .18324785E+01
  -.44050000E+01  .18232409E+01
  -.43700000E+01  .18139629E+01
  -.43350000E+01  .18046439E+01
  -.43000000E+01  .17952835E+01
  -.42650000E+01  .17858811E+01
  -.42300000E+01  .17764363E+01
  -.41950000E+01  .17669486E+01
  -.41600000E+01  .17574174E+01
  -.41250000E+01  .17478422E+01
  -.40900000E+01  .17382225E+01
  -.40550000E+01  .17285577E+01
  -.40200000E+01  .17188472E+01
  -.39850000E+01  .17090906E+01
  -.39500000E+01  .16992871E+01
  -.39150000E+01  .16894363E+01
  -.38800000E+01  .16795375E+01
  -.38450000E+01  .16695901E+01
  -.38100000E+01  .16595935E+01
  -.37750000E+01  .16495470E+01
  -.37400000E+01  .16394500E+01
  -.37050000E+01  .16293018E+01
  -.36700000E+01  .16191018E+01
  -.36350000E+01  .16088492E+01
  -.36000000E+01  .15985434E+01
  -.35650000E+01  .15881836E+01
  -.35300000E+01  .15777691E+01
  -.34950000E+01  .15672991E+01
  -.34600000E+01  .15567729E+01
  -.34250000E+01  .15461898E+01
  -.33900000E+01  .15355488E+01
  -.33550000E+01  .15248493E+01
  -.33200000E+01  .15140903E+01
  -.32850000E+01  .15032710E+01
  -.32500000E+01  .14923905E+01
  -.32150000E+01  .14814481E+01
  -.31800000E+01  .14704426E+01
  -.31450000E+01  .14593734E+01
  -.31100000E+01  .14482393E+01
  -.30750000E+01  .14370394E+01
  -.30400000E+01  .14257728E+01
  -.30050000E+01  .14144384E+01
  -.29700000E+01  .14030352E+01
  -.29350000E+01  .13915621E+01
  -.29000000E+01  .13800181E+01
  -.28650000E+01  .13684021E+01
  -.28300000E+01  .13567128E+01
  -.27950000E+01  .13449493E+01
  -.27600000E+01  .13331102E+01
  -.27250000E+01  .13211945E+01
  -.26900000E+01  .13092007E+01
  -.26550000E+01  .12971277E+01
  -.26200000E+01  .12849742E+01
  -.25850000E+01  .12727388E+01
  -.25500000E+01  .12604202E+01
  -.25150000E+01  .12480169E+01
  -.24800000E+01  .12355276E+01
  -.24450000E+01  .12229507E+01
  -.24100000E+01  .12102848E+01
  -.23750000E+01  .11975282E+01
  -.23400000E+01  .11846795E+01
  -.23050000E+01  .11717370E+01
  -.22700000E+01  .11586991E+01
  -.22350000E+01  .11455639E+01
  -.22000000E+01  .11323298E+01
  -.21650000E+01  .11189949E+01
  -.21300000E+01  .11055575E+01
  -.20950000E+01  .10920156E+01
  -.20600000E+01  .10783671E+01
  -.20250000E+01  .10646103E+01
  -.19900000E+01  .10507429E+01
  -.19550000E+01  .10367629E+01
  -.19200000E+01  .10226680E+01
  -.18850000E+01  .10084561E+01
  -.18500000E+01  .99412475E+00
  -.18150000E+01  .97967171E+00
  -.17800000E+01  .96509447E+00
  -.17450000E+01  .95039054E+00
  -.17100000E+01  .93555733E+00
  -.16750000E+01  .92059217E+00
  -.16400000E+01  .90549233E+00
  -.16050000E+01  .89025498E+00
  -.15700000E+01  .87487721E+00
  -.15350000E+01  .85935601E+00
  -.15000000E+01  .84368831E+00
  -.14650000E+01  .82787090E+00
  -.14300000E+01  .81190050E+00
  -.13950000E+01  .79577371E+00
  -.13600000E+01  .77948703E+00
  -.13250000E+01  .76303685E+00
  -.12900000E+01  .74641943E+00
  -.12550000E+01  .72963092E+00
  -.12200000E+01  .71266733E+00
  -.11850000E+01  .69552454E+00
  -.11500000E+01  .67819830E+00
  -.11150000E+01  .66068420E+00
  -.10800000E+01  .64297769E+00
  -.10450000E+01  .62507406E+00
  -.10100000E+01  .60696842E+00
  -.97500000E+00  .58865574E+00
  -.94000000E+00  .57013078E+00
  -.90500000E+00  .55138812E+00
  -.87000000E+00  .53242214E+00
  -.83500000E+00  .51322702E+00
  -.80000000E+00  .49379672E+00
  -.76500000E+00  .47412497E+00
  -.73000000E+00  .45420527E+00
  -.69500000E+00  .43403087E+00
  -.66000000E+00  .41359474E+00
  -.62500000E+00  .39288961E+00
  -.59000000E+00  .37190788E+00
  -.55500000E+00  .35064168E+00
  -.52000000E+00  .32908281E+00
  -.48500000E+00  .30722274E+00
  -.45000000E+00  .28505258E+00
  -.41500000E+00  .26256308E+00
  -.38000000E+00  .23974459E+00
  -.34500000E+00  .21658706E+00
  -.31000000E+00  .19307999E+00
  -.27500000E+00  .16921243E+00
  -.24000000E+00  .14497296E+00
  -.20500000E+00  .12034963E+00
  -.17000000E+00  .95329953E-01
  -.13500000E+00  .69900891E-01
  -.10000000E+00  .44048792E-01
  -.65000000E-01  .17759347E-01
  -.30000000E-01 -.89824078E-02
   .50000000E-02 -.36192162E-01
   .40000000E-01 -.63886366E-01
   .75000000E-01 -.92082281E-01
   .11000000E+00 -.12079803E+00
   .14500000E+00 -.15005265E+00
   .18000000E+00 -.17986614E+00
   .21500000E+00 -.21025956E+00
   .25000000E+00 -.24125506E+00
   .28500000E+00 -.27287596E+00
   .32000000E+00 -.30514687E+00
   .35500000E+00 -.33809372E+00
   .39000000E+00 -.37174390E+00
   .42500000E+00 -.40612632E+00
   .46000000E+00 -.44127155E+00
   .49500000E+00 -.47721196E+00
   .53000000E+00 -.51398180E+00
   .56500000E+00 -.55161736E+00
   .60000000E+00 -.59015716E+00
   .63500000E+00 -.62964208E+00
   .67000000E+00 -.67011556E+00
   .70500000E+00 -.71162382E+00
   .74000000E+00 -.75421605E+00
   .77500000E+00 -.79794470E+00
   .81000000E+00 -.84286572E+00
   .84500000E+00 -.88903886E+00
   .88000000E+00 -.93652803E+00
   .91500000E+00 -.98540163E+00
   .95000000E+00 -.10357330E+01
   .98500000E+00 -.10876007E+01
   .10200000E+01 -.11410895E+01
   .10550000E+01 -.11962902E+01
   .10900000E+01 -.12533008E+01
   .11250000E+01 -.13122271E+01
   .11600000E+01 -.13731834E+01
   .11950000E+01 -.14362933E+01
   .12300000E+01 -.15016909E+01
   .12650000E+01 -.15695217E+01
   .13000000E+01 -.16399442E+01
   .13350000E+01 -.17131307E+01
   .13700000E+01 -.17892698E+01
   .14050000E+01 -.18685674E+01
   .14400000E+01 -.19512494E+01
   .14750000E+01 -.20375640E+01
   .15100000E+01 -.21277844E+01
   .15450000E+01 -.22222123E+01
   .15800000E+01 -.23211813E+01
   .16150000E+01 -.24250617E+01
   .16500000E+01 -.25342654E+01
   .16850000E+01 -.26492519E+01
   .17200000E+01 -.27705357E+01
   .17550000E+01 -.28986945E+01
   .17900000E+01 -.30343790E+01
   .18250000E+01 -.31783255E+01
   .18600000E+01 -.33313700E+01
   .18950000E+01 -.34944654E+01
   .19300000E+01 -.36687035E+01
   .19650000E+01 -.38553403E+01
   .20000000E+01 -.40558290E+01
Core Pot   L  =        1.00000  -4.08434
  -.50000000E+01  .18913663E+01
  -.49650000E+01  .18748632E+01
  -.49300000E+01  .18576760E+01
  -.48950000E+01  .18397250E+01
  -.48600000E+01  .18209173E+01
  -.48250000E+01  .18011437E+01
  -.47900000E+01  .17802751E+01
  -.47550000E+01  .17581574E+01
  -.47200000E+01  .17346058E+01
  -.46850000E+01  .17093961E+01
  -.46500000E+01  .16822540E+01
  -.46150000E+01  .16528399E+01
  -.45800000E+01  .16207289E+01
  -.45450000E+01  .15853810E+01
  -.45100000E+01  .15461006E+01
  -.44750000E+01  .15019753E+01
  -.44400000E+01  .14517844E+01
  -.44050000E+01  .13938566E+01
  -.43700000E+01  .13258412E+01
  -.43350000E+01  .12443232E+01
  -.43000000E+01  .11441444E+01
  -.42650000E+01  .10171284E+01
  -.42300000E+01  .84949406E+00
  -.41950000E+01  .61606041E+00
  -.41600000E+01  .26538469E+00
  -.41250000E+01 -.32654833E+00
  -.40900000E+01 -.15540352E+01
  -.40550000E+01 -.56994117E+01
  -.40200000E+01  .40403542E+02
  -.39850000E+01  .73204841E+01
  -.39500000E+01  .47959223E+01
  -.39150000E+01  .38611771E+01
  -.38800000E+01  .33709990E+01
  -.38450000E+01  .30671301E+01
  -.38100000E+01  .28588858E+01
  -.37750000E+01  .27062101E+01
  -.37400000E+01  .25886711E+01
  -.37050000E+01  .24947543E+01
  -.36700000E+01  .24174762E+01
  -.36350000E+01  .23523554E+01
  -.36000000E+01  .22963836E+01
  -.35650000E+01  .22474667E+01
  -.35300000E+01  .22041017E+01
  -.34950000E+01  .21651819E+01
  -.34600000E+01  .21298744E+01
  -.34250000E+01  .20975403E+01
  -.33900000E+01  .20676812E+01
  -.33550000E+01  .20399027E+01
  -.33200000E+01  .20138886E+01
  -.32850000E+01  .19893821E+01
  -.32500000E+01  .19661730E+01
  -.32150000E+01  .19440870E+01
  -.31800000E+01  .19229787E+01
  -.31450000E+01  .19027258E+01
  -.31100000E+01  .18832243E+01
  -.30750000E+01  .18643859E+01
  -.30400000E+01  .18461343E+01
  -.30050000E+01  .18284038E+01
  -.29700000E+01  .18111374E+01
  -.29350000E+01  .17942851E+01
  -.29000000E+01  .17778033E+01
  -.28650000E+01  .17616533E+01
  -.28300000E+01  .17458011E+01
  -.27950000E+01  .17302164E+01
  -.27600000E+01  .17148721E+01
  -.27250000E+01  .16997440E+01
  -.26900000E+01  .16848103E+01
  -.26550000E+01  .16700515E+01
  -.26200000E+01  .16554498E+01
  -.25850000E+01  .16409891E+01
  -.25500000E+01  .16266548E+01
  -.25150000E+01  .16124334E+01
  -.24800000E+01  .15983128E+01
  -.24450000E+01  .15842818E+01
  -.24100000E+01  .15703299E+01
  -.23750000E+01  .15564477E+01
  -.23400000E+01  .15426263E+01
  -.23050000E+01  .15288576E+01
  -.22700000E+01  .15151338E+01
  -.22350000E+01  .15014480E+01
  -.22000000E+01  .14877934E+01
  -.21650000E+01  .14741639E+01
  -.21300000E+01  .14605536E+01
  -.20950000E+01  .14469570E+01
  -.20600000E+01  .14333689E+01
  -.20250000E+01  .14197844E+01
  -.19900000E+01  .14061988E+01
  -.19550000E+01  .13926077E+01
  -.19200000E+01  .13790069E+01
  -.18850000E+01  .13653923E+01
  -.18500000E+01  .13517601E+01
  -.18150000E+01  .13381064E+01
  -.17800000E+01  .13244279E+01
  -.17450000E+01  .13107210E+01
  -.17100000E+01  .12969825E+01
  -.16750000E+01  .12832090E+01
  -.16400000E+01  .12693975E+01
  -.16050000E+01  .12555448E+01
  -.15700000E+01  .12416482E+01
  -.15350000E+01  .12277046E+01
  -.15000000E+01  .12137112E+01
  -.14650000E+01  .11996653E+01
  -.14300000E+01  .11855641E+01
  -.13950000E+01  .11714049E+01
  -.13600000E+01  .11571850E+01
  -.13250000E+01  .11429018E+01
  -.12900000E+01  .11285528E+01
  -.12550000E+01  .11141353E+01
  -.12200000E+01  .10996467E+01
  -.11850000E+01  .10850846E+01
  -.11500000E+01  .10704463E+01
  -.11150000E+01  .10557293E+01
  -.10800000E+01  .10409311E+01
  -.10450000E+01  .10260491E+01
  -.10100000E+01  .10110807E+01
  -.97500000E+00  .99602345E+00
  -.94000000E+00  .98087467E+00
  -.90500000E+00  .96563178E+00
  -.87000000E+00  .95029217E+00
  -.83500000E+00  .93485318E+00
  -.80000000E+00  .91931214E+00
  -.76500000E+00  .90366634E+00
  -.73000000E+00  .88791304E+00
  -.69500000E+00  .87204947E+00
  -.66000000E+00  .85607281E+00
  -.62500000E+00  .83998021E+00
  -.59000000E+00  .82376875E+00
  -.55500000E+00  .80743548E+00
  -.52000000E+00  .79097741E+00
  -.48500000E+00  .77439145E+00
  -.45000000E+00  .75767451E+00
  -.41500000E+00  .74082338E+00
  -.38000000E+00  .72383483E+00
  -.34500000E+00  .70670553E+00
  -.31000000E+00  .68943210E+00
  -.27500000E+00  .67201107E+00
  -.24000000E+00  .65443889E+00
  -.20500000E+00  .63671193E+00
  -.17000000E+00  .61882647E+00
  -.13500000E+00  .60077870E+00
  -.10000000E+00  .58256472E+00
  -.65000000E-01  .56418052E+00
  -.30000000E-01  .54562198E+00
   .50000000E-02  .52688487E+00
   .40000000E-01  .50796487E+00
   .75000000E-01  .48885751E+00
   .11000000E+00  .46955820E+00
   .14500000E+00  .45006224E+00
   .18000000E+00  .43036476E+00
   .21500000E+00  .41046076E+00
   .25000000E+00  .39034511E+00
   .28500000E+00  .37001250E+00
   .32000000E+00  .34945747E+00
   .35500000E+00  .32867437E+00
   .39000000E+00  .30765739E+00
   .42500000E+00  .28640054E+00
   .46000000E+00  .26489761E+00
   .49500000E+00  .24314221E+00
   .53000000E+00  .22112773E+00
   .56500000E+00  .19884733E+00
   .60000000E+00  .17629394E+00
   .63500000E+00  .15346026E+00
   .67000000E+00  .13033872E+00
   .70500000E+00  .10692149E+00
   .74000000E+00  .83200456E-01
   .77500000E+00  .59167214E-01
   .81000000E+00  .34813055E-01
   .84500000E+00  .10128946E-01
   .88000000E+00 -.14894483E-01
   .91500000E+00 -.40266955E-01
   .95000000E+00 -.65998566E-01
   .98500000E+00 -.92099803E-01
   .10200000E+01 -.11858156E+00
   .10550000E+01 -.14545516E+00
   .10900000E+01 -.17273238E+00
   .11250000E+01 -.20042548E+00
   .11600000E+01 -.22854722E+00
   .11950000E+01 -.25711087E+00
   .12300000E+01 -.28613028E+00
   .12650000E+01 -.31561987E+00
   .13000000E+01 -.34559469E+00
   .13350000E+01 -.37607044E+00
   .13700000E+01 -.40706349E+00
   .14050000E+01 -.43859096E+00
   .14400000E+01 -.47067072E+00
   .14750000E+01 -.50332148E+00
   .15100000E+01 -.53656278E+00
   .15450000E+01 -.57041508E+00
   .15800000E+01 -.60489983E+00
   .16150000E+01 -.64003945E+00
   .16500000E+01 -.67585751E+00
   .16850000E+01 -.71237867E+00
   .17200000E+01 -.74962887E+00
   .17550000E+01 -.78763532E+00
   .17900000E+01 -.82642661E+00
   .18250000E+01 -.86603284E+00
   .18600000E+01 -.90648564E+00
   .18950000E+01 -.94781836E+00
   .19300000E+01 -.99006611E+00
   .19650000E+01 -.10332659E+01
   .20000000E+01 -.10774569E+01
Potential  L  =        1.00000  -4.08434
  -.50000000E+01  .14205549E+01
  -.49650000E+01  .13883265E+01
  -.49300000E+01  .13544776E+01
  -.48950000E+01  .13188469E+01
  -.48600000E+01  .12812507E+01
  -.48250000E+01  .12414788E+01
  -.47900000E+01  .11992896E+01
  -.47550000E+01  .11544040E+01
  -.47200000E+01  .11064976E+01
  -.46850000E+01  .10551916E+01
  -.46500000E+01  .10000404E+01
  -.46150000E+01  .94051660E+00
  -.45800000E+01  .87599079E+00
  -.45450000E+01  .80570621E+00
  -.45100000E+01  .72874465E+00
  -.44750000E+01  .64398022E+00
  -.44400000E+01  .55001845E+00
  -.44050000E+01  .44511019E+00
  -.43700000E+01  .32703133E+00
  -.43350000E+01  .19290970E+00
  -.43000000E+01  .38970602E-01
  -.42650000E+01 -.13984719E+00
  -.42300000E+01 -.35049245E+00
  -.41950000E+01 -.60277038E+00
  -.41600000E+01 -.91097908E+00
  -.41250000E+01 -.12968159E+01
  -.40900000E+01 -.17948751E+01
  -.40550000E+01 -.24639032E+01
  -.40200000E+01 -.34123334E+01
  -.39850000E+01 -.48649014E+01
  -.39500000E+01 -.73757054E+01
  -.39150000E+01 -.12780485E+02
  -.38800000E+01 -.32982950E+02
  -.38450000E+01  .96033324E+02
  -.38100000E+01  .21966604E+02
  -.37750000E+01  .13130257E+02
  -.37400000E+01  .96919811E+01
  -.37050000E+01  .78597843E+01
  -.36700000E+01  .67194856E+01
  -.36350000E+01  .59400513E+01
  -.36000000E+01  .53725678E+01
  -.35650000E+01  .49401449E+01
  -.35300000E+01  .45990604E+01
  -.34950000E+01  .43226270E+01
  -.34600000E+01  .40936257E+01
  -.34250000E+01  .39004507E+01
  -.33900000E+01  .37349945E+01
  -.33550000E+01  .35914218E+01
  -.33200000E+01  .34654259E+01
  -.32850000E+01  .33537586E+01
  -.32500000E+01  .32539239E+01
  -.32150000E+01  .31639723E+01
  -.31800000E+01  .30823587E+01
  -.31450000E+01  .30078429E+01
  -.31100000E+01  .29394178E+01
  -.30750000E+01  .28762571E+01
  -.30400000E+01  .28176764E+01
  -.30050000E+01  .27631042E+01
  -.29700000E+01  .27120591E+01
  -.29350000E+01  .26641331E+01
  -.29000000E+01  .26189780E+01
  -.28650000E+01  .25762946E+01
  -.28300000E+01  .25358247E+01
  -.27950000E+01  .24973441E+01
  -.27600000E+01  .24606572E+01
  -.27250000E+01  .24255924E+01
  -.26900000E+01  .23919990E+01
  -.26550000E+01  .23597435E+01
  -.26200000E+01  .23287076E+01
  -.25850000E+01  .22987861E+01
  -.25500000E+01  .22698847E+01
  -.25150000E+01  .22419192E+01
  -.24800000E+01  .22148138E+01
  -.24450000E+01  .21885001E+01
  -.24100000E+01  .21629162E+01
  -.23750000E+01  .21380063E+01
  -.23400000E+01  .21137193E+01
  -.23050000E+01  .20900088E+01
  -.22700000E+01  .20668327E+01
  -.22350000E+01  .20441519E+01
  -.22000000E+01  .20219311E+01
  -.21650000E+01  .20001375E+01
  -.21300000E+01  .19787411E+01
  -.20950000E+01  .19577140E+01
  -.20600000E+01  .19370307E+01
  -.20250000E+01  .19166672E+01
  -.19900000E+01  .18966016E+01
  -.19550000E+01  .18768133E+01
  -.19200000E+01  .18572833E+01
  -.18850000E+01  .18379936E+01
  -.18500000E+01  .18189278E+01
  -.18150000E+01  .18000701E+01
  -.17800000E+01  .17814060E+01
  -.17450000E+01  .17629218E+01
  -.17100000E+01  .17446046E+01
  -.16750000E+01  .17264422E+01
  -.16400000E+01  .17084232E+01
  -.16050000E+01  .16905369E+01
  -.15700000E+01  .16727728E+01
  -.15350000E+01  .16551215E+01
  -.15000000E+01  .16375736E+01
  -.14650000E+01  .16201205E+01
  -.14300000E+01  .16027538E+01
  -.13950000E+01  .15854655E+01
  -.13600000E+01  .15682482E+01
  -.13250000E+01  .15510945E+01
  -.12900000E+01  .15339976E+01
  -.12550000E+01  .15169508E+01
  -.12200000E+01  .14999477E+01
  -.11850000E+01  .14829822E+01
  -.11500000E+01  .14660484E+01
  -.11150000E+01  .14491406E+01
  -.10800000E+01  .14322532E+01
  -.10450000E+01  .14153809E+01
  -.10100000E+01  .13985187E+01
  -.97500000E+00  .13816613E+01
  -.94000000E+00  .13648041E+01
  -.90500000E+00  .13479422E+01
  -.87000000E+00  .13310709E+01
  -.83500000E+00  .13141858E+01
  -.80000000E+00  .12972825E+01
  -.76500000E+00  .12803566E+01
  -.73000000E+00  .12634038E+01
  -.69500000E+00  .12464200E+01
  -.66000000E+00  .12294011E+01
  -.62500000E+00  .12123430E+01
  -.59000000E+00  .11952416E+01
  -.55500000E+00  .11780931E+01
  -.52000000E+00  .11608935E+01
  -.48500000E+00  .11436390E+01
  -.45000000E+00  .11263256E+01
  -.41500000E+00  .11089495E+01
  -.38000000E+00  .10915070E+01
  -.34500000E+00  .10739941E+01
  -.31000000E+00  .10564071E+01
  -.27500000E+00  .10387422E+01
  -.24000000E+00  .10209956E+01
  -.20500000E+00  .10031635E+01
  -.17000000E+00  .98524193E+00
  -.13500000E+00  .96722716E+00
  -.10000000E+00  .94911529E+00
  -.65000000E-01  .93090240E+00
  -.30000000E-01  .91258457E+00
   .50000000E-02  .89415783E+00
   .40000000E-01  .87561814E+00
   .75000000E-01  .85696147E+00
   .11000000E+00  .83818368E+00
   .14500000E+00  .81928061E+00
   .18000000E+00  .80024804E+00
   .21500000E+00  .78108166E+00
   .25000000E+00  .76177712E+00
   .28500000E+00  .74232996E+00
   .32000000E+00  .72273567E+00
   .35500000E+00  .70298963E+00
   .39000000E+00  .68308715E+00
   .42500000E+00  .66302342E+00
   .46000000E+00  .64279355E+00
   .49500000E+00  .62239252E+00
   .53000000E+00  .60181522E+00
   .56500000E+00  .58105640E+00
   .60000000E+00  .56011067E+00
   .63500000E+00  .53897253E+00
   .67000000E+00  .51763634E+00
   .70500000E+00  .49609630E+00
   .74000000E+00  .47434639E+00
   .77500000E+00  .45238061E+00
   .81000000E+00  .43019260E+00
   .84500000E+00  .40777590E+00
   .88000000E+00  .38512390E+00
   .91500000E+00  .36222960E+00
   .95000000E+00  .33908602E+00
   .98500000E+00  .31568585E+00
   .10200000E+01  .29202156E+00
   .10550000E+01  .26808538E+00
   .10900000E+01  .24386930E+00
   .11250000E+01  .21936503E+00
   .11600000E+01  .19456398E+00
   .11950000E+01  .16945732E+00
   .12300000E+01  .14403584E+00
   .12650000E+01  .11829007E+00
   .13000000E+01  .92210158E-01
   .13350000E+01  .65785907E-01
   .13700000E+01  .39006741E-01
   .14050000E+01  .11861690E-01
   .14400000E+01 -.15660637E-01
   .14750000E+01 -.43572067E-01
   .15100000E+01 -.71884892E-01
   .15450000E+01 -.10061189E+00
   .15800000E+01 -.12976634E+00
   .16150000E+01 -.15936209E+00
   .16500000E+01 -.18941353E+00
   .16850000E+01 -.21993566E+00
   .17200000E+01 -.25094413E+00
   .17550000E+01 -.28245522E+00
   .17900000E+01 -.31448597E+00
   .18250000E+01 -.34705409E+00
   .18600000E+01 -.38017822E+00
   .18950000E+01 -.41387770E+00
   .19300000E+01 -.44817282E+00
   .19650000E+01 -.48308481E+00
   .20000000E+01 -.51863586E+00
Core Pot   L  =        2.00000   -.28119
  -.50000000E+01  .22720634E+01
  -.49650000E+01  .22642450E+01
  -.49300000E+01  .22563972E+01
  -.48950000E+01  .22485197E+01
  -.48600000E+01  .22406121E+01
  -.48250000E+01  .22326741E+01
  -.47900000E+01  .22247052E+01
  -.47550000E+01  .22167050E+01
  -.47200000E+01  .22086731E+01
  -.46850000E+01  .22006092E+01
  -.46500000E+01  .21925127E+01
  -.46150000E+01  .21843832E+01
  -.45800000E+01  .21762203E+01
  -.45450000E+01  .21680235E+01
  -.45100000E+01  .21597923E+01
  -.44750000E+01  .21515263E+01
  -.44400000E+01  .21432250E+01
  -.44050000E+01  .21348877E+01
  -.43700000E+01  .21265141E+01
  -.43350000E+01  .21181036E+01
  -.43000000E+01  .21096556E+01
  -.42650000E+01  .21011696E+01
  -.42300000E+01  .20926449E+01
  -.41950000E+01  .20840810E+01
  -.41600000E+01  .20754772E+01
  -.41250000E+01  .20668330E+01
  -.40900000E+01  .20581477E+01
  -.40550000E+01  .20494206E+01
  -.40200000E+01  .20406510E+01
  -.39850000E+01  .20318382E+01
  -.39500000E+01  .20229815E+01
  -.39150000E+01  .20140801E+01
  -.38800000E+01  .20051333E+01
  -.38450000E+01  .19961403E+01
  -.38100000E+01  .19871002E+01
  -.37750000E+01  .19780122E+01
  -.37400000E+01  .19688754E+01
  -.37050000E+01  .19596890E+01
  -.36700000E+01  .19504519E+01
  -.36350000E+01  .19411633E+01
  -.36000000E+01  .19318221E+01
  -.35650000E+01  .19224273E+01
  -.35300000E+01  .19129779E+01
  -.34950000E+01  .19034727E+01
  -.34600000E+01  .18939106E+01
  -.34250000E+01  .18842905E+01
  -.33900000E+01  .18746111E+01
  -.33550000E+01  .18648711E+01
  -.33200000E+01  .18550693E+01
  -.32850000E+01  .18452042E+01
  -.32500000E+01  .18352745E+01
  -.32150000E+01  .18252788E+01
  -.31800000E+01  .18152154E+01
  -.31450000E+01  .18050828E+01
  -.31100000E+01  .17948794E+01
  -.30750000E+01  .17846034E+01
  -.30400000E+01  .17742531E+01
  -.30050000E+01  .17638266E+01
  -.29700000E+01  .17533220E+01
  -.29350000E+01  .17427372E+01
  -.29000000E+01  .17320703E+01
  -.28650000E+01  .17213188E+01
  -.28300000E+01  .17104806E+01
  -.27950000E+01  .16995533E+01
  -.27600000E+01  .16885344E+01
  -.27250000E+01  .16774212E+01
  -.26900000E+01  .16662110E+01
  -.26550000E+01  .16549008E+01
  -.26200000E+01  .16434878E+01
  -.25850000E+01  .16319686E+01
  -.25500000E+01  .16203400E+01
  -.25150000E+01  .16085984E+01
  -.24800000E+01  .15967402E+01
  -.24450000E+01  .15847614E+01
  -.24100000E+01  .15726580E+01
  -.23750000E+01  .15604257E+01
  -.23400000E+01  .15480598E+01
  -.23050000E+01  .15355556E+01
  -.22700000E+01  .15229080E+01
  -.22350000E+01  .15101115E+01
  -.22000000E+01  .14971605E+01
  -.21650000E+01  .14840488E+01
  -.21300000E+01  .14707701E+01
  -.20950000E+01  .14573174E+01
  -.20600000E+01  .14436835E+01
  -.20250000E+01  .14298606E+01
  -.19900000E+01  .14158404E+01
  -.19550000E+01  .14016140E+01
  -.19200000E+01  .13871721E+01
  -.18850000E+01  .13725044E+01
  -.18500000E+01  .13576000E+01
  -.18150000E+01  .13424474E+01
  -.17800000E+01  .13270339E+01
  -.17450000E+01  .13113460E+01
  -.17100000E+01  .12953692E+01
  -.16750000E+01  .12790877E+01
  -.16400000E+01  .12624845E+01
  -.16050000E+01  .12455410E+01
  -.15700000E+01  .12282374E+01
  -.15350000E+01  .12105516E+01
  -.15000000E+01  .11924601E+01
  -.14650000E+01  .11739367E+01
  -.14300000E+01  .11549531E+01
  -.13950000E+01  .11354781E+01
  -.13600000E+01  .11154774E+01
  -.13250000E+01  .10949132E+01
  -.12900000E+01  .10737438E+01
  -.12550000E+01  .10519230E+01
  -.12200000E+01  .10293993E+01
  -.11850000E+01  .10061154E+01
  -.11500000E+01  .98200734E+00
  -.11150000E+01  .95700334E+00
  -.10800000E+01  .93102258E+00
  -.10450000E+01  .90397376E+00
  -.10100000E+01  .87575337E+00
  -.97500000E+00  .84624350E+00
  -.94000000E+00  .81530929E+00
  -.90500000E+00  .78279571E+00
  -.87000000E+00  .74852365E+00
  -.83500000E+00  .71228508E+00
  -.80000000E+00  .67383687E+00
  -.76500000E+00  .63289306E+00
  -.73000000E+00  .58911502E+00
  -.69500000E+00  .54209870E+00
  -.66000000E+00  .49135791E+00
  -.62500000E+00  .43630246E+00
  -.59000000E+00  .37620855E+00
  -.55500000E+00  .31017883E+00
  -.52000000E+00  .23708687E+00
  -.48500000E+00  .15549909E+00
  -.45000000E+00  .63562319E-01
  -.41500000E+00 -.41161921E-01
  -.38000000E+00 -.16194843E+00
  -.34500000E+00 -.30330060E+00
  -.31000000E+00 -.47158640E+00
  -.27500000E+00 -.67611502E+00
  -.24000000E+00 -.93105687E+00
  -.20500000E+00 -.12590936E+01
  -.17000000E+00 -.16989380E+01
  -.13500000E+00 -.23225376E+01
  -.10000000E+00 -.32804876E+01
  -.65000000E-01 -.49499090E+01
  -.30000000E-01 -.86170900E+01
   .50000000E-02 -.23373566E+02
   .40000000E-01  .48394396E+02
   .75000000E-01  .13092105E+02
   .11000000E+00  .79415624E+01
   .14500000E+00  .58668472E+01
   .18000000E+00  .47421516E+01
   .21500000E+00  .40337909E+01
   .25000000E+00  .35447461E+01
   .28500000E+00  .31853531E+01
   .32000000E+00  .29089472E+01
   .35500000E+00  .26888465E+01
   .39000000E+00  .25086894E+01
   .42500000E+00  .23578846E+01
   .46000000E+00  .22292733E+01
   .49500000E+00  .21178429E+01
   .53000000E+00  .20199781E+01
   .56500000E+00  .19330061E+01
   .60000000E+00  .18549080E+01
   .63500000E+00  .17841299E+01
   .67000000E+00  .17194568E+01
   .70500000E+00  .16599242E+01
   .74000000E+00  .16047573E+01
   .77500000E+00  .15533258E+01
   .81000000E+00  .15051121E+01
   .84500000E+00  .14596869E+01
   .88000000E+00  .14166911E+01
   .91500000E+00  .13758219E+01
   .95000000E+00  .13368222E+01
   .98500000E+00  .12994722E+01
   .10200000E+01  .12635826E+01
   .10550000E+01  .12289898E+01
   .10900000E+01  .11955513E+01
   .11250000E+01  .11631424E+01
   .11600000E+01  .11316536E+01
   .11950000E+01  .11009882E+01
   .12300000E+01  .10710603E+01
   .12650000E+01  .10417935E+01
   .13000000E+01  .10131194E+01
   .13350000E+01  .98497667E+00
   .13700000E+01  .95730987E+00
   .14050000E+01  .93006897E+00
   .14400000E+01  .90320851E+00
   .14750000E+01  .87668708E+00
   .15100000E+01  .85046682E+00
   .15450000E+01  .82451298E+00
   .15800000E+01  .79879360E+00
   .16150000E+01  .77327914E+00
   .16500000E+01  .74794225E+00
   .16850000E+01  .72275748E+00
   .17200000E+01  .69770111E+00
   .17550000E+01  .67275096E+00
   .17900000E+01  .64788617E+00
   .18250000E+01  .62308711E+00
   .18600000E+01  .59833525E+00
   .18950000E+01  .57361299E+00
   .19300000E+01  .54890361E+00
   .19650000E+01  .52419113E+00
   .20000000E+01  .49946028E+00
Potential  L  =        2.00000   -.28119
  -.50000000E+01  .21229134E+01
  -.49650000E+01  .21138451E+01
  -.49300000E+01  .21047308E+01
  -.48950000E+01  .20955698E+01
  -.48600000E+01  .20863614E+01
  -.48250000E+01  .20771049E+01
  -.47900000E+01  .20677996E+01
  -.47550000E+01  .20584448E+01
  -.47200000E+01  .20490397E+01
  -.46850000E+01  .20395835E+01
  -.46500000E+01  .20300756E+01
  -.46150000E+01  .20205150E+01
  -.45800000E+01  .20109010E+01
  -.45450000E+01  .20012327E+01
  -.45100000E+01  .19915093E+01
  -.44750000E+01  .19817298E+01
  -.44400000E+01  .19718935E+01
  -.44050000E+01  .19619993E+01
  -.43700000E+01  .19520463E+01
  -.43350000E+01  .19420335E+01
  -.43000000E+01  .19319600E+01
  -.42650000E+01  .19218248E+01
  -.42300000E+01  .19116267E+01
  -.41950000E+01  .19013648E+01
  -.41600000E+01  .18910379E+01
  -.41250000E+01  .18806448E+01
  -.40900000E+01  .18701846E+01
  -.40550000E+01  .18596558E+01
  -.40200000E+01  .18490575E+01
  -.39850000E+01  .18383882E+01
  -.39500000E+01  .18276467E+01
  -.39150000E+01  .18168317E+01
  -.38800000E+01  .18059418E+01
  -.38450000E+01  .17949757E+01
  -.38100000E+01  .17839318E+01
  -.37750000E+01  .17728089E+01
  -.37400000E+01  .17616052E+01
  -.37050000E+01  .17503193E+01
  -.36700000E+01  .17389496E+01
  -.36350000E+01  .17274945E+01
  -.36000000E+01  .17159522E+01
  -.35650000E+01  .17043209E+01
  -.35300000E+01  .16925990E+01
  -.34950000E+01  .16807845E+01
  -.34600000E+01  .16688756E+01
  -.34250000E+01  .16568702E+01
  -.33900000E+01  .16447665E+01
  -.33550000E+01  .16325622E+01
  -.33200000E+01  .16202552E+01
  -.32850000E+01  .16078434E+01
  -.32500000E+01  .15953244E+01
  -.32150000E+01  .15826959E+01
  -.31800000E+01  .15699554E+01
  -.31450000E+01  .15571004E+01
  -.31100000E+01  .15441284E+01
  -.30750000E+01  .15310366E+01
  -.30400000E+01  .15178223E+01
  -.30050000E+01  .15044826E+01
  -.29700000E+01  .14910146E+01
  -.29350000E+01  .14774151E+01
  -.29000000E+01  .14636810E+01
  -.28650000E+01  .14498091E+01
  -.28300000E+01  .14357959E+01
  -.27950000E+01  .14216379E+01
  -.27600000E+01  .14073314E+01
  -.27250000E+01  .13928727E+01
  -.26900000E+01  .13782579E+01
  -.26550000E+01  .13634829E+01
  -.26200000E+01  .13485435E+01
  -.25850000E+01  .13334353E+01
  -.25500000E+01  .13181537E+01
  -.25150000E+01  .13026941E+01
  -.24800000E+01  .12870515E+01
  -.24450000E+01  .12712209E+01
  -.24100000E+01  .12551969E+01
  -.23750000E+01  .12389741E+01
  -.23400000E+01  .12225467E+01
  -.23050000E+01  .12059086E+01
  -.22700000E+01  .11890538E+01
  -.22350000E+01  .11719757E+01
  -.22000000E+01  .11546676E+01
  -.21650000E+01  .11371223E+01
  -.21300000E+01  .11193326E+01
  -.20950000E+01  .11012908E+01
  -.20600000E+01  .10829888E+01
  -.20250000E+01  .10644183E+01
  -.19900000E+01  .10455704E+01
  -.19550000E+01  .10264361E+01
  -.19200000E+01  .10070057E+01
  -.18850000E+01  .98726909E+00
  -.18500000E+01  .96721582E+00
  -.18150000E+01  .94683482E+00
  -.17800000E+01  .92611449E+00
  -.17450000E+01  .90504267E+00
  -.17100000E+01  .88360657E+00
  -.16750000E+01  .86179276E+00
  -.16400000E+01  .83958712E+00
  -.16050000E+01  .81697476E+00
  -.15700000E+01  .79394003E+00
  -.15350000E+01  .77046643E+00
  -.15000000E+01  .74653654E+00
  -.14650000E+01  .72213201E+00
  -.14300000E+01  .69723342E+00
  -.13950000E+01  .67182026E+00
  -.13600000E+01  .64587084E+00
  -.13250000E+01  .61936218E+00
  -.12900000E+01  .59226994E+00
  -.12550000E+01  .56456830E+00
  -.12200000E+01  .53622985E+00
  -.11850000E+01  .50722547E+00
  -.11500000E+01  .47752420E+00
  -.11150000E+01  .44709306E+00
  -.10800000E+01  .41589691E+00
  -.10450000E+01  .38389828E+00
  -.10100000E+01  .35105715E+00
  -.97500000E+00  .31733072E+00
  -.94000000E+00  .28267320E+00
  -.90500000E+00  .24703550E+00
  -.87000000E+00  .21036498E+00
  -.83500000E+00  .17260505E+00
  -.80000000E+00  .13369487E+00
  -.76500000E+00  .93568879E-01
  -.73000000E+00  .52156377E-01
  -.69500000E+00  .93809690E-02
  -.66000000E+00 -.34839998E-01
  -.62500000E+00 -.80596098E-01
  -.59000000E+00 -.12798456E+00
  -.55500000E+00 -.17711112E+00
  -.52000000E+00 -.22809096E+00
  -.48500000E+00 -.28104978E+00
  -.45000000E+00 -.33612505E+00
  -.41500000E+00 -.39346743E+00
  -.38000000E+00 -.45324234E+00
  -.34500000E+00 -.51563189E+00
  -.31000000E+00 -.58083697E+00
  -.27500000E+00 -.64907977E+00
  -.24000000E+00 -.72060671E+00
  -.20500000E+00 -.79569179E+00
  -.17000000E+00 -.87464057E+00
  -.13500000E+00 -.95779489E+00
  -.10000000E+00 -.10455384E+01
  -.65000000E-01 -.11383031E+01
  -.30000000E-01 -.12365773E+01
   .50000000E-02 -.13409151E+01
   .40000000E-01 -.14519477E+01
   .75000000E-01 -.15703977E+01
   .11000000E+00 -.16970958E+01
   .14500000E+00 -.18330019E+01
   .18000000E+00 -.19792315E+01
   .21500000E+00 -.21370885E+01
   .25000000E+00 -.23081064E+01
   .28500000E+00 -.24941018E+01
   .32000000E+00 -.26972420E+01
   .35500000E+00 -.29201350E+01
   .39000000E+00 -.31659465E+01
   .42500000E+00 -.34385583E+01
   .46000000E+00 -.37427823E+01
   .49500000E+00 -.40846570E+01
   .53000000E+00 -.44718653E+01
   .56500000E+00 -.49143347E+01
   .60000000E+00 -.54251219E+01
   .63500000E+00 -.60217512E+01
   .67000000E+00 -.67283038E+01
   .70500000E+00 -.75788020E+01
   .74000000E+00 -.86229281E+01
   .77500000E+00 -.99362067E+01
   .81000000E+00 -.11639320E+02
   .84500000E+00 -.13937786E+02
   .88000000E+00 -.17212410E+02
   .91500000E+00 -.22256793E+02
   .95000000E+00 -.31044625E+02
   .98500000E+00 -.50221129E+02
   .10200000E+01 -.12495611E+03
   .10550000E+01  .28236424E+03
   .10900000E+01  .67819914E+02
   .11250000E+01  .39017541E+02
   .11600000E+01  .27612329E+02
   .11950000E+01  .21494936E+02
   .12300000E+01  .17677889E+02
   .12650000E+01  .15067506E+02
   .13000000E+01  .13168562E+02
   .13350000E+01  .11724207E+02
   .13700000E+01  .10587942E+02
   .14050000E+01  .96701092E+01
   .14400000E+01  .89127572E+01
   .14750000E+01  .82767660E+01
   .15100000E+01  .77347718E+01
   .15450000E+01  .72670598E+01
   .15800000E+01  .68590656E+01
   .16150000E+01  .64997967E+01
   .16500000E+01  .61808008E+01
   .16850000E+01  .58954717E+01
   .17200000E+01  .56385717E+01
   .17550000E+01  .54058947E+01
   .17900000E+01  .51940237E+01
   .18250000E+01  .50001545E+01
   .18600000E+01  .48219640E+01
   .18950000E+01  .46575111E+01
   .19300000E+01  .45051616E+01
   .19650000E+01  .43635294E+01
   .20000000E+01  .42314317E+01
Core Pot   L  =        3.00000    .00000
  -.50000000E+01  .25888353E+01
  -.49650000E+01  .25822364E+01
  -.49300000E+01  .25756220E+01
  -.48950000E+01  .25689919E+01
  -.48600000E+01  .25623460E+01
  -.48250000E+01  .25556842E+01
  -.47900000E+01  .25490063E+01
  -.47550000E+01  .25423124E+01
  -.47200000E+01  .25356023E+01
  -.46850000E+01  .25288758E+01
  -.46500000E+01  .25221329E+01
  -.46150000E+01  .25153734E+01
  -.45800000E+01  .25085972E+01
  -.45450000E+01  .25018043E+01
  -.45100000E+01  .24949944E+01
  -.44750000E+01  .24881675E+01
  -.44400000E+01  .24813235E+01
  -.44050000E+01  .24744622E+01
  -.43700000E+01  .24675835E+01
  -.43350000E+01  .24606873E+01
  -.43000000E+01  .24537734E+01
  -.42650000E+01  .24468418E+01
  -.42300000E+01  .24398923E+01
  -.41950000E+01  .24329248E+01
  -.41600000E+01  .24259391E+01
  -.41250000E+01  .24189351E+01
  -.40900000E+01  .24119127E+01
  -.40550000E+01  .24048717E+01
  -.40200000E+01  .23978121E+01
  -.39850000E+01  .23907336E+01
  -.39500000E+01  .23836361E+01
  -.39150000E+01  .23765195E+01
  -.38800000E+01  .23693837E+01
  -.38450000E+01  .23622284E+01
  -.38100000E+01  .23550536E+01
  -.37750000E+01  .23478591E+01
  -.37400000E+01  .23406447E+01
  -.37050000E+01  .23334103E+01
  -.36700000E+01  .23261557E+01
  -.36350000E+01  .23188808E+01
  -.36000000E+01  .23115855E+01
  -.35650000E+01  .23042695E+01
  -.35300000E+01  .22969327E+01
  -.34950000E+01  .22895749E+01
  -.34600000E+01  .22821960E+01
  -.34250000E+01  .22747958E+01
  -.33900000E+01  .22673741E+01
  -.33550000E+01  .22599308E+01
  -.33200000E+01  .22524656E+01
  -.32850000E+01  .22449785E+01
  -.32500000E+01  .22374691E+01
  -.32150000E+01  .22299374E+01
  -.31800000E+01  .22223832E+01
  -.31450000E+01  .22148062E+01
  -.31100000E+01  .22072064E+01
  -.30750000E+01  .21995834E+01
  -.30400000E+01  .21919371E+01
  -.30050000E+01  .21842672E+01
  -.29700000E+01  .21765737E+01
  -.29350000E+01  .21688563E+01
  -.29000000E+01  .21611148E+01
  -.28650000E+01  .21533490E+01
  -.28300000E+01  .21455586E+01
  -.27950000E+01  .21377435E+01
  -.27600000E+01  .21299034E+01
  -.27250000E+01  .21220382E+01
  -.26900000E+01  .21141476E+01
  -.26550000E+01  .21062314E+01
  -.26200000E+01  .20982893E+01
  -.25850000E+01  .20903211E+01
  -.25500000E+01  .20823266E+01
  -.25150000E+01  .20743056E+01
  -.24800000E+01  .20662578E+01
  -.24450000E+01  .20581830E+01
  -.24100000E+01  .20500808E+01
  -.23750000E+01  .20419512E+01
  -.23400000E+01  .20337937E+01
  -.23050000E+01  .20256082E+01
  -.22700000E+01  .20173944E+01
  -.22350000E+01  .20091521E+01
  -.22000000E+01  .20008809E+01
  -.21650000E+01  .19925805E+01
  -.21300000E+01  .19842508E+01
  -.20950000E+01  .19758914E+01
  -.20600000E+01  .19675021E+01
  -.20250000E+01  .19590824E+01
  -.19900000E+01  .19506323E+01
  -.19550000E+01  .19421513E+01
  -.19200000E+01  .19336391E+01
  -.18850000E+01  .19250955E+01
  -.18500000E+01  .19165201E+01
  -.18150000E+01  .19079127E+01
  -.17800000E+01  .18992728E+01
  -.17450000E+01  .18906002E+01
  -.17100000E+01  .18818945E+01
  -.16750000E+01  .18731554E+01
  -.16400000E+01  .18643826E+01
  -.16050000E+01  .18555757E+01
  -.15700000E+01  .18467343E+01
  -.15350000E+01  .18378581E+01
  -.15000000E+01  .18289467E+01
  -.14650000E+01  .18199997E+01
  -.14300000E+01  .18110169E+01
  -.13950000E+01  .18019977E+01
  -.13600000E+01  .17929418E+01
  -.13250000E+01  .17838489E+01
  -.12900000E+01  .17747184E+01
  -.12550000E+01  .17655500E+01
  -.12200000E+01  .17563433E+01
  -.11850000E+01  .17470979E+01
  -.11500000E+01  .17378133E+01
  -.11150000E+01  .17284890E+01
  -.10800000E+01  .17191247E+01
  -.10450000E+01  .17097199E+01
  -.10100000E+01  .17002742E+01
  -.97500000E+00  .16907869E+01
  -.94000000E+00  .16812578E+01
  -.90500000E+00  .16716862E+01
  -.87000000E+00  .16620718E+01
  -.83500000E+00  .16524139E+01
  -.80000000E+00  .16427122E+01
  -.76500000E+00  .16329660E+01
  -.73000000E+00  .16231748E+01
  -.69500000E+00  .16133382E+01
  -.66000000E+00  .16034555E+01
  -.62500000E+00  .15935262E+01
  -.59000000E+00  .15835497E+01
  -.55500000E+00  .15735255E+01
  -.52000000E+00  .15634529E+01
  -.48500000E+00  .15533314E+01
  -.45000000E+00  .15431603E+01
  -.41500000E+00  .15329390E+01
  -.38000000E+00  .15226669E+01
  -.34500000E+00  .15123433E+01
  -.31000000E+00  .15019676E+01
  -.27500000E+00  .14915391E+01
  -.24000000E+00  .14810571E+01
  -.20500000E+00  .14705209E+01
  -.17000000E+00  .14599298E+01
  -.13500000E+00  .14492830E+01
  -.10000000E+00  .14385799E+01
  -.65000000E-01  .14278197E+01
  -.30000000E-01  .14170015E+01
   .50000000E-02  .14061247E+01
   .40000000E-01  .13951883E+01
   .75000000E-01  .13841916E+01
   .11000000E+00  .13731338E+01
   .14500000E+00  .13620139E+01
   .18000000E+00  .13508312E+01
   .21500000E+00  .13395846E+01
   .25000000E+00  .13282734E+01
   .28500000E+00  .13168966E+01
   .32000000E+00  .13054532E+01
   .35500000E+00  .12939422E+01
   .39000000E+00  .12823627E+01
   .42500000E+00  .12707137E+01
   .46000000E+00  .12589941E+01
   .49500000E+00  .12472028E+01
   .53000000E+00  .12353389E+01
   .56500000E+00  .12234011E+01
   .60000000E+00  .12113883E+01
   .63500000E+00  .11992995E+01
   .67000000E+00  .11871333E+01
   .70500000E+00  .11748886E+01
   .74000000E+00  .11625642E+01
   .77500000E+00  .11501588E+01
   .81000000E+00  .11376711E+01
   .84500000E+00  .11250998E+01
   .88000000E+00  .11124435E+01
   .91500000E+00  .10997007E+01
   .95000000E+00  .10868702E+01
   .98500000E+00  .10739504E+01
   .10200000E+01  .10609399E+01
   .10550000E+01  .10478371E+01
   .10900000E+01  .10346404E+01
   .11250000E+01  .10213483E+01
   .11600000E+01  .10079590E+01
   .11950000E+01  .99447093E+00
   .12300000E+01  .98088232E+00
   .12650000E+01  .96719141E+00
   .13000000E+01  .95339635E+00
   .13350000E+01  .93949529E+00
   .13700000E+01  .92548630E+00
   .14050000E+01  .91136741E+00
   .14400000E+01  .89713659E+00
   .14750000E+01  .88279178E+00
   .15100000E+01  .86833084E+00
   .15450000E+01  .85375157E+00
   .15800000E+01  .83905172E+00
   .16150000E+01  .82422899E+00
   .16500000E+01  .80928099E+00
   .16850000E+01  .79420528E+00
   .17200000E+01  .77899934E+00
   .17550000E+01  .76366060E+00
   .17900000E+01  .74818638E+00
   .18250000E+01  .73257396E+00
   .18600000E+01  .71682052E+00
   .18950000E+01  .70092316E+00
   .19300000E+01  .68487889E+00
   .19650000E+01  .66868464E+00
   .20000000E+01  .65233725E+00
Potential  L  =        3.00000    .00000
  -.50000000E+01  .25914719E+01
  -.49650000E+01  .25849030E+01
  -.49300000E+01  .25783189E+01
  -.48950000E+01  .25717195E+01
  -.48600000E+01  .25651048E+01
  -.48250000E+01  .25584747E+01
  -.47900000E+01  .25518290E+01
  -.47550000E+01  .25451676E+01
  -.47200000E+01  .25384905E+01
  -.46850000E+01  .25317976E+01
  -.46500000E+01  .25250887E+01
  -.46150000E+01  .25183638E+01
  -.45800000E+01  .25116227E+01
  -.45450000E+01  .25048653E+01
  -.45100000E+01  .24980915E+01
  -.44750000E+01  .24913012E+01
  -.44400000E+01  .24844944E+01
  -.44050000E+01  .24776708E+01
  -.43700000E+01  .24708303E+01
  -.43350000E+01  .24639730E+01
  -.43000000E+01  .24570986E+01
  -.42650000E+01  .24502070E+01
  -.42300000E+01  .24432981E+01
  -.41950000E+01  .24363718E+01
  -.41600000E+01  .24294279E+01
  -.41250000E+01  .24224664E+01
  -.40900000E+01  .24154871E+01
  -.40550000E+01  .24084900E+01
  -.40200000E+01  .24014747E+01
  -.39850000E+01  .23944414E+01
  -.39500000E+01  .23873897E+01
  -.39150000E+01  .23803196E+01
  -.38800000E+01  .23732310E+01
  -.38450000E+01  .23661237E+01
  -.38100000E+01  .23589975E+01
  -.37750000E+01  .23518524E+01
  -.37400000E+01  .23446882E+01
  -.37050000E+01  .23375048E+01
  -.36700000E+01  .23303020E+01
  -.36350000E+01  .23230797E+01
  -.36000000E+01  .23158378E+01
  -.35650000E+01  .23085760E+01
  -.35300000E+01  .23012943E+01
  -.34950000E+01  .22939924E+01
  -.34600000E+01  .22866704E+01
  -.34250000E+01  .22793279E+01
  -.33900000E+01  .22719648E+01
  -.33550000E+01  .22645811E+01
  -.33200000E+01  .22571765E+01
  -.32850000E+01  .22497509E+01
  -.32500000E+01  .22423040E+01
  -.32150000E+01  .22348358E+01
  -.31800000E+01  .22273460E+01
  -.31450000E+01  .22198346E+01
  -.31100000E+01  .22123013E+01
  -.30750000E+01  .22047459E+01
  -.30400000E+01  .21971684E+01
  -.30050000E+01  .21895684E+01
  -.29700000E+01  .21819459E+01
  -.29350000E+01  .21743007E+01
  -.29000000E+01  .21666325E+01
  -.28650000E+01  .21589413E+01
  -.28300000E+01  .21512267E+01
  -.27950000E+01  .21434885E+01
  -.27600000E+01  .21357268E+01
  -.27250000E+01  .21279412E+01
  -.26900000E+01  .21201315E+01
  -.26550000E+01  .21122976E+01
  -.26200000E+01  .21044392E+01
  -.25850000E+01  .20965561E+01
  -.25500000E+01  .20886482E+01
  -.25150000E+01  .20807151E+01
  -.24800000E+01  .20727568E+01
  -.24450000E+01  .20647729E+01
  -.24100000E+01  .20567633E+01
  -.23750000E+01  .20487278E+01
  -.23400000E+01  .20406661E+01
  -.23050000E+01  .20325779E+01
  -.22700000E+01  .20244632E+01
  -.22350000E+01  .20163216E+01
  -.22000000E+01  .20081528E+01
  -.21650000E+01  .19999568E+01
  -.21300000E+01  .19917332E+01
  -.20950000E+01  .19834817E+01
  -.20600000E+01  .19752022E+01
  -.20250000E+01  .19668943E+01
  -.19900000E+01  .19585579E+01
  -.19550000E+01  .19501926E+01
  -.19200000E+01  .19417983E+01
  -.18850000E+01  .19333745E+01
  -.18500000E+01  .19249212E+01
  -.18150000E+01  .19164379E+01
  -.17800000E+01  .19079245E+01
  -.17450000E+01  .18993805E+01
  -.17100000E+01  .18908059E+01
  -.16750000E+01  .18822002E+01
  -.16400000E+01  .18735632E+01
  -.16050000E+01  .18648945E+01
  -.15700000E+01  .18561939E+01
  -.15350000E+01  .18474611E+01
  -.15000000E+01  .18386957E+01
  -.14650000E+01  .18298975E+01
  -.14300000E+01  .18210661E+01
  -.13950000E+01  .18122012E+01
  -.13600000E+01  .18033025E+01
  -.13250000E+01  .17943696E+01
  -.12900000E+01  .17854022E+01
  -.12550000E+01  .17764000E+01
  -.12200000E+01  .17673625E+01
  -.11850000E+01  .17582896E+01
  -.11500000E+01  .17491807E+01
  -.11150000E+01  .17400355E+01
  -.10800000E+01  .17308538E+01
  -.10450000E+01  .17216350E+01
  -.10100000E+01  .17123788E+01
  -.97500000E+00  .17030848E+01
  -.94000000E+00  .16937526E+01
  -.90500000E+00  .16843819E+01
  -.87000000E+00  .16749721E+01
  -.83500000E+00  .16655230E+01
  -.80000000E+00  .16560341E+01
  -.76500000E+00  .16465049E+01
  -.73000000E+00  .16369351E+01
  -.69500000E+00  .16273241E+01
  -.66000000E+00  .16176716E+01
  -.62500000E+00  .16079771E+01
  -.59000000E+00  .15982401E+01
  -.55500000E+00  .15884601E+01
  -.52000000E+00  .15786368E+01
  -.48500000E+00  .15687695E+01
  -.45000000E+00  .15588579E+01
  -.41500000E+00  .15489014E+01
  -.38000000E+00  .15388994E+01
  -.34500000E+00  .15288516E+01
  -.31000000E+00  .15187573E+01
  -.27500000E+00  .15086160E+01
  -.24000000E+00  .14984272E+01
  -.20500000E+00  .14881904E+01
  -.17000000E+00  .14779049E+01
  -.13500000E+00  .14675702E+01
  -.10000000E+00  .14571857E+01
  -.65000000E-01  .14467508E+01
  -.30000000E-01  .14362649E+01
   .50000000E-02  .14257275E+01
   .40000000E-01  .14151378E+01
   .75000000E-01  .14044952E+01
   .11000000E+00  .13937992E+01
   .14500000E+00  .13830490E+01
   .18000000E+00  .13722439E+01
   .21500000E+00  .13613833E+01
   .25000000E+00  .13504665E+01
   .28500000E+00  .13394928E+01
   .32000000E+00  .13284614E+01
   .35500000E+00  .13173717E+01
   .39000000E+00  .13062228E+01
   .42500000E+00  .12950141E+01
   .46000000E+00  .12837446E+01
   .49500000E+00  .12724137E+01
   .53000000E+00  .12610206E+01
   .56500000E+00  .12495643E+01
   .60000000E+00  .12380441E+01
   .63500000E+00  .12264592E+01
   .67000000E+00  .12148086E+01
   .70500000E+00  .12030914E+01
   .74000000E+00  .11913068E+01
   .77500000E+00  .11794538E+01
   .81000000E+00  .11675315E+01
   .84500000E+00  .11555389E+01
   .88000000E+00  .11434751E+01
   .91500000E+00  .11313390E+01
   .95000000E+00  .11191296E+01
   .98500000E+00  .11068459E+01
   .10200000E+01  .10944868E+01
   .10550000E+01  .10820513E+01
   .10900000E+01  .10695381E+01
   .11250000E+01  .10569462E+01
   .11600000E+01  .10442745E+01
   .11950000E+01  .10315217E+01
   .12300000E+01  .10186867E+01
   .12650000E+01  .10057681E+01
   .13000000E+01  .99276486E+00
   .13350000E+01  .97967554E+00
   .13700000E+01  .96649887E+00
   .14050000E+01  .95323351E+00
   .14400000E+01  .93987808E+00
   .14750000E+01  .92643119E+00
   .15100000E+01  .91289139E+00
   .15450000E+01  .89925721E+00
   .15800000E+01  .88552717E+00
   .16150000E+01  .87169971E+00
   .16500000E+01  .85777327E+00
   .16850000E+01  .84374625E+00
   .17200000E+01  .82961699E+00
   .17550000E+01  .81538381E+00
   .17900000E+01  .80104500E+00
   .18250000E+01  .78659878E+00
   .18600000E+01  .77204335E+00
   .18950000E+01  .75737686E+00
   .19300000E+01  .74259741E+00
   .19650000E+01  .72770307E+00
   .20000000E+01  .71269184E+00
Core Pot   L  =        4.00000    .00000
  -.50000000E+01  .29345412E+01
  -.49650000E+01  .29287839E+01
  -.49300000E+01  .29230165E+01
  -.48950000E+01  .29172388E+01
  -.48600000E+01  .29114510E+01
  -.48250000E+01  .29056528E+01
  -.47900000E+01  .28998443E+01
  -.47550000E+01  .28940253E+01
  -.47200000E+01  .28881959E+01
  -.46850000E+01  .28823561E+01
  -.46500000E+01  .28765056E+01
  -.46150000E+01  .28706446E+01
  -.45800000E+01  .28647729E+01
  -.45450000E+01  .28588905E+01
  -.45100000E+01  .28529973E+01
  -.44750000E+01  .28470932E+01
  -.44400000E+01  .28411783E+01
  -.44050000E+01  .28352525E+01
  -.43700000E+01  .28293157E+01
  -.43350000E+01  .28233678E+01
  -.43000000E+01  .28174088E+01
  -.42650000E+01  .28114387E+01
  -.42300000E+01  .28054573E+01
  -.41950000E+01  .27994647E+01
  -.41600000E+01  .27934607E+01
  -.41250000E+01  .27874453E+01
  -.40900000E+01  .27814185E+01
  -.40550000E+01  .27753801E+01
  -.40200000E+01  .27693302E+01
  -.39850000E+01  .27632686E+01
  -.39500000E+01  .27571953E+01
  -.39150000E+01  .27511103E+01
  -.38800000E+01  .27450134E+01
  -.38450000E+01  .27389046E+01
  -.38100000E+01  .27327839E+01
  -.37750000E+01  .27266512E+01
  -.37400000E+01  .27205064E+01
  -.37050000E+01  .27143494E+01
  -.36700000E+01  .27081802E+01
  -.36350000E+01  .27019988E+01
  -.36000000E+01  .26958049E+01
  -.35650000E+01  .26895987E+01
  -.35300000E+01  .26833800E+01
  -.34950000E+01  .26771487E+01
  -.34600000E+01  .26709048E+01
  -.34250000E+01  .26646482E+01
  -.33900000E+01  .26583788E+01
  -.33550000E+01  .26520966E+01
  -.33200000E+01  .26458015E+01
  -.32850000E+01  .26394934E+01
  -.32500000E+01  .26331723E+01
  -.32150000E+01  .26268380E+01
  -.31800000E+01  .26204905E+01
  -.31450000E+01  .26141298E+01
  -.31100000E+01  .26077557E+01
  -.30750000E+01  .26013681E+01
  -.30400000E+01  .25949671E+01
  -.30050000E+01  .25885524E+01
  -.29700000E+01  .25821241E+01
  -.29350000E+01  .25756820E+01
  -.29000000E+01  .25692262E+01
  -.28650000E+01  .25627564E+01
  -.28300000E+01  .25562726E+01
  -.27950000E+01  .25497747E+01
  -.27600000E+01  .25432627E+01
  -.27250000E+01  .25367365E+01
  -.26900000E+01  .25301959E+01
  -.26550000E+01  .25236409E+01
  -.26200000E+01  .25170715E+01
  -.25850000E+01  .25104874E+01
  -.25500000E+01  .25038887E+01
  -.25150000E+01  .24972752E+01
  -.24800000E+01  .24906469E+01
  -.24450000E+01  .24840036E+01
  -.24100000E+01  .24773454E+01
  -.23750000E+01  .24706719E+01
  -.23400000E+01  .24639833E+01
  -.23050000E+01  .24572794E+01
  -.22700000E+01  .24505600E+01
  -.22350000E+01  .24438252E+01
  -.22000000E+01  .24370748E+01
  -.21650000E+01  .24303086E+01
  -.21300000E+01  .24235267E+01
  -.20950000E+01  .24167289E+01
  -.20600000E+01  .24099151E+01
  -.20250000E+01  .24030852E+01
  -.19900000E+01  .23962392E+01
  -.19550000E+01  .23893768E+01
  -.19200000E+01  .23824980E+01
  -.18850000E+01  .23756027E+01
  -.18500000E+01  .23686908E+01
  -.18150000E+01  .23617622E+01
  -.17800000E+01  .23548167E+01
  -.17450000E+01  .23478543E+01
  -.17100000E+01  .23408749E+01
  -.16750000E+01  .23338783E+01
  -.16400000E+01  .23268644E+01
  -.16050000E+01  .23198332E+01
  -.15700000E+01  .23127844E+01
  -.15350000E+01  .23057180E+01
  -.15000000E+01  .22986338E+01
  -.14650000E+01  .22915319E+01
  -.14300000E+01  .22844119E+01
  -.13950000E+01  .22772738E+01
  -.13600000E+01  .22701175E+01
  -.13250000E+01  .22629429E+01
  -.12900000E+01  .22557498E+01
  -.12550000E+01  .22485381E+01
  -.12200000E+01  .22413077E+01
  -.11850000E+01  .22340584E+01
  -.11500000E+01  .22267901E+01
  -.11150000E+01  .22195027E+01
  -.10800000E+01  .22121961E+01
  -.10450000E+01  .22048701E+01
  -.10100000E+01  .21975245E+01
  -.97500000E+00  .21901593E+01
  -.94000000E+00  .21827743E+01
  -.90500000E+00  .21753694E+01
  -.87000000E+00  .21679444E+01
  -.83500000E+00  .21604991E+01
  -.80000000E+00  .21530335E+01
  -.76500000E+00  .21455474E+01
  -.73000000E+00  .21380406E+01
  -.69500000E+00  .21305130E+01
  -.66000000E+00  .21229644E+01
  -.62500000E+00  .21153948E+01
  -.59000000E+00  .21078038E+01
  -.55500000E+00  .21001914E+01
  -.52000000E+00  .20925574E+01
  -.48500000E+00  .20849016E+01
  -.45000000E+00  .20772240E+01
  -.41500000E+00  .20695242E+01
  -.38000000E+00  .20618023E+01
  -.34500000E+00  .20540579E+01
  -.31000000E+00  .20462909E+01
  -.27500000E+00  .20385011E+01
  -.24000000E+00  .20306885E+01
  -.20500000E+00  .20228527E+01
  -.17000000E+00  .20149937E+01
  -.13500000E+00  .20071112E+01
  -.10000000E+00  .19992050E+01
  -.65000000E-01  .19912750E+01
  -.30000000E-01  .19833210E+01
   .50000000E-02  .19753428E+01
   .40000000E-01  .19673402E+01
   .75000000E-01  .19593130E+01
   .11000000E+00  .19512611E+01
   .14500000E+00  .19431841E+01
   .18000000E+00  .19350820E+01
   .21500000E+00  .19269545E+01
   .25000000E+00  .19188014E+01
   .28500000E+00  .19106225E+01
   .32000000E+00  .19024176E+01
   .35500000E+00  .18941864E+01
   .39000000E+00  .18859289E+01
   .42500000E+00  .18776446E+01
   .46000000E+00  .18693336E+01
   .49500000E+00  .18609954E+01
   .53000000E+00  .18526298E+01
   .56500000E+00  .18442368E+01
   .60000000E+00  .18358159E+01
   .63500000E+00  .18273671E+01
   .67000000E+00  .18188899E+01
   .70500000E+00  .18103843E+01
   .74000000E+00  .18018499E+01
   .77500000E+00  .17932866E+01
   .81000000E+00  .17846940E+01
   .84500000E+00  .17760718E+01
   .88000000E+00  .17674200E+01
   .91500000E+00  .17587381E+01
   .95000000E+00  .17500260E+01
   .98500000E+00  .17412833E+01
   .10200000E+01  .17325098E+01
   .10550000E+01  .17237052E+01
   .10900000E+01  .17148692E+01
   .11250000E+01  .17060016E+01
   .11600000E+01  .16971021E+01
   .11950000E+01  .16881703E+01
   .12300000E+01  .16792060E+01
   .12650000E+01  .16702089E+01
   .13000000E+01  .16611787E+01
   .13350000E+01  .16521150E+01
   .13700000E+01  .16430176E+01
   .14050000E+01  .16338862E+01
   .14400000E+01  .16247204E+01
   .14750000E+01  .16155199E+01
   .15100000E+01  .16062844E+01
   .15450000E+01  .15970136E+01
   .15800000E+01  .15877070E+01
   .16150000E+01  .15783645E+01
   .16500000E+01  .15689855E+01
   .16850000E+01  .15595699E+01
   .17200000E+01  .15501171E+01
   .17550000E+01  .15406269E+01
   .17900000E+01  .15310989E+01
   .18250000E+01  .15215327E+01
   .18600000E+01  .15119280E+01
   .18950000E+01  .15022843E+01
   .19300000E+01  .14926013E+01
   .19650000E+01  .14828786E+01
   .20000000E+01  .14731157E+01
Potential  L  =        4.00000    .00000
  -.50000000E+01  .29354599E+01
  -.49650000E+01  .29297103E+01
  -.49300000E+01  .29239508E+01
  -.48950000E+01  .29181810E+01
  -.48600000E+01  .29124005E+01
  -.48250000E+01  .29066103E+01
  -.47900000E+01  .29008100E+01
  -.47550000E+01  .28950006E+01
  -.47200000E+01  .28891795E+01
  -.46850000E+01  .28833480E+01
  -.46500000E+01  .28775048E+01
  -.46150000E+01  .28716523E+01
  -.45800000E+01  .28657888E+01
  -.45450000E+01  .28599151E+01
  -.45100000E+01  .28540309E+01
  -.44750000E+01  .28481361E+01
  -.44400000E+01  .28422303E+01
  -.44050000E+01  .28363148E+01
  -.43700000E+01  .28303873E+01
  -.43350000E+01  .28244472E+01
  -.43000000E+01  .28184977E+01
  -.42650000E+01  .28125374E+01
  -.42300000E+01  .28065658E+01
  -.41950000E+01  .28005831E+01
  -.41600000E+01  .27945891E+01
  -.41250000E+01  .27885838E+01
  -.40900000E+01  .27825672E+01
  -.40550000E+01  .27765392E+01
  -.40200000E+01  .27704995E+01
  -.39850000E+01  .27644482E+01
  -.39500000E+01  .27583857E+01
  -.39150000E+01  .27523118E+01
  -.38800000E+01  .27462259E+01
  -.38450000E+01  .27401283E+01
  -.38100000E+01  .27340188E+01
  -.37750000E+01  .27278975E+01
  -.37400000E+01  .27217642E+01
  -.37050000E+01  .27156189E+01
  -.36700000E+01  .27094614E+01
  -.36350000E+01  .27032919E+01
  -.36000000E+01  .26971099E+01
  -.35650000E+01  .26909163E+01
  -.35300000E+01  .26847100E+01
  -.34950000E+01  .26784913E+01
  -.34600000E+01  .26722599E+01
  -.34250000E+01  .26660162E+01
  -.33900000E+01  .26597598E+01
  -.33550000E+01  .26534921E+01
  -.33200000E+01  .26472092E+01
  -.32850000E+01  .26409146E+01
  -.32500000E+01  .26346069E+01
  -.32150000E+01  .26282863E+01
  -.31800000E+01  .26219543E+01
  -.31450000E+01  .26156077E+01
  -.31100000E+01  .26092480E+01
  -.30750000E+01  .26028747E+01
  -.30400000E+01  .25964873E+01
  -.30050000E+01  .25900888E+01
  -.29700000E+01  .25836756E+01
  -.29350000E+01  .25772488E+01
  -.29000000E+01  .25708084E+01
  -.28650000E+01  .25643530E+01
  -.28300000E+01  .25578850E+01
  -.27950000E+01  .25514032E+01
  -.27600000E+01  .25449073E+01
  -.27250000E+01  .25383976E+01
  -.26900000E+01  .25318737E+01
  -.26550000E+01  .25253356E+01
  -.26200000E+01  .25187833E+01
  -.25850000E+01  .25122165E+01
  -.25500000E+01  .25056352E+01
  -.25150000E+01  .24990395E+01
  -.24800000E+01  .24924304E+01
  -.24450000E+01  .24858039E+01
  -.24100000E+01  .24791641E+01
  -.23750000E+01  .24725094E+01
  -.23400000E+01  .24658396E+01
  -.23050000E+01  .24591549E+01
  -.22700000E+01  .24524551E+01
  -.22350000E+01  .24457398E+01
  -.22000000E+01  .24390091E+01
  -.21650000E+01  .24322633E+01
  -.21300000E+01  .24255018E+01
  -.20950000E+01  .24187247E+01
  -.20600000E+01  .24119318E+01
  -.20250000E+01  .24051231E+01
  -.19900000E+01  .23982984E+01
  -.19550000E+01  .23914578E+01
  -.19200000E+01  .23846010E+01
  -.18850000E+01  .23777281E+01
  -.18500000E+01  .23708383E+01
  -.18150000E+01  .23639327E+01
  -.17800000E+01  .23570108E+01
  -.17450000E+01  .23500718E+01
  -.17100000E+01  .23431160E+01
  -.16750000E+01  .23361445E+01
  -.16400000E+01  .23291550E+01
  -.16050000E+01  .23221485E+01
  -.15700000E+01  .23151235E+01
  -.15350000E+01  .23080825E+01
  -.15000000E+01  .23010254E+01
  -.14650000E+01  .22939482E+01
  -.14300000E+01  .22868547E+01
  -.13950000E+01  .22797434E+01
  -.13600000E+01  .22726143E+01
  -.13250000E+01  .22654671E+01
  -.12900000E+01  .22583019E+01
  -.12550000E+01  .22511184E+01
  -.12200000E+01  .22439166E+01
  -.11850000E+01  .22366963E+01
  -.11500000E+01  .22294579E+01
  -.11150000E+01  .22222002E+01
  -.10800000E+01  .22149234E+01
  -.10450000E+01  .22076283E+01
  -.10100000E+01  .22003138E+01
  -.97500000E+00  .21929800E+01
  -.94000000E+00  .21856270E+01
  -.90500000E+00  .21782539E+01
  -.87000000E+00  .21708620E+01
  -.83500000E+00  .21634496E+01
  -.80000000E+00  .21560176E+01
  -.76500000E+00  .21485656E+01
  -.73000000E+00  .21410936E+01
  -.69500000E+00  .21336011E+01
  -.66000000E+00  .21260881E+01
  -.62500000E+00  .21185546E+01
  -.59000000E+00  .21109997E+01
  -.55500000E+00  .21034245E+01
  -.52000000E+00  .20958281E+01
  -.48500000E+00  .20882105E+01
  -.45000000E+00  .20805714E+01
  -.41500000E+00  .20729109E+01
  -.38000000E+00  .20652286E+01
  -.34500000E+00  .20575245E+01
  -.31000000E+00  .20497984E+01
  -.27500000E+00  .20420501E+01
  -.24000000E+00  .20342794E+01
  -.20500000E+00  .20264862E+01
  -.17000000E+00  .20186704E+01
  -.13500000E+00  .20108317E+01
  -.10000000E+00  .20029700E+01
  -.65000000E-01  .19950851E+01
  -.30000000E-01  .19871769E+01
   .50000000E-02  .19792450E+01
   .40000000E-01  .19712895E+01
   .75000000E-01  .19633100E+01
   .11000000E+00  .19553065E+01
   .14500000E+00  .19472787E+01
   .18000000E+00  .19392264E+01
   .21500000E+00  .19311494E+01
   .25000000E+00  .19230476E+01
   .28500000E+00  .19149208E+01
   .32000000E+00  .19067687E+01
   .35500000E+00  .18985911E+01
   .39000000E+00  .18903880E+01
   .42500000E+00  .18821589E+01
   .46000000E+00  .18739038E+01
   .49500000E+00  .18656225E+01
   .53000000E+00  .18573146E+01
   .56500000E+00  .18489801E+01
   .60000000E+00  .18406186E+01
   .63500000E+00  .18322301E+01
   .67000000E+00  .18238141E+01
   .70500000E+00  .18153706E+01
   .74000000E+00  .18068993E+01
   .77500000E+00  .17984000E+01
   .81000000E+00  .17898723E+01
   .84500000E+00  .17813162E+01
   .88000000E+00  .17727313E+01
   .91500000E+00  .17641174E+01
   .95000000E+00  .17554743E+01
   .98500000E+00  .17468017E+01
   .10200000E+01  .17380994E+01
   .10550000E+01  .17293671E+01
   .10900000E+01  .17206045E+01
   .11250000E+01  .17118114E+01
   .11600000E+01  .17029875E+01
   .11950000E+01  .16941326E+01
   .12300000E+01  .16852464E+01
   .12650000E+01  .16763286E+01
   .13000000E+01  .16673789E+01
   .13350000E+01  .16583970E+01
   .13700000E+01  .16493827E+01
   .14050000E+01  .16403357E+01
   .14400000E+01  .16312557E+01
   .14750000E+01  .16221423E+01
   .15100000E+01  .16129953E+01
   .15450000E+01  .16038143E+01
   .15800000E+01  .15945992E+01
   .16150000E+01  .15853494E+01
   .16500000E+01  .15760648E+01
   .16850000E+01  .15667450E+01
   .17200000E+01  .15573897E+01
   .17550000E+01  .15479985E+01
   .17900000E+01  .15385711E+01
   .18250000E+01  .15291071E+01
   .18600000E+01  .15196063E+01
   .18950000E+01  .15100683E+01
   .19300000E+01  .15004926E+01
   .19650000E+01  .14908791E+01
   .20000000E+01  .14812271E+01
KBPotential  L  =      1.00000  -8.16868
  -.50000000E+01  .19024748E+01
  -.49650000E+01  .18858675E+01
  -.49300000E+01  .18685721E+01
  -.48950000E+01  .18505087E+01
  -.48600000E+01  .18315839E+01
  -.48250000E+01  .18116879E+01
  -.47900000E+01  .17906910E+01
  -.47550000E+01  .17684386E+01
  -.47200000E+01  .17447450E+01
  -.46850000E+01  .17193840E+01
  -.46500000E+01  .16920820E+01
  -.46150000E+01  .16624970E+01
  -.45800000E+01  .16302021E+01
  -.45450000E+01  .15946553E+01
  -.45100000E+01  .15551581E+01
  -.44750000E+01  .15107942E+01
  -.44400000E+01  .14603381E+01
  -.44050000E+01  .14021121E+01
  -.43700000E+01  .13337567E+01
  -.43350000E+01  .12518445E+01
  -.43000000E+01  .11511999E+01
  -.42650000E+01  .10236202E+01
  -.42300000E+01  .85528445E+00
  -.41950000E+01  .62094863E+00
  -.41600000E+01  .26906994E+00
  -.41250000E+01 -.32450102E+00
  -.40900000E+01 -.15538698E+01
  -.40550000E+01 -.56908509E+01
  -.40200000E+01  .41626921E+02
  -.39850000E+01  .73789334E+01
  -.39500000E+01  .48270368E+01
  -.39150000E+01  .38843064E+01
  -.38800000E+01  .33903863E+01
  -.38450000E+01  .30843415E+01
  -.38100000E+01  .28746626E+01
  -.37750000E+01  .27209593E+01
  -.37400000E+01  .26026392E+01
  -.37050000E+01  .25081016E+01
  -.36700000E+01  .24303124E+01
  -.36350000E+01  .23647588E+01
  -.36000000E+01  .23084119E+01
  -.35650000E+01  .22591637E+01
  -.35300000E+01  .22155011E+01
  -.34950000E+01  .21763104E+01
  -.34600000E+01  .21407533E+01
  -.34250000E+01  .21081868E+01
  -.33900000E+01  .20781096E+01
  -.33550000E+01  .20501246E+01
  -.33200000E+01  .20239138E+01
  -.32850000E+01  .19992189E+01
  -.32500000E+01  .19758282E+01
  -.32150000E+01  .19535665E+01
  -.31800000E+01  .19322877E+01
  -.31450000E+01  .19118684E+01
  -.31100000E+01  .18922045E+01
  -.30750000E+01  .18732067E+01
  -.30400000E+01  .18547985E+01
  -.30050000E+01  .18369139E+01
  -.29700000E+01  .18194953E+01
  -.29350000E+01  .18024928E+01
  -.29000000E+01  .17858623E+01
  -.28650000E+01  .17695650E+01
  -.28300000E+01  .17535666E+01
  -.27950000E+01  .17378368E+01
  -.27600000E+01  .17223500E+01
  -.27250000E+01  .17070784E+01
  -.26900000E+01  .16920019E+01
  -.26550000E+01  .16771009E+01
  -.26200000E+01  .16623574E+01
  -.25850000E+01  .16477554E+01
  -.25500000E+01  .16332801E+01
  -.25150000E+01  .16189182E+01
  -.24800000E+01  .16046573E+01
  -.24450000E+01  .15904862E+01
  -.24100000E+01  .15763945E+01
  -.23750000E+01  .15623727E+01
  -.23400000E+01  .15484119E+01
  -.23050000E+01  .15345040E+01
  -.22700000E+01  .15206413E+01
  -.22350000E+01  .15068168E+01
  -.22000000E+01  .14930236E+01
  -.21650000E+01  .14792557E+01
  -.21300000E+01  .14655072E+01
  -.20950000E+01  .14517727E+01
  -.20600000E+01  .14380469E+01
  -.20250000E+01  .14243250E+01
  -.19900000E+01  .14106024E+01
  -.19550000E+01  .13968746E+01
  -.19200000E+01  .13831375E+01
  -.18850000E+01  .13693870E+01
  -.18500000E+01  .13556194E+01
  -.18150000E+01  .13418309E+01
  -.17800000E+01  .13280182E+01
  -.17450000E+01  .13141777E+01
  -.17100000E+01  .13003062E+01
  -.16750000E+01  .12864006E+01
  -.16400000E+01  .12724579E+01
  -.16050000E+01  .12584750E+01
  -.15700000E+01  .12444490E+01
  -.15350000E+01  .12303772E+01
  -.15000000E+01  .12162568E+01
  -.14650000E+01  .12020852E+01
  -.14300000E+01  .11878596E+01
  -.13950000E+01  .11735775E+01
  -.13600000E+01  .11592364E+01
  -.13250000E+01  .11448337E+01
  -.12900000E+01  .11303669E+01
  -.12550000E+01  .11158337E+01
  -.12200000E+01  .11012315E+01
  -.11850000E+01  .10865580E+01
  -.11500000E+01  .10718108E+01
  -.11150000E+01  .10569874E+01
  -.10800000E+01  .10420856E+01
  -.10450000E+01  .10271028E+01
  -.10100000E+01  .10120368E+01
  -.97500000E+00  .99688515E+00
  -.94000000E+00  .98164547E+00
  -.90500000E+00  .96631537E+00
  -.87000000E+00  .95089245E+00
  -.83500000E+00  .93537429E+00
  -.80000000E+00  .91975846E+00
  -.76500000E+00  .90404250E+00
  -.73000000E+00  .88822394E+00
  -.69500000E+00  .87230028E+00
  -.66000000E+00  .85626899E+00
  -.62500000E+00  .84012752E+00
  -.59000000E+00  .82387328E+00
  -.55500000E+00  .80750366E+00
  -.52000000E+00  .79101598E+00
  -.48500000E+00  .77440755E+00
  -.45000000E+00  .75767560E+00
  -.41500000E+00  .74081740E+00
  -.38000000E+00  .72383008E+00
  -.34500000E+00  .70671080E+00
  -.31000000E+00  .68945661E+00
  -.27500000E+00  .67206451E+00
  -.24000000E+00  .65453147E+00
  -.20500000E+00  .63685438E+00
  -.17000000E+00  .61903008E+00
  -.13500000E+00  .60105534E+00
  -.10000000E+00  .58292684E+00
  -.65000000E-01  .56464124E+00
  -.30000000E-01  .54619507E+00
   .50000000E-02  .52758482E+00
   .40000000E-01  .50880687E+00
   .75000000E-01  .48985754E+00
   .11000000E+00  .47073301E+00
   .14500000E+00  .45142947E+00
   .18000000E+00  .43194294E+00
   .21500000E+00  .41226936E+00
   .25000000E+00  .39240452E+00
   .28500000E+00  .37234416E+00
   .32000000E+00  .35208391E+00
   .35500000E+00  .33161925E+00
   .39000000E+00  .31094556E+00
   .42500000E+00  .29005807E+00
   .46000000E+00  .26895193E+00
   .49500000E+00  .24762212E+00
   .53000000E+00  .22606345E+00
   .56500000E+00  .20427062E+00
   .60000000E+00  .18223820E+00
   .63500000E+00  .15996053E+00
   .67000000E+00  .13743187E+00
   .70500000E+00  .11464623E+00
   .74000000E+00  .91597468E-01
   .77500000E+00  .68279293E-01
   .81000000E+00  .44685138E-01
   .84500000E+00  .20808304E-01
   .88000000E+00 -.33581478E-02
   .91500000E+00 -.27821373E-01
   .95000000E+00 -.52588755E-01
   .98500000E+00 -.77667907E-01
   .10200000E+01 -.10306673E+00
   .10550000E+01 -.12879336E+00
   .10900000E+01 -.15485618E+00
   .11250000E+01 -.18126390E+00
   .11600000E+01 -.20802551E+00
   .11950000E+01 -.23515029E+00
   .12300000E+01 -.26264787E+00
   .12650000E+01 -.29052823E+00
   .13000000E+01 -.31880167E+00
   .13350000E+01 -.34747888E+00
   .13700000E+01 -.37657093E+00
   .14050000E+01 -.40608929E+00
   .14400000E+01 -.43604584E+00
   .14750000E+01 -.46645298E+00
   .15100000E+01 -.49732349E+00
   .15450000E+01 -.52867067E+00
   .15800000E+01 -.56050834E+00
   .16150000E+01 -.59285086E+00
   .16500000E+01 -.62571314E+00
   .16850000E+01 -.65911068E+00
   .17200000E+01 -.69305961E+00
   .17550000E+01 -.72757671E+00
   .17900000E+01 -.76267950E+00
   .18250000E+01 -.79838614E+00
   .18600000E+01 -.83471560E+00
   .18950000E+01 -.87168765E+00
   .19300000E+01 -.90932293E+00
   .19650000E+01 -.94764293E+00
   .20000000E+01 -.98667012E+00
KBPotential  L  =      2.00000   -.56238
  -.50000000E+01  .22717794E+01
  -.49650000E+01  .22639624E+01
  -.49300000E+01  .22561161E+01
  -.48950000E+01  .22482402E+01
  -.48600000E+01  .22403343E+01
  -.48250000E+01  .22323980E+01
  -.47900000E+01  .22244308E+01
  -.47550000E+01  .22164325E+01
  -.47200000E+01  .22084026E+01
  -.46850000E+01  .22003406E+01
  -.46500000E+01  .21922461E+01
  -.46150000E+01  .21841188E+01
  -.45800000E+01  .21759580E+01
  -.45450000E+01  .21677635E+01
  -.45100000E+01  .21595346E+01
  -.44750000E+01  .21512709E+01
  -.44400000E+01  .21429714E+01
  -.44050000E+01  .21346367E+01
  -.43700000E+01  .21262656E+01
  -.43350000E+01  .21178577E+01
  -.43000000E+01  .21094123E+01
  -.42650000E+01  .21009289E+01
  -.42300000E+01  .20924070E+01
  -.41950000E+01  .20838459E+01
  -.41600000E+01  .20752449E+01
  -.41250000E+01  .20666036E+01
  -.40900000E+01  .20579212E+01
  -.40550000E+01  .20491970E+01
  -.40200000E+01  .20404304E+01
  -.39850000E+01  .20316206E+01
  -.39500000E+01  .20227670E+01
  -.39150000E+01  .20138687E+01
  -.38800000E+01  .20049250E+01
  -.38450000E+01  .19959351E+01
  -.38100000E+01  .19868982E+01
  -.37750000E+01  .19778134E+01
  -.37400000E+01  .19686798E+01
  -.37050000E+01  .19594966E+01
  -.36700000E+01  .19502629E+01
  -.36350000E+01  .19409775E+01
  -.36000000E+01  .19316396E+01
  -.35650000E+01  .19222482E+01
  -.35300000E+01  .19128021E+01
  -.34950000E+01  .19033002E+01
  -.34600000E+01  .18937415E+01
  -.34250000E+01  .18841247E+01
  -.33900000E+01  .18744487E+01
  -.33550000E+01  .18647121E+01
  -.33200000E+01  .18549136E+01
  -.32850000E+01  .18450520E+01
  -.32500000E+01  .18351257E+01
  -.32150000E+01  .18251332E+01
  -.31800000E+01  .18150732E+01
  -.31450000E+01  .18049440E+01
  -.31100000E+01  .17947439E+01
  -.30750000E+01  .17844713E+01
  -.30400000E+01  .17741243E+01
  -.30050000E+01  .17637011E+01
  -.29700000E+01  .17531998E+01
  -.29350000E+01  .17426183E+01
  -.29000000E+01  .17319546E+01
  -.28650000E+01  .17212064E+01
  -.28300000E+01  .17103714E+01
  -.27950000E+01  .16994473E+01
  -.27600000E+01  .16884315E+01
  -.27250000E+01  .16773214E+01
  -.26900000E+01  .16661142E+01
  -.26550000E+01  .16548071E+01
  -.26200000E+01  .16433971E+01
  -.25850000E+01  .16318809E+01
  -.25500000E+01  .16202552E+01
  -.25150000E+01  .16085165E+01
  -.24800000E+01  .15966611E+01
  -.24450000E+01  .15846852E+01
  -.24100000E+01  .15725845E+01
  -.23750000E+01  .15603549E+01
  -.23400000E+01  .15479917E+01
  -.23050000E+01  .15354901E+01
  -.22700000E+01  .15228450E+01
  -.22350000E+01  .15100510E+01
  -.22000000E+01  .14971024E+01
  -.21650000E+01  .14839931E+01
  -.21300000E+01  .14707167E+01
  -.20950000E+01  .14572662E+01
  -.20600000E+01  .14436345E+01
  -.20250000E+01  .14298137E+01
  -.19900000E+01  .14157956E+01
  -.19550000E+01  .14015712E+01
  -.19200000E+01  .13871312E+01
  -.18850000E+01  .13724653E+01
  -.18500000E+01  .13575628E+01
  -.18150000E+01  .13424118E+01
  -.17800000E+01  .13270000E+01
  -.17450000E+01  .13113137E+01
  -.17100000E+01  .12953384E+01
  -.16750000E+01  .12790583E+01
  -.16400000E+01  .12624564E+01
  -.16050000E+01  .12455143E+01
  -.15700000E+01  .12282118E+01
  -.15350000E+01  .12105272E+01
  -.15000000E+01  .11924367E+01
  -.14650000E+01  .11739144E+01
  -.14300000E+01  .11549317E+01
  -.13950000E+01  .11354576E+01
  -.13600000E+01  .11154576E+01
  -.13250000E+01  .10948942E+01
  -.12900000E+01  .10737255E+01
  -.12550000E+01  .10519052E+01
  -.12200000E+01  .10293820E+01
  -.11850000E+01  .10060985E+01
  -.11500000E+01  .98199087E+00
  -.11150000E+01  .95698720E+00
  -.10800000E+01  .93100669E+00
  -.10450000E+01  .90395807E+00
  -.10100000E+01  .87573781E+00
  -.97500000E+00  .84622802E+00
  -.94000000E+00  .81529382E+00
  -.90500000E+00  .78278020E+00
  -.87000000E+00  .74850806E+00
  -.83500000E+00  .71226933E+00
  -.80000000E+00  .67382090E+00
  -.76500000E+00  .63287681E+00
  -.73000000E+00  .58909844E+00
  -.69500000E+00  .54208170E+00
  -.66000000E+00  .49134044E+00
  -.62500000E+00  .43628441E+00
  -.59000000E+00  .37618986E+00
  -.55500000E+00  .31015938E+00
  -.52000000E+00  .23706654E+00
  -.48500000E+00  .15547774E+00
  -.45000000E+00  .63539800E-01
  -.41500000E+00 -.41185798E-01
  -.38000000E+00 -.16197387E+00
  -.34500000E+00 -.30332784E+00
  -.31000000E+00 -.47161568E+00
  -.27500000E+00 -.67614650E+00
  -.24000000E+00 -.93109053E+00
  -.20500000E+00 -.12591289E+01
  -.17000000E+00 -.16989731E+01
  -.13500000E+00 -.23225450E+01
  -.10000000E+00 -.32804649E+01
  -.65000000E-01 -.49497884E+01
  -.30000000E-01 -.86165408E+01
   .50000000E-02 -.23368251E+02
   .40000000E-01  .48422678E+02
   .75000000E-01  .13094592E+02
   .11000000E+00  .79426429E+01
   .14500000E+00  .58675359E+01
   .18000000E+00  .47426734E+01
   .21500000E+00  .40341940E+01
   .25000000E+00  .35451056E+01
   .28500000E+00  .31856879E+01
   .32000000E+00  .29092686E+01
   .35500000E+00  .26891619E+01
   .39000000E+00  .25090209E+01
   .42500000E+00  .23582025E+01
   .46000000E+00  .22296025E+01
   .49500000E+00  .21181811E+01
   .53000000E+00  .20203276E+01
   .56500000E+00  .19333697E+01
   .60000000E+00  .18552873E+01
   .63500000E+00  .17845276E+01
   .67000000E+00  .17198718E+01
   .70500000E+00  .16603616E+01
   .74000000E+00  .16052191E+01
   .77500000E+00  .15538140E+01
   .81000000E+00  .15056289E+01
   .84500000E+00  .14602345E+01
   .88000000E+00  .14172722E+01
   .91500000E+00  .13764453E+01
   .95000000E+00  .13374831E+01
   .98500000E+00  .13001678E+01
   .10200000E+01  .12643265E+01
   .10550000E+01  .12297764E+01
   .10900000E+01  .11963892E+01
   .11250000E+01  .11640320E+01
   .11600000E+01  .11325980E+01
   .11950000E+01  .11019908E+01
   .12300000E+01  .10721229E+01
   .12650000E+01  .10429235E+01
   .13000000E+01  .10143188E+01
   .13350000E+01  .98624784E+00
   .13700000E+01  .95866059E+00
   .14050000E+01  .93150148E+00
   .14400000E+01  .90472881E+00
   .14750000E+01  .87829953E+00
   .15100000E+01  .85217665E+00
   .15450000E+01  .82632577E+00
   .15800000E+01  .80071513E+00
   .16150000E+01  .77531555E+00
   .16500000E+01  .75009994E+00
   .16850000E+01  .72504320E+00
   .17200000E+01  .70012194E+00
   .17550000E+01  .67531433E+00
   .17900000E+01  .65059992E+00
   .18250000E+01  .62595946E+00
   .18600000E+01  .60137482E+00
   .18950000E+01  .57682887E+00
   .19300000E+01  .55230534E+00
   .19650000E+01  .52779299E+00
   .20000000E+01  .50326856E+00
KBPotential  L  =       .00000   -.62503
  -.50000000E+01  .19892978E+01
  -.49650000E+01  .19805919E+01
  -.49300000E+01  .19718510E+01
  -.48950000E+01  .19630747E+01
  -.48600000E+01  .19542626E+01
  -.48250000E+01  .19454142E+01
  -.47900000E+01  .19365293E+01
  -.47550000E+01  .19276075E+01
  -.47200000E+01  .19186482E+01
  -.46850000E+01  .19096511E+01
  -.46500000E+01  .19006159E+01
  -.46150000E+01  .18915419E+01
  -.45800000E+01  .18824289E+01
  -.45450000E+01  .18732764E+01
  -.45100000E+01  .18640839E+01
  -.44750000E+01  .18548510E+01
  -.44400000E+01  .18455772E+01
  -.44050000E+01  .18362621E+01
  -.43700000E+01  .18269051E+01
  -.43350000E+01  .18175057E+01
  -.43000000E+01  .18080636E+01
  -.42650000E+01  .17985781E+01
  -.42300000E+01  .17890487E+01
  -.41950000E+01  .17794750E+01
  -.41600000E+01  .17698564E+01
  -.41250000E+01  .17601924E+01
  -.40900000E+01  .17504823E+01
  -.40550000E+01  .17407257E+01
  -.40200000E+01  .17309220E+01
  -.39850000E+01  .17210705E+01
  -.39500000E+01  .17111708E+01
  -.39150000E+01  .17012222E+01
  -.38800000E+01  .16912240E+01
  -.38450000E+01  .16811757E+01
  -.38100000E+01  .16710765E+01
  -.37750000E+01  .16609260E+01
  -.37400000E+01  .16507234E+01
  -.37050000E+01  .16404679E+01
  -.36700000E+01  .16301591E+01
  -.36350000E+01  .16197960E+01
  -.36000000E+01  .16093781E+01
  -.35650000E+01  .15989045E+01
  -.35300000E+01  .15883747E+01
  -.34950000E+01  .15777877E+01
  -.34600000E+01  .15671428E+01
  -.34250000E+01  .15564393E+01
  -.33900000E+01  .15456763E+01
  -.33550000E+01  .15348530E+01
  -.33200000E+01  .15239685E+01
  -.32850000E+01  .15130221E+01
  -.32500000E+01  .15020129E+01
  -.32150000E+01  .14909399E+01
  -.31800000E+01  .14798023E+01
  -.31450000E+01  .14685991E+01
  -.31100000E+01  .14573294E+01
  -.30750000E+01  .14459922E+01
  -.30400000E+01  .14345866E+01
  -.30050000E+01  .14231114E+01
  -.29700000E+01  .14115658E+01
  -.29350000E+01  .13999487E+01
  -.29000000E+01  .13882589E+01
  -.28650000E+01  .13764954E+01
  -.28300000E+01  .13646571E+01
  -.27950000E+01  .13527428E+01
  -.27600000E+01  .13407514E+01
  -.27250000E+01  .13286816E+01
  -.26900000E+01  .13165323E+01
  -.26550000E+01  .13043021E+01
  -.26200000E+01  .12919899E+01
  -.25850000E+01  .12795942E+01
  -.25500000E+01  .12671139E+01
  -.25150000E+01  .12545474E+01
  -.24800000E+01  .12418934E+01
  -.24450000E+01  .12291505E+01
  -.24100000E+01  .12163172E+01
  -.23750000E+01  .12033919E+01
  -.23400000E+01  .11903733E+01
  -.23050000E+01  .11772596E+01
  -.22700000E+01  .11640492E+01
  -.22350000E+01  .11507406E+01
  -.22000000E+01  .11373320E+01
  -.21650000E+01  .11238218E+01
  -.21300000E+01  .11102080E+01
  -.20950000E+01  .10964889E+01
  -.20600000E+01  .10826626E+01
  -.20250000E+01  .10687273E+01
  -.19900000E+01  .10546808E+01
  -.19550000E+01  .10405213E+01
  -.19200000E+01  .10262467E+01
  -.18850000E+01  .10118548E+01
  -.18500000E+01  .99734347E+00
  -.18150000E+01  .98271046E+00
  -.17800000E+01  .96795348E+00
  -.17450000E+01  .95307018E+00
  -.17100000E+01  .93805814E+00
  -.16750000E+01  .92291487E+00
  -.16400000E+01  .90763782E+00
  -.16050000E+01  .89222437E+00
  -.15700000E+01  .87667182E+00
  -.15350000E+01  .86097739E+00
  -.15000000E+01  .84513823E+00
  -.14650000E+01  .82915142E+00
  -.14300000E+01  .81301394E+00
  -.13950000E+01  .79672268E+00
  -.13600000E+01  .78027445E+00
  -.13250000E+01  .76366596E+00
  -.12900000E+01  .74689383E+00
  -.12550000E+01  .72995456E+00
  -.12200000E+01  .71284458E+00
  -.11850000E+01  .69556017E+00
  -.11500000E+01  .67809753E+00
  -.11150000E+01  .66045272E+00
  -.10800000E+01  .64262169E+00
  -.10450000E+01  .62460027E+00
  -.10100000E+01  .60638414E+00
  -.97500000E+00  .58796884E+00
  -.94000000E+00  .56934981E+00
  -.90500000E+00  .55052228E+00
  -.87000000E+00  .53148136E+00
  -.83500000E+00  .51222201E+00
  -.80000000E+00  .49273899E+00
  -.76500000E+00  .47302690E+00
  -.73000000E+00  .45308016E+00
  -.69500000E+00  .43289301E+00
  -.66000000E+00  .41245946E+00
  -.62500000E+00  .39177334E+00
  -.59000000E+00  .37082825E+00
  -.55500000E+00  .34961756E+00
  -.52000000E+00  .32813443E+00
  -.48500000E+00  .30637173E+00
  -.45000000E+00  .28432211E+00
  -.41500000E+00  .26197792E+00
  -.38000000E+00  .23933126E+00
  -.34500000E+00  .21637390E+00
  -.31000000E+00  .19309730E+00
  -.27500000E+00  .16949263E+00
  -.24000000E+00  .14555068E+00
  -.20500000E+00  .12126190E+00
  -.17000000E+00  .96616349E-01
  -.13500000E+00  .71603714E-01
  -.10000000E+00  .46213239E-01
  -.65000000E-01  .20433745E-01
  -.30000000E-01 -.57463998E-02
   .50000000E-02 -.32339320E-01
   .40000000E-01 -.59357657E-01
   .75000000E-01 -.86814575E-01
   .11000000E+00 -.11472382E+00
   .14500000E+00 -.14309969E+00
   .18000000E+00 -.17195718E+00
   .21500000E+00 -.20131191E+00
   .25000000E+00 -.23118020E+00
   .28500000E+00 -.26157914E+00
   .32000000E+00 -.29252657E+00
   .35500000E+00 -.32404117E+00
   .39000000E+00 -.35614254E+00
   .42500000E+00 -.38885119E+00
   .46000000E+00 -.42218860E+00
   .49500000E+00 -.45617733E+00
   .53000000E+00 -.49084105E+00
   .56500000E+00 -.52620462E+00
   .60000000E+00 -.56229417E+00
   .63500000E+00 -.59913718E+00
   .67000000E+00 -.63676256E+00
   .70500000E+00 -.67520076E+00
   .74000000E+00 -.71448387E+00
   .77500000E+00 -.75464572E+00
   .81000000E+00 -.79572202E+00
   .84500000E+00 -.83775049E+00
   .88000000E+00 -.88077099E+00
   .91500000E+00 -.92482570E+00
   .95000000E+00 -.96995926E+00
   .98500000E+00 -.10162190E+01
   .10200000E+01 -.10636551E+01
   .10550000E+01 -.11123208E+01
   .10900000E+01 -.11622727E+01
   .11250000E+01 -.12135710E+01
   .11600000E+01 -.12662799E+01
   .11950000E+01 -.13204677E+01
   .12300000E+01 -.13762072E+01
   .12650000E+01 -.14335764E+01
   .13000000E+01 -.14926585E+01
   .13350000E+01 -.15535427E+01
   .13700000E+01 -.16163247E+01
   .14050000E+01 -.16811070E+01
   .14400000E+01 -.17480000E+01
   .14750000E+01 -.18171224E+01
   .15100000E+01 -.18886024E+01
   .15450000E+01 -.19625780E+01
   .15800000E+01 -.20391988E+01
   .16150000E+01 -.21186268E+01
   .16500000E+01 -.22010376E+01
   .16850000E+01 -.22866222E+01
   .17200000E+01 -.23755886E+01
   .17550000E+01 -.24681640E+01
   .17900000E+01 -.25645965E+01
   .18250000E+01 -.26651585E+01
   .18600000E+01 -.27701485E+01
   .18950000E+01 -.28798959E+01
   .19300000E+01 -.29947641E+01
   .19650000E+01 -.31151554E+01
   .20000000E+01 -.32415166E+01
KBPotential  L  =      3.00000    .00000
  -.50000000E+01  .25914719E+01
  -.49650000E+01  .25849030E+01
  -.49300000E+01  .25783189E+01
  -.48950000E+01  .25717195E+01
  -.48600000E+01  .25651048E+01
  -.48250000E+01  .25584747E+01
  -.47900000E+01  .25518290E+01
  -.47550000E+01  .25451676E+01
  -.47200000E+01  .25384905E+01
  -.46850000E+01  .25317976E+01
  -.46500000E+01  .25250887E+01
  -.46150000E+01  .25183638E+01
  -.45800000E+01  .25116227E+01
  -.45450000E+01  .25048653E+01
  -.45100000E+01  .24980915E+01
  -.44750000E+01  .24913012E+01
  -.44400000E+01  .24844944E+01
  -.44050000E+01  .24776708E+01
  -.43700000E+01  .24708303E+01
  -.43350000E+01  .24639730E+01
  -.43000000E+01  .24570986E+01
  -.42650000E+01  .24502070E+01
  -.42300000E+01  .24432981E+01
  -.41950000E+01  .24363718E+01
  -.41600000E+01  .24294279E+01
  -.41250000E+01  .24224664E+01
  -.40900000E+01  .24154871E+01
  -.40550000E+01  .24084900E+01
  -.40200000E+01  .24014747E+01
  -.39850000E+01  .23944414E+01
  -.39500000E+01  .23873897E+01
  -.39150000E+01  .23803196E+01
  -.38800000E+01  .23732310E+01
  -.38450000E+01  .23661237E+01
  -.38100000E+01  .23589975E+01
  -.37750000E+01  .23518524E+01
  -.37400000E+01  .23446882E+01
  -.37050000E+01  .23375048E+01
  -.36700000E+01  .23303020E+01
  -.36350000E+01  .23230797E+01
  -.36000000E+01  .23158378E+01
  -.35650000E+01  .23085760E+01
  -.35300000E+01  .23012943E+01
  -.34950000E+01  .22939924E+01
  -.34600000E+01  .22866704E+01
  -.34250000E+01  .22793279E+01
  -.33900000E+01  .22719648E+01
  -.33550000E+01  .22645811E+01
  -.33200000E+01  .22571765E+01
  -.32850000E+01  .22497509E+01
  -.32500000E+01  .22423040E+01
  -.32150000E+01  .22348358E+01
  -.31800000E+01  .22273460E+01
  -.31450000E+01  .22198346E+01
  -.31100000E+01  .22123013E+01
  -.30750000E+01  .22047459E+01
  -.30400000E+01  .21971684E+01
  -.30050000E+01  .21895684E+01
  -.29700000E+01  .21819459E+01
  -.29350000E+01  .21743007E+01
  -.29000000E+01  .21666325E+01
  -.28650000E+01  .21589413E+01
  -.28300000E+01  .21512267E+01
  -.27950000E+01  .21434885E+01
  -.27600000E+01  .21357268E+01
  -.27250000E+01  .21279412E+01
  -.26900000E+01  .21201315E+01
  -.26550000E+01  .21122976E+01
  -.26200000E+01  .21044392E+01
  -.25850000E+01  .20965561E+01
  -.25500000E+01  .20886482E+01
  -.25150000E+01  .20807151E+01
  -.24800000E+01  .20727568E+01
  -.24450000E+01  .20647729E+01
  -.24100000E+01  .20567633E+01
  -.23750000E+01  .20487278E+01
  -.23400000E+01  .20406661E+01
  -.23050000E+01  .20325779E+01
  -.22700000E+01  .20244632E+01
  -.22350000E+01  .20163216E+01
  -.22000000E+01  .20081528E+01
  -.21650000E+01  .19999568E+01
  -.21300000E+01  .19917332E+01
  -.20950000E+01  .19834817E+01
  -.20600000E+01  .19752022E+01
  -.20250000E+01  .19668943E+01
  -.19900000E+01  .19585579E+01
  -.19550000E+01  .19501926E+01
  -.19200000E+01  .19417983E+01
  -.18850000E+01  .19333745E+01
  -.18500000E+01  .19249212E+01
  -.18150000E+01  .19164379E+01
  -.17800000E+01  .19079245E+01
  -.17450000E+01  .18993805E+01
  -.17100000E+01  .18908059E+01
  -.16750000E+01  .18822002E+01
  -.16400000E+01  .18735632E+01
  -.16050000E+01  .18648945E+01
  -.15700000E+01  .18561939E+01
  -.15350000E+01  .18474611E+01
  -.15000000E+01  .18386957E+01
  -.14650000E+01  .18298975E+01
  -.14300000E+01  .18210661E+01
  -.13950000E+01  .18122012E+01
  -.13600000E+01  .18033025E+01
  -.13250000E+01  .17943696E+01
  -.12900000E+01  .17854022E+01
  -.12550000E+01  .17764000E+01
  -.12200000E+01  .17673625E+01
  -.11850000E+01  .17582896E+01
  -.11500000E+01  .17491807E+01
  -.11150000E+01  .17400355E+01
  -.10800000E+01  .17308538E+01
  -.10450000E+01  .17216350E+01
  -.10100000E+01  .17123788E+01
  -.97500000E+00  .17030848E+01
  -.94000000E+00  .16937526E+01
  -.90500000E+00  .16843819E+01
  -.87000000E+00  .16749721E+01
  -.83500000E+00  .16655230E+01
  -.80000000E+00  .16560341E+01
  -.76500000E+00  .16465049E+01
  -.73000000E+00  .16369351E+01
  -.69500000E+00  .16273241E+01
  -.66000000E+00  .16176716E+01
  -.62500000E+00  .16079771E+01
  -.59000000E+00  .15982401E+01
  -.55500000E+00  .15884601E+01
  -.52000000E+00  .15786368E+01
  -.48500000E+00  .15687695E+01
  -.45000000E+00  .15588579E+01
  -.41500000E+00  .15489014E+01
  -.38000000E+00  .15388994E+01
  -.34500000E+00  .15288516E+01
  -.31000000E+00  .15187573E+01
  -.27500000E+00  .15086160E+01
  -.24000000E+00  .14984272E+01
  -.20500000E+00  .14881904E+01
  -.17000000E+00  .14779049E+01
  -.13500000E+00  .14675702E+01
  -.10000000E+00  .14571857E+01
  -.65000000E-01  .14467508E+01
  -.30000000E-01  .14362649E+01
   .50000000E-02  .14257275E+01
   .40000000E-01  .14151378E+01
   .75000000E-01  .14044952E+01
   .11000000E+00  .13937992E+01
   .14500000E+00  .13830490E+01
   .18000000E+00  .13722439E+01
   .21500000E+00  .13613833E+01
   .25000000E+00  .13504665E+01
   .28500000E+00  .13394928E+01
   .32000000E+00  .13284614E+01
   .35500000E+00  .13173717E+01
   .39000000E+00  .13062228E+01
   .42500000E+00  .12950141E+01
   .46000000E+00  .12837446E+01
   .49500000E+00  .12724137E+01
   .53000000E+00  .12610206E+01
   .56500000E+00  .12495643E+01
   .60000000E+00  .12380441E+01
   .63500000E+00  .12264592E+01
   .67000000E+00  .12148086E+01
   .70500000E+00  .12030914E+01
   .74000000E+00  .11913068E+01
   .77500000E+00  .11794538E+01
   .81000000E+00  .11675315E+01
   .84500000E+00  .11555389E+01
   .88000000E+00  .11434751E+01
   .91500000E+00  .11313390E+01
   .95000000E+00  .11191296E+01
   .98500000E+00  .11068459E+01
   .10200000E+01  .10944868E+01
   .10550000E+01  .10820513E+01
   .10900000E+01  .10695381E+01
   .11250000E+01  .10569462E+01
   .11600000E+01  .10442745E+01
   .11950000E+01  .10315217E+01
   .12300000E+01  .10186867E+01
   .12650000E+01  .10057681E+01
   .13000000E+01  .99276486E+00
   .13350000E+01  .97967554E+00
   .13700000E+01  .96649887E+00
   .14050000E+01  .95323351E+00
   .14400000E+01  .93987808E+00
   .14750000E+01  .92643119E+00
   .15100000E+01  .91289139E+00
   .15450000E+01  .89925721E+00
   .15800000E+01  .88552717E+00
   .16150000E+01  .87169971E+00
   .16500000E+01  .85777327E+00
   .16850000E+01  .84374625E+00
   .17200000E+01  .82961699E+00
   .17550000E+01  .81538381E+00
   .17900000E+01  .80104500E+00
   .18250000E+01  .78659878E+00
   .18600000E+01  .77204335E+00
   .18950000E+01  .75737686E+00
   .19300000E+01  .74259741E+00
   .19650000E+01  .72770307E+00
   .20000000E+01  .71269184E+00
KBPotential  L  =      4.00000    .00000
  -.50000000E+01  .29354599E+01
  -.49650000E+01  .29297103E+01
  -.49300000E+01  .29239508E+01
  -.48950000E+01  .29181810E+01
  -.48600000E+01  .29124005E+01
  -.48250000E+01  .29066103E+01
  -.47900000E+01  .29008100E+01
  -.47550000E+01  .28950006E+01
  -.47200000E+01  .28891795E+01
  -.46850000E+01  .28833480E+01
  -.46500000E+01  .28775048E+01
  -.46150000E+01  .28716523E+01
  -.45800000E+01  .28657888E+01
  -.45450000E+01  .28599151E+01
  -.45100000E+01  .28540309E+01
  -.44750000E+01  .28481361E+01
  -.44400000E+01  .28422303E+01
  -.44050000E+01  .28363148E+01
  -.43700000E+01  .28303873E+01
  -.43350000E+01  .28244472E+01
  -.43000000E+01  .28184977E+01
  -.42650000E+01  .28125374E+01
  -.42300000E+01  .28065658E+01
  -.41950000E+01  .28005831E+01
  -.41600000E+01  .27945891E+01
  -.41250000E+01  .27885838E+01
  -.40900000E+01  .27825672E+01
  -.40550000E+01  .27765392E+01
  -.40200000E+01  .27704995E+01
  -.39850000E+01  .27644482E+01
  -.39500000E+01  .27583857E+01
  -.39150000E+01  .27523118E+01
  -.38800000E+01  .27462259E+01
  -.38450000E+01  .27401283E+01
  -.38100000E+01  .27340188E+01
  -.37750000E+01  .27278975E+01
  -.37400000E+01  .27217642E+01
  -.37050000E+01  .27156189E+01
  -.36700000E+01  .27094614E+01
  -.36350000E+01  .27032919E+01
  -.36000000E+01  .26971099E+01
  -.35650000E+01  .26909163E+01
  -.35300000E+01  .26847100E+01
  -.34950000E+01  .26784913E+01
  -.34600000E+01  .26722599E+01
  -.34250000E+01  .26660162E+01
  -.33900000E+01  .26597598E+01
  -.33550000E+01  .26534921E+01
  -.33200000E+01  .26472092E+01
  -.32850000E+01  .26409146E+01
  -.32500000E+01  .26346069E+01
  -.32150000E+01  .26282863E+01
  -.31800000E+01  .26219543E+01
  -.31450000E+01  .26156077E+01
  -.31100000E+01  .26092480E+01
  -.30750000E+01  .26028747E+01
  -.30400000E+01  .25964873E+01
  -.30050000E+01  .25900888E+01
  -.29700000E+01  .25836756E+01
  -.29350000E+01  .25772488E+01
  -.29000000E+01  .25708084E+01
  -.28650000E+01  .25643530E+01
  -.28300000E+01  .25578850E+01
  -.27950000E+01  .25514032E+01
  -.27600000E+01  .25449073E+01
  -.27250000E+01  .25383976E+01
  -.26900000E+01  .25318737E+01
  -.26550000E+01  .25253356E+01
  -.26200000E+01  .25187833E+01
  -.25850000E+01  .25122165E+01
  -.25500000E+01  .25056352E+01
  -.25150000E+01  .24990395E+01
  -.24800000E+01  .24924304E+01
  -.24450000E+01  .24858039E+01
  -.24100000E+01  .24791641E+01
  -.23750000E+01  .24725094E+01
  -.23400000E+01  .24658396E+01
  -.23050000E+01  .24591549E+01
  -.22700000E+01  .24524551E+01
  -.22350000E+01  .24457398E+01
  -.22000000E+01  .24390091E+01
  -.21650000E+01  .24322633E+01
  -.21300000E+01  .24255018E+01
  -.20950000E+01  .24187247E+01
  -.20600000E+01  .24119318E+01
  -.20250000E+01  .24051231E+01
  -.19900000E+01  .23982984E+01
  -.19550000E+01  .23914578E+01
  -.19200000E+01  .23846010E+01
  -.18850000E+01  .23777281E+01
  -.18500000E+01  .23708383E+01
  -.18150000E+01  .23639327E+01
  -.17800000E+01  .23570108E+01
  -.17450000E+01  .23500718E+01
  -.17100000E+01  .23431160E+01
  -.16750000E+01  .23361445E+01
  -.16400000E+01  .23291550E+01
  -.16050000E+01  .23221485E+01
  -.15700000E+01  .23151235E+01
  -.15350000E+01  .23080825E+01
  -.15000000E+01  .23010254E+01
  -.14650000E+01  .22939482E+01
  -.14300000E+01  .22868547E+01
  -.13950000E+01  .22797434E+01
  -.13600000E+01  .22726143E+01
  -.13250000E+01  .22654671E+01
  -.12900000E+01  .22583019E+01
  -.12550000E+01  .22511184E+01
  -.12200000E+01  .22439166E+01
  -.11850000E+01  .22366963E+01
  -.11500000E+01  .22294579E+01
  -.11150000E+01  .22222002E+01
  -.10800000E+01  .22149234E+01
  -.10450000E+01  .22076283E+01
  -.10100000E+01  .22003138E+01
  -.97500000E+00  .21929800E+01
  -.94000000E+00  .21856270E+01
  -.90500000E+00  .21782539E+01
  -.87000000E+00  .21708620E+01
  -.83500000E+00  .21634496E+01
  -.80000000E+00  .21560176E+01
  -.76500000E+00  .21485656E+01
  -.73000000E+00  .21410936E+01
  -.69500000E+00  .21336011E+01
  -.66000000E+00  .21260881E+01
  -.62500000E+00  .21185546E+01
  -.59000000E+00  .21109997E+01
  -.55500000E+00  .21034245E+01
  -.52000000E+00  .20958281E+01
  -.48500000E+00  .20882105E+01
  -.45000000E+00  .20805714E+01
  -.41500000E+00  .20729109E+01
  -.38000000E+00  .20652286E+01
  -.34500000E+00  .20575245E+01
  -.31000000E+00  .20497984E+01
  -.27500000E+00  .20420501E+01
  -.24000000E+00  .20342794E+01
  -.20500000E+00  .20264862E+01
  -.17000000E+00  .20186704E+01
  -.13500000E+00  .20108317E+01
  -.10000000E+00  .20029700E+01
  -.65000000E-01  .19950851E+01
  -.30000000E-01  .19871769E+01
   .50000000E-02  .19792450E+01
   .40000000E-01  .19712895E+01
   .75000000E-01  .19633100E+01
   .11000000E+00  .19553065E+01
   .14500000E+00  .19472787E+01
   .18000000E+00  .19392264E+01
   .21500000E+00  .19311494E+01
   .25000000E+00  .19230476E+01
   .28500000E+00  .19149208E+01
   .32000000E+00  .19067687E+01
   .35500000E+00  .18985911E+01
   .39000000E+00  .18903880E+01
   .42500000E+00  .18821589E+01
   .46000000E+00  .18739038E+01
   .49500000E+00  .18656225E+01
   .53000000E+00  .18573146E+01
   .56500000E+00  .18489801E+01
   .60000000E+00  .18406186E+01
   .63500000E+00  .18322301E+01
   .67000000E+00  .18238141E+01
   .70500000E+00  .18153706E+01
   .74000000E+00  .18068993E+01
   .77500000E+00  .17984000E+01
   .81000000E+00  .17898723E+01
   .84500000E+00  .17813162E+01
   .88000000E+00  .17727313E+01
   .91500000E+00  .17641174E+01
   .95000000E+00  .17554743E+01
   .98500000E+00  .17468017E+01
   .10200000E+01  .17380994E+01
   .10550000E+01  .17293671E+01
   .10900000E+01  .17206045E+01
   .11250000E+01  .17118114E+01
   .11600000E+01  .17029875E+01
   .11950000E+01  .16941326E+01
   .12300000E+01  .16852464E+01
   .12650000E+01  .16763286E+01
   .13000000E+01  .16673789E+01
   .13350000E+01  .16583970E+01
   .13700000E+01  .16493827E+01
   .14050000E+01  .16403357E+01
   .14400000E+01  .16312557E+01
   .14750000E+01  .16221423E+01
   .15100000E+01  .16129953E+01
   .15450000E+01  .16038143E+01
   .15800000E+01  .15945992E+01
   .16150000E+01  .15853494E+01
   .16500000E+01  .15760648E+01
   .16850000E+01  .15667450E+01
   .17200000E+01  .15573897E+01
   .17550000E+01  .15479985E+01
   .17900000E+01  .15385711E+01
   .18250000E+01  .15291071E+01
   .18600000E+01  .15196063E+01
   .18950000E+01  .15100683E+01
   .19300000E+01  .15004926E+01
   .19650000E+01  .14908791E+01
   .20000000E+01  .14812271E+01
