#Thickness(um)       XX(A/cm2)       YY(A/cm2)       ZZ(A/cm2)
     0.00000  0.00000000E+00  0.00000000E+00  0.00000000E+00  0.00000000E+00
     0.01000  0.17415470E-18  0.17415470E-18  0.17415470E-18  0.17415470E-18
     0.02000  0.34058057E-18  0.34058057E-18  0.34058057E-18  0.34058057E-18
     0.03000  0.49962161E-18  0.49962161E-18  0.49962161E-18  0.49962161E-18
     0.04000  0.65160651E-18  0.65160651E-18  0.65160651E-18  0.65160651E-18
     0.05000  0.79684923E-18  0.79684923E-18  0.79684923E-18  0.79684923E-18
     0.06000  0.93564969E-18  0.93564969E-18  0.93564969E-18  0.93564969E-18
     0.07000  0.10682946E-17  0.10682946E-17  0.10682946E-17  0.10682946E-17
     0.08000  0.11950578E-17  0.11950578E-17  0.11950578E-17  0.11950578E-17
     0.09000  0.13162008E-17  0.13162008E-17  0.13162008E-17  0.13162008E-17
     0.10000  0.14319736E-17  0.14319736E-17  0.14319736E-17  0.14319736E-17
     0.11000  0.15426149E-17  0.15426149E-17  0.15426149E-17  0.15426149E-17
     0.12000  0.16483530E-17  0.16483530E-17  0.16483530E-17  0.16483530E-17
     0.13000  0.17494059E-17  0.17494059E-17  0.17494059E-17  0.17494059E-17
     0.14000  0.18459817E-17  0.18459817E-17  0.18459817E-17  0.18459817E-17
     0.15000  0.19382796E-17  0.19382796E-17  0.19382796E-17  0.19382796E-17
     0.16000  0.20264896E-17  0.20264896E-17  0.20264896E-17  0.20264896E-17
     0.17000  0.21107932E-17  0.21107932E-17  0.21107932E-17  0.21107932E-17
     0.18000  0.21913644E-17  0.21913644E-17  0.21913644E-17  0.21913644E-17
     0.19000  0.22683685E-17  0.22683685E-17  0.22683685E-17  0.22683685E-17
     0.20000  0.23419643E-17  0.23419643E-17  0.23419643E-17  0.23419643E-17
     0.21000  0.24123030E-17  0.24123030E-17  0.24123030E-17  0.24123030E-17
     0.22000  0.24795294E-17  0.24795294E-17  0.24795294E-17  0.24795294E-17
     0.23000  0.25437815E-17  0.25437815E-17  0.25437815E-17  0.25437815E-17
     0.24000  0.26051915E-17  0.26051915E-17  0.26051915E-17  0.26051915E-17
     0.25000  0.26638856E-17  0.26638856E-17  0.26638856E-17  0.26638856E-17
     0.26000  0.27199842E-17  0.27199842E-17  0.27199842E-17  0.27199842E-17
     0.27000  0.27736023E-17  0.27736023E-17  0.27736023E-17  0.27736023E-17
     0.28000  0.28248505E-17  0.28248505E-17  0.28248505E-17  0.28248505E-17
     0.29000  0.28738336E-17  0.28738336E-17  0.28738336E-17  0.28738336E-17
     0.30000  0.29206521E-17  0.29206521E-17  0.29206521E-17  0.29206521E-17
     0.31000  0.29654020E-17  0.29654020E-17  0.29654020E-17  0.29654020E-17
     0.32000  0.30081751E-17  0.30081751E-17  0.30081751E-17  0.30081751E-17
     0.33000  0.30490591E-17  0.30490591E-17  0.30490591E-17  0.30490591E-17
     0.34000  0.30881376E-17  0.30881376E-17  0.30881376E-17  0.30881376E-17
     0.35000  0.31254908E-17  0.31254908E-17  0.31254908E-17  0.31254908E-17
     0.36000  0.31611952E-17  0.31611952E-17  0.31611952E-17  0.31611952E-17
     0.37000  0.31953237E-17  0.31953237E-17  0.31953237E-17  0.31953237E-17
     0.38000  0.32279461E-17  0.32279461E-17  0.32279461E-17  0.32279461E-17
     0.39000  0.32591293E-17  0.32591293E-17  0.32591293E-17  0.32591293E-17
     0.40000  0.32889370E-17  0.32889370E-17  0.32889370E-17  0.32889370E-17
     0.41000  0.33174301E-17  0.33174301E-17  0.33174301E-17  0.33174301E-17
     0.42000  0.33446668E-17  0.33446668E-17  0.33446668E-17  0.33446668E-17
     0.43000  0.33707029E-17  0.33707029E-17  0.33707029E-17  0.33707029E-17
     0.44000  0.33955913E-17  0.33955913E-17  0.33955913E-17  0.33955913E-17
     0.45000  0.34193828E-17  0.34193828E-17  0.34193828E-17  0.34193828E-17
     0.46000  0.34421262E-17  0.34421262E-17  0.34421262E-17  0.34421262E-17
     0.47000  0.34638677E-17  0.34638677E-17  0.34638677E-17  0.34638677E-17
     0.48000  0.34846516E-17  0.34846516E-17  0.34846516E-17  0.34846516E-17
     0.49000  0.35045203E-17  0.35045203E-17  0.35045203E-17  0.35045203E-17
     0.50000  0.35235144E-17  0.35235144E-17  0.35235144E-17  0.35235144E-17
     0.51000  0.35416724E-17  0.35416724E-17  0.35416724E-17  0.35416724E-17
     0.52000  0.35590314E-17  0.35590314E-17  0.35590314E-17  0.35590314E-17
     0.53000  0.35756266E-17  0.35756266E-17  0.35756266E-17  0.35756266E-17
     0.54000  0.35914918E-17  0.35914918E-17  0.35914918E-17  0.35914918E-17
     0.55000  0.36066593E-17  0.36066593E-17  0.36066593E-17  0.36066593E-17
     0.56000  0.36211599E-17  0.36211599E-17  0.36211599E-17  0.36211599E-17
     0.57000  0.36350231E-17  0.36350231E-17  0.36350231E-17  0.36350231E-17
     0.58000  0.36482770E-17  0.36482770E-17  0.36482770E-17  0.36482770E-17
     0.59000  0.36609486E-17  0.36609486E-17  0.36609486E-17  0.36609486E-17
     0.60000  0.36730635E-17  0.36730635E-17  0.36730635E-17  0.36730635E-17
     0.61000  0.36846462E-17  0.36846462E-17  0.36846462E-17  0.36846462E-17
     0.62000  0.36957204E-17  0.36957204E-17  0.36957204E-17  0.36957204E-17
     0.63000  0.37063084E-17  0.37063084E-17  0.37063084E-17  0.37063084E-17
     0.64000  0.37164318E-17  0.37164318E-17  0.37164318E-17  0.37164318E-17
     0.65000  0.37261109E-17  0.37261109E-17  0.37261109E-17  0.37261109E-17
     0.66000  0.37353654E-17  0.37353654E-17  0.37353654E-17  0.37353654E-17
     0.67000  0.37442141E-17  0.37442141E-17  0.37442141E-17  0.37442141E-17
     0.68000  0.37526746E-17  0.37526746E-17  0.37526746E-17  0.37526746E-17
     0.69000  0.37607644E-17  0.37607644E-17  0.37607644E-17  0.37607644E-17
     0.70000  0.37684996E-17  0.37684996E-17  0.37684996E-17  0.37684996E-17
     0.71000  0.37758959E-17  0.37758959E-17  0.37758959E-17  0.37758959E-17
     0.72000  0.37829681E-17  0.37829681E-17  0.37829681E-17  0.37829681E-17
     0.73000  0.37897307E-17  0.37897307E-17  0.37897307E-17  0.37897307E-17
     0.74000  0.37961972E-17  0.37961972E-17  0.37961972E-17  0.37961972E-17
     0.75000  0.38023806E-17  0.38023806E-17  0.38023806E-17  0.38023806E-17
     0.76000  0.38082934E-17  0.38082934E-17  0.38082934E-17  0.38082934E-17
     0.77000  0.38139476E-17  0.38139476E-17  0.38139476E-17  0.38139476E-17
     0.78000  0.38193545E-17  0.38193545E-17  0.38193545E-17  0.38193545E-17
     0.79000  0.38245249E-17  0.38245249E-17  0.38245249E-17  0.38245249E-17
     0.80000  0.38294693E-17  0.38294693E-17  0.38294693E-17  0.38294693E-17
     0.81000  0.38341977E-17  0.38341977E-17  0.38341977E-17  0.38341977E-17
     0.82000  0.38387194E-17  0.38387194E-17  0.38387194E-17  0.38387194E-17
     0.83000  0.38430437E-17  0.38430437E-17  0.38430437E-17  0.38430437E-17
     0.84000  0.38471792E-17  0.38471792E-17  0.38471792E-17  0.38471792E-17
     0.85000  0.38511341E-17  0.38511341E-17  0.38511341E-17  0.38511341E-17
     0.86000  0.38549164E-17  0.38549164E-17  0.38549164E-17  0.38549164E-17
     0.87000  0.38585337E-17  0.38585337E-17  0.38585337E-17  0.38585337E-17
     0.88000  0.38619932E-17  0.38619932E-17  0.38619932E-17  0.38619932E-17
     0.89000  0.38653019E-17  0.38653019E-17  0.38653019E-17  0.38653019E-17
     0.90000  0.38684664E-17  0.38684664E-17  0.38684664E-17  0.38684664E-17
     0.91000  0.38714929E-17  0.38714929E-17  0.38714929E-17  0.38714929E-17
     0.92000  0.38743877E-17  0.38743877E-17  0.38743877E-17  0.38743877E-17
     0.93000  0.38771563E-17  0.38771563E-17  0.38771563E-17  0.38771563E-17
     0.94000  0.38798044E-17  0.38798044E-17  0.38798044E-17  0.38798044E-17
     0.95000  0.38823373E-17  0.38823373E-17  0.38823373E-17  0.38823373E-17
     0.96000  0.38847599E-17  0.38847599E-17  0.38847599E-17  0.38847599E-17
     0.97000  0.38870772E-17  0.38870772E-17  0.38870772E-17  0.38870772E-17
     0.98000  0.38892937E-17  0.38892937E-17  0.38892937E-17  0.38892937E-17
     0.99000  0.38914138E-17  0.38914138E-17  0.38914138E-17  0.38914138E-17
     1.00000  0.38934419E-17  0.38934419E-17  0.38934419E-17  0.38934419E-17
     1.01000  0.38953818E-17  0.38953818E-17  0.38953818E-17  0.38953818E-17
     1.02000  0.38972375E-17  0.38972375E-17  0.38972375E-17  0.38972375E-17
     1.03000  0.38990126E-17  0.38990126E-17  0.38990126E-17  0.38990126E-17
     1.04000  0.39007107E-17  0.39007107E-17  0.39007107E-17  0.39007107E-17
     1.05000  0.39023351E-17  0.39023351E-17  0.39023351E-17  0.39023351E-17
     1.06000  0.39038891E-17  0.39038891E-17  0.39038891E-17  0.39038891E-17
     1.07000  0.39053756E-17  0.39053756E-17  0.39053756E-17  0.39053756E-17
     1.08000  0.39067978E-17  0.39067978E-17  0.39067978E-17  0.39067978E-17
     1.09000  0.39081584E-17  0.39081584E-17  0.39081584E-17  0.39081584E-17
     1.10000  0.39094600E-17  0.39094600E-17  0.39094600E-17  0.39094600E-17
     1.11000  0.39107053E-17  0.39107053E-17  0.39107053E-17  0.39107053E-17
     1.12000  0.39118967E-17  0.39118967E-17  0.39118967E-17  0.39118967E-17
     1.13000  0.39130366E-17  0.39130366E-17  0.39130366E-17  0.39130366E-17
     1.14000  0.39141271E-17  0.39141271E-17  0.39141271E-17  0.39141271E-17
     1.15000  0.39151706E-17  0.39151706E-17  0.39151706E-17  0.39151706E-17
     1.16000  0.39161689E-17  0.39161689E-17  0.39161689E-17  0.39161689E-17
     1.17000  0.39171241E-17  0.39171241E-17  0.39171241E-17  0.39171241E-17
     1.18000  0.39180381E-17  0.39180381E-17  0.39180381E-17  0.39180381E-17
     1.19000  0.39189126E-17  0.39189126E-17  0.39189126E-17  0.39189126E-17
     1.20000  0.39197494E-17  0.39197494E-17  0.39197494E-17  0.39197494E-17
     1.21000  0.39205500E-17  0.39205500E-17  0.39205500E-17  0.39205500E-17
     1.22000  0.39213162E-17  0.39213162E-17  0.39213162E-17  0.39213162E-17
     1.23000  0.39220494E-17  0.39220494E-17  0.39220494E-17  0.39220494E-17
     1.24000  0.39227510E-17  0.39227510E-17  0.39227510E-17  0.39227510E-17
     1.25000  0.39234223E-17  0.39234223E-17  0.39234223E-17  0.39234223E-17
     1.26000  0.39240648E-17  0.39240648E-17  0.39240648E-17  0.39240648E-17
     1.27000  0.39246796E-17  0.39246796E-17  0.39246796E-17  0.39246796E-17
     1.28000  0.39252680E-17  0.39252680E-17  0.39252680E-17  0.39252680E-17
     1.29000  0.39258311E-17  0.39258311E-17  0.39258311E-17  0.39258311E-17
     1.30000  0.39263700E-17  0.39263700E-17  0.39263700E-17  0.39263700E-17
     1.31000  0.39268857E-17  0.39268857E-17  0.39268857E-17  0.39268857E-17
     1.32000  0.39273794E-17  0.39273794E-17  0.39273794E-17  0.39273794E-17
     1.33000  0.39278518E-17  0.39278518E-17  0.39278518E-17  0.39278518E-17
     1.34000  0.39283039E-17  0.39283039E-17  0.39283039E-17  0.39283039E-17
     1.35000  0.39287367E-17  0.39287367E-17  0.39287367E-17  0.39287367E-17
     1.36000  0.39291509E-17  0.39291509E-17  0.39291509E-17  0.39291509E-17
     1.37000  0.39295474E-17  0.39295474E-17  0.39295474E-17  0.39295474E-17
     1.38000  0.39299269E-17  0.39299269E-17  0.39299269E-17  0.39299269E-17
     1.39000  0.39302902E-17  0.39302902E-17  0.39302902E-17  0.39302902E-17
     1.40000  0.39306379E-17  0.39306379E-17  0.39306379E-17  0.39306379E-17
     1.41000  0.39309708E-17  0.39309708E-17  0.39309708E-17  0.39309708E-17
     1.42000  0.39312894E-17  0.39312894E-17  0.39312894E-17  0.39312894E-17
     1.43000  0.39315945E-17  0.39315945E-17  0.39315945E-17  0.39315945E-17
     1.44000  0.39318865E-17  0.39318865E-17  0.39318865E-17  0.39318865E-17
     1.45000  0.39321660E-17  0.39321660E-17  0.39321660E-17  0.39321660E-17
     1.46000  0.39324336E-17  0.39324336E-17  0.39324336E-17  0.39324336E-17
     1.47000  0.39326898E-17  0.39326898E-17  0.39326898E-17  0.39326898E-17
     1.48000  0.39329351E-17  0.39329351E-17  0.39329351E-17  0.39329351E-17
     1.49000  0.39331700E-17  0.39331700E-17  0.39331700E-17  0.39331700E-17
     1.50000  0.39333948E-17  0.39333948E-17  0.39333948E-17  0.39333948E-17
     1.51000  0.39336101E-17  0.39336101E-17  0.39336101E-17  0.39336101E-17
     1.52000  0.39338162E-17  0.39338162E-17  0.39338162E-17  0.39338162E-17
     1.53000  0.39340136E-17  0.39340136E-17  0.39340136E-17  0.39340136E-17
     1.54000  0.39342026E-17  0.39342026E-17  0.39342026E-17  0.39342026E-17
     1.55000  0.39343835E-17  0.39343835E-17  0.39343835E-17  0.39343835E-17
     1.56000  0.39345568E-17  0.39345568E-17  0.39345568E-17  0.39345568E-17
     1.57000  0.39347227E-17  0.39347227E-17  0.39347227E-17  0.39347227E-17
     1.58000  0.39348816E-17  0.39348816E-17  0.39348816E-17  0.39348816E-17
     1.59000  0.39350338E-17  0.39350338E-17  0.39350338E-17  0.39350338E-17
     1.60000  0.39351795E-17  0.39351795E-17  0.39351795E-17  0.39351795E-17
     1.61000  0.39353191E-17  0.39353191E-17  0.39353191E-17  0.39353191E-17
     1.62000  0.39354527E-17  0.39354527E-17  0.39354527E-17  0.39354527E-17
     1.63000  0.39355807E-17  0.39355807E-17  0.39355807E-17  0.39355807E-17
     1.64000  0.39357033E-17  0.39357033E-17  0.39357033E-17  0.39357033E-17
     1.65000  0.39358208E-17  0.39358208E-17  0.39358208E-17  0.39358208E-17
     1.66000  0.39359332E-17  0.39359332E-17  0.39359332E-17  0.39359332E-17
     1.67000  0.39360410E-17  0.39360410E-17  0.39360410E-17  0.39360410E-17
     1.68000  0.39361442E-17  0.39361442E-17  0.39361442E-17  0.39361442E-17
     1.69000  0.39362430E-17  0.39362430E-17  0.39362430E-17  0.39362430E-17
     1.70000  0.39363377E-17  0.39363377E-17  0.39363377E-17  0.39363377E-17
     1.71000  0.39364284E-17  0.39364284E-17  0.39364284E-17  0.39364284E-17
     1.72000  0.39365153E-17  0.39365153E-17  0.39365153E-17  0.39365153E-17
     1.73000  0.39365985E-17  0.39365985E-17  0.39365985E-17  0.39365985E-17
     1.74000  0.39366782E-17  0.39366782E-17  0.39366782E-17  0.39366782E-17
     1.75000  0.39367546E-17  0.39367546E-17  0.39367546E-17  0.39367546E-17
     1.76000  0.39368278E-17  0.39368278E-17  0.39368278E-17  0.39368278E-17
     1.77000  0.39368980E-17  0.39368980E-17  0.39368980E-17  0.39368980E-17
     1.78000  0.39369651E-17  0.39369651E-17  0.39369651E-17  0.39369651E-17
     1.79000  0.39370295E-17  0.39370295E-17  0.39370295E-17  0.39370295E-17
     1.80000  0.39370912E-17  0.39370912E-17  0.39370912E-17  0.39370912E-17
     1.81000  0.39371503E-17  0.39371503E-17  0.39371503E-17  0.39371503E-17
     1.82000  0.39372069E-17  0.39372069E-17  0.39372069E-17  0.39372069E-17
     1.83000  0.39372612E-17  0.39372612E-17  0.39372612E-17  0.39372612E-17
     1.84000  0.39373132E-17  0.39373132E-17  0.39373132E-17  0.39373132E-17
     1.85000  0.39373631E-17  0.39373631E-17  0.39373631E-17  0.39373631E-17
     1.86000  0.39374108E-17  0.39374108E-17  0.39374108E-17  0.39374108E-17
     1.87000  0.39374566E-17  0.39374566E-17  0.39374566E-17  0.39374566E-17
     1.88000  0.39375005E-17  0.39375005E-17  0.39375005E-17  0.39375005E-17
     1.89000  0.39375425E-17  0.39375425E-17  0.39375425E-17  0.39375425E-17
     1.90000  0.39375828E-17  0.39375828E-17  0.39375828E-17  0.39375828E-17
     1.91000  0.39376215E-17  0.39376215E-17  0.39376215E-17  0.39376215E-17
     1.92000  0.39376585E-17  0.39376585E-17  0.39376585E-17  0.39376585E-17
     1.93000  0.39376940E-17  0.39376940E-17  0.39376940E-17  0.39376940E-17
     1.94000  0.39377280E-17  0.39377280E-17  0.39377280E-17  0.39377280E-17
     1.95000  0.39377606E-17  0.39377606E-17  0.39377606E-17  0.39377606E-17
     1.96000  0.39377919E-17  0.39377919E-17  0.39377919E-17  0.39377919E-17
     1.97000  0.39378219E-17  0.39378219E-17  0.39378219E-17  0.39378219E-17
     1.98000  0.39378506E-17  0.39378506E-17  0.39378506E-17  0.39378506E-17
     1.99000  0.39378782E-17  0.39378782E-17  0.39378782E-17  0.39378782E-17
     2.00000  0.39379046E-17  0.39379046E-17  0.39379046E-17  0.39379046E-17
     2.01000  0.39379299E-17  0.39379299E-17  0.39379299E-17  0.39379299E-17
     2.02000  0.39379542E-17  0.39379542E-17  0.39379542E-17  0.39379542E-17
     2.03000  0.39379775E-17  0.39379775E-17  0.39379775E-17  0.39379775E-17
     2.04000  0.39379998E-17  0.39379998E-17  0.39379998E-17  0.39379998E-17
     2.05000  0.39380212E-17  0.39380212E-17  0.39380212E-17  0.39380212E-17
     2.06000  0.39380418E-17  0.39380418E-17  0.39380418E-17  0.39380418E-17
     2.07000  0.39380615E-17  0.39380615E-17  0.39380615E-17  0.39380615E-17
     2.08000  0.39380803E-17  0.39380803E-17  0.39380803E-17  0.39380803E-17
     2.09000  0.39380985E-17  0.39380985E-17  0.39380985E-17  0.39380985E-17
     2.10000  0.39381158E-17  0.39381158E-17  0.39381158E-17  0.39381158E-17
     2.11000  0.39381325E-17  0.39381325E-17  0.39381325E-17  0.39381325E-17
     2.12000  0.39381485E-17  0.39381485E-17  0.39381485E-17  0.39381485E-17
     2.13000  0.39381638E-17  0.39381638E-17  0.39381638E-17  0.39381638E-17
     2.14000  0.39381785E-17  0.39381785E-17  0.39381785E-17  0.39381785E-17
     2.15000  0.39381926E-17  0.39381926E-17  0.39381926E-17  0.39381926E-17
     2.16000  0.39382062E-17  0.39382062E-17  0.39382062E-17  0.39382062E-17
     2.17000  0.39382191E-17  0.39382191E-17  0.39382191E-17  0.39382191E-17
     2.18000  0.39382316E-17  0.39382316E-17  0.39382316E-17  0.39382316E-17
     2.19000  0.39382436E-17  0.39382436E-17  0.39382436E-17  0.39382436E-17
     2.20000  0.39382550E-17  0.39382550E-17  0.39382550E-17  0.39382550E-17
     2.21000  0.39382660E-17  0.39382660E-17  0.39382660E-17  0.39382660E-17
     2.22000  0.39382766E-17  0.39382766E-17  0.39382766E-17  0.39382766E-17
     2.23000  0.39382867E-17  0.39382867E-17  0.39382867E-17  0.39382867E-17
     2.24000  0.39382964E-17  0.39382964E-17  0.39382964E-17  0.39382964E-17
     2.25000  0.39383058E-17  0.39383058E-17  0.39383058E-17  0.39383058E-17
     2.26000  0.39383147E-17  0.39383147E-17  0.39383147E-17  0.39383147E-17
     2.27000  0.39383233E-17  0.39383233E-17  0.39383233E-17  0.39383233E-17
     2.28000  0.39383316E-17  0.39383316E-17  0.39383316E-17  0.39383316E-17
     2.29000  0.39383395E-17  0.39383395E-17  0.39383395E-17  0.39383395E-17
     2.30000  0.39383471E-17  0.39383471E-17  0.39383471E-17  0.39383471E-17
     2.31000  0.39383544E-17  0.39383544E-17  0.39383544E-17  0.39383544E-17
     2.32000  0.39383614E-17  0.39383614E-17  0.39383614E-17  0.39383614E-17
     2.33000  0.39383681E-17  0.39383681E-17  0.39383681E-17  0.39383681E-17
     2.34000  0.39383745E-17  0.39383745E-17  0.39383745E-17  0.39383745E-17
     2.35000  0.39383807E-17  0.39383807E-17  0.39383807E-17  0.39383807E-17
     2.36000  0.39383867E-17  0.39383867E-17  0.39383867E-17  0.39383867E-17
     2.37000  0.39383924E-17  0.39383924E-17  0.39383924E-17  0.39383924E-17
     2.38000  0.39383979E-17  0.39383979E-17  0.39383979E-17  0.39383979E-17
     2.39000  0.39384031E-17  0.39384031E-17  0.39384031E-17  0.39384031E-17
     2.40000  0.39384082E-17  0.39384082E-17  0.39384082E-17  0.39384082E-17
     2.41000  0.39384130E-17  0.39384130E-17  0.39384130E-17  0.39384130E-17
     2.42000  0.39384177E-17  0.39384177E-17  0.39384177E-17  0.39384177E-17
     2.43000  0.39384222E-17  0.39384222E-17  0.39384222E-17  0.39384222E-17
     2.44000  0.39384265E-17  0.39384265E-17  0.39384265E-17  0.39384265E-17
     2.45000  0.39384306E-17  0.39384306E-17  0.39384306E-17  0.39384306E-17
     2.46000  0.39384346E-17  0.39384346E-17  0.39384346E-17  0.39384346E-17
     2.47000  0.39384384E-17  0.39384384E-17  0.39384384E-17  0.39384384E-17
     2.48000  0.39384420E-17  0.39384420E-17  0.39384420E-17  0.39384420E-17
     2.49000  0.39384455E-17  0.39384455E-17  0.39384455E-17  0.39384455E-17
     2.50000  0.39384489E-17  0.39384489E-17  0.39384489E-17  0.39384489E-17
     2.51000  0.39384522E-17  0.39384522E-17  0.39384522E-17  0.39384522E-17
     2.52000  0.39384553E-17  0.39384553E-17  0.39384553E-17  0.39384553E-17
     2.53000  0.39384583E-17  0.39384583E-17  0.39384583E-17  0.39384583E-17
     2.54000  0.39384612E-17  0.39384612E-17  0.39384612E-17  0.39384612E-17
     2.55000  0.39384639E-17  0.39384639E-17  0.39384639E-17  0.39384639E-17
     2.56000  0.39384666E-17  0.39384666E-17  0.39384666E-17  0.39384666E-17
     2.57000  0.39384691E-17  0.39384691E-17  0.39384691E-17  0.39384691E-17
     2.58000  0.39384716E-17  0.39384716E-17  0.39384716E-17  0.39384716E-17
     2.59000  0.39384739E-17  0.39384739E-17  0.39384739E-17  0.39384739E-17
     2.60000  0.39384762E-17  0.39384762E-17  0.39384762E-17  0.39384762E-17
     2.61000  0.39384784E-17  0.39384784E-17  0.39384784E-17  0.39384784E-17
     2.62000  0.39384805E-17  0.39384805E-17  0.39384805E-17  0.39384805E-17
     2.63000  0.39384825E-17  0.39384825E-17  0.39384825E-17  0.39384825E-17
     2.64000  0.39384844E-17  0.39384844E-17  0.39384844E-17  0.39384844E-17
     2.65000  0.39384863E-17  0.39384863E-17  0.39384863E-17  0.39384863E-17
     2.66000  0.39384881E-17  0.39384881E-17  0.39384881E-17  0.39384881E-17
     2.67000  0.39384898E-17  0.39384898E-17  0.39384898E-17  0.39384898E-17
     2.68000  0.39384914E-17  0.39384914E-17  0.39384914E-17  0.39384914E-17
     2.69000  0.39384930E-17  0.39384930E-17  0.39384930E-17  0.39384930E-17
     2.70000  0.39384946E-17  0.39384946E-17  0.39384946E-17  0.39384946E-17
     2.71000  0.39384960E-17  0.39384960E-17  0.39384960E-17  0.39384960E-17
     2.72000  0.39384974E-17  0.39384974E-17  0.39384974E-17  0.39384974E-17
     2.73000  0.39384988E-17  0.39384988E-17  0.39384988E-17  0.39384988E-17
     2.74000  0.39385001E-17  0.39385001E-17  0.39385001E-17  0.39385001E-17
     2.75000  0.39385014E-17  0.39385014E-17  0.39385014E-17  0.39385014E-17
     2.76000  0.39385026E-17  0.39385026E-17  0.39385026E-17  0.39385026E-17
     2.77000  0.39385037E-17  0.39385037E-17  0.39385037E-17  0.39385037E-17
     2.78000  0.39385048E-17  0.39385048E-17  0.39385048E-17  0.39385048E-17
     2.79000  0.39385059E-17  0.39385059E-17  0.39385059E-17  0.39385059E-17
     2.80000  0.39385070E-17  0.39385070E-17  0.39385070E-17  0.39385070E-17
     2.81000  0.39385080E-17  0.39385080E-17  0.39385080E-17  0.39385080E-17
     2.82000  0.39385089E-17  0.39385089E-17  0.39385089E-17  0.39385089E-17
     2.83000  0.39385098E-17  0.39385098E-17  0.39385098E-17  0.39385098E-17
     2.84000  0.39385107E-17  0.39385107E-17  0.39385107E-17  0.39385107E-17
     2.85000  0.39385116E-17  0.39385116E-17  0.39385116E-17  0.39385116E-17
     2.86000  0.39385124E-17  0.39385124E-17  0.39385124E-17  0.39385124E-17
     2.87000  0.39385132E-17  0.39385132E-17  0.39385132E-17  0.39385132E-17
     2.88000  0.39385139E-17  0.39385139E-17  0.39385139E-17  0.39385139E-17
     2.89000  0.39385147E-17  0.39385147E-17  0.39385147E-17  0.39385147E-17
     2.90000  0.39385154E-17  0.39385154E-17  0.39385154E-17  0.39385154E-17
     2.91000  0.39385161E-17  0.39385161E-17  0.39385161E-17  0.39385161E-17
     2.92000  0.39385167E-17  0.39385167E-17  0.39385167E-17  0.39385167E-17
     2.93000  0.39385173E-17  0.39385173E-17  0.39385173E-17  0.39385173E-17
     2.94000  0.39385179E-17  0.39385179E-17  0.39385179E-17  0.39385179E-17
     2.95000  0.39385185E-17  0.39385185E-17  0.39385185E-17  0.39385185E-17
     2.96000  0.39385191E-17  0.39385191E-17  0.39385191E-17  0.39385191E-17
     2.97000  0.39385196E-17  0.39385196E-17  0.39385196E-17  0.39385196E-17
     2.98000  0.39385201E-17  0.39385201E-17  0.39385201E-17  0.39385201E-17
     2.99000  0.39385206E-17  0.39385206E-17  0.39385206E-17  0.39385206E-17
     3.00000  0.39385211E-17  0.39385211E-17  0.39385211E-17  0.39385211E-17
     3.01000  0.39385216E-17  0.39385216E-17  0.39385216E-17  0.39385216E-17
     3.02000  0.39385220E-17  0.39385220E-17  0.39385220E-17  0.39385220E-17
     3.03000  0.39385225E-17  0.39385225E-17  0.39385225E-17  0.39385225E-17
     3.04000  0.39385229E-17  0.39385229E-17  0.39385229E-17  0.39385229E-17
     3.05000  0.39385233E-17  0.39385233E-17  0.39385233E-17  0.39385233E-17
     3.06000  0.39385237E-17  0.39385237E-17  0.39385237E-17  0.39385237E-17
     3.07000  0.39385240E-17  0.39385240E-17  0.39385240E-17  0.39385240E-17
     3.08000  0.39385244E-17  0.39385244E-17  0.39385244E-17  0.39385244E-17
     3.09000  0.39385247E-17  0.39385247E-17  0.39385247E-17  0.39385247E-17
     3.10000  0.39385251E-17  0.39385251E-17  0.39385251E-17  0.39385251E-17
     3.11000  0.39385254E-17  0.39385254E-17  0.39385254E-17  0.39385254E-17
     3.12000  0.39385257E-17  0.39385257E-17  0.39385257E-17  0.39385257E-17
     3.13000  0.39385260E-17  0.39385260E-17  0.39385260E-17  0.39385260E-17
     3.14000  0.39385263E-17  0.39385263E-17  0.39385263E-17  0.39385263E-17
     3.15000  0.39385266E-17  0.39385266E-17  0.39385266E-17  0.39385266E-17
     3.16000  0.39385268E-17  0.39385268E-17  0.39385268E-17  0.39385268E-17
     3.17000  0.39385271E-17  0.39385271E-17  0.39385271E-17  0.39385271E-17
     3.18000  0.39385273E-17  0.39385273E-17  0.39385273E-17  0.39385273E-17
     3.19000  0.39385276E-17  0.39385276E-17  0.39385276E-17  0.39385276E-17
     3.20000  0.39385278E-17  0.39385278E-17  0.39385278E-17  0.39385278E-17
     3.21000  0.39385280E-17  0.39385280E-17  0.39385280E-17  0.39385280E-17
     3.22000  0.39385282E-17  0.39385282E-17  0.39385282E-17  0.39385282E-17
     3.23000  0.39385284E-17  0.39385284E-17  0.39385284E-17  0.39385284E-17
     3.24000  0.39385286E-17  0.39385286E-17  0.39385286E-17  0.39385286E-17
     3.25000  0.39385288E-17  0.39385288E-17  0.39385288E-17  0.39385288E-17
     3.26000  0.39385290E-17  0.39385290E-17  0.39385290E-17  0.39385290E-17
     3.27000  0.39385292E-17  0.39385292E-17  0.39385292E-17  0.39385292E-17
     3.28000  0.39385293E-17  0.39385293E-17  0.39385293E-17  0.39385293E-17
     3.29000  0.39385295E-17  0.39385295E-17  0.39385295E-17  0.39385295E-17
     3.30000  0.39385297E-17  0.39385297E-17  0.39385297E-17  0.39385297E-17
     3.31000  0.39385298E-17  0.39385298E-17  0.39385298E-17  0.39385298E-17
     3.32000  0.39385300E-17  0.39385300E-17  0.39385300E-17  0.39385300E-17
     3.33000  0.39385301E-17  0.39385301E-17  0.39385301E-17  0.39385301E-17
     3.34000  0.39385302E-17  0.39385302E-17  0.39385302E-17  0.39385302E-17
     3.35000  0.39385304E-17  0.39385304E-17  0.39385304E-17  0.39385304E-17
     3.36000  0.39385305E-17  0.39385305E-17  0.39385305E-17  0.39385305E-17
     3.37000  0.39385306E-17  0.39385306E-17  0.39385306E-17  0.39385306E-17
     3.38000  0.39385308E-17  0.39385308E-17  0.39385308E-17  0.39385308E-17
     3.39000  0.39385309E-17  0.39385309E-17  0.39385309E-17  0.39385309E-17
     3.40000  0.39385310E-17  0.39385310E-17  0.39385310E-17  0.39385310E-17
     3.41000  0.39385311E-17  0.39385311E-17  0.39385311E-17  0.39385311E-17
     3.42000  0.39385312E-17  0.39385312E-17  0.39385312E-17  0.39385312E-17
     3.43000  0.39385313E-17  0.39385313E-17  0.39385313E-17  0.39385313E-17
     3.44000  0.39385314E-17  0.39385314E-17  0.39385314E-17  0.39385314E-17
     3.45000  0.39385315E-17  0.39385315E-17  0.39385315E-17  0.39385315E-17
     3.46000  0.39385316E-17  0.39385316E-17  0.39385316E-17  0.39385316E-17
     3.47000  0.39385317E-17  0.39385317E-17  0.39385317E-17  0.39385317E-17
     3.48000  0.39385317E-17  0.39385317E-17  0.39385317E-17  0.39385317E-17
     3.49000  0.39385318E-17  0.39385318E-17  0.39385318E-17  0.39385318E-17
     3.50000  0.39385319E-17  0.39385319E-17  0.39385319E-17  0.39385319E-17
     3.51000  0.39385320E-17  0.39385320E-17  0.39385320E-17  0.39385320E-17
     3.52000  0.39385320E-17  0.39385320E-17  0.39385320E-17  0.39385320E-17
     3.53000  0.39385321E-17  0.39385321E-17  0.39385321E-17  0.39385321E-17
     3.54000  0.39385322E-17  0.39385322E-17  0.39385322E-17  0.39385322E-17
     3.55000  0.39385322E-17  0.39385322E-17  0.39385322E-17  0.39385322E-17
     3.56000  0.39385323E-17  0.39385323E-17  0.39385323E-17  0.39385323E-17
     3.57000  0.39385324E-17  0.39385324E-17  0.39385324E-17  0.39385324E-17
     3.58000  0.39385324E-17  0.39385324E-17  0.39385324E-17  0.39385324E-17
     3.59000  0.39385325E-17  0.39385325E-17  0.39385325E-17  0.39385325E-17
     3.60000  0.39385325E-17  0.39385325E-17  0.39385325E-17  0.39385325E-17
     3.61000  0.39385326E-17  0.39385326E-17  0.39385326E-17  0.39385326E-17
     3.62000  0.39385326E-17  0.39385326E-17  0.39385326E-17  0.39385326E-17
     3.63000  0.39385327E-17  0.39385327E-17  0.39385327E-17  0.39385327E-17
     3.64000  0.39385327E-17  0.39385327E-17  0.39385327E-17  0.39385327E-17
     3.65000  0.39385328E-17  0.39385328E-17  0.39385328E-17  0.39385328E-17
     3.66000  0.39385328E-17  0.39385328E-17  0.39385328E-17  0.39385328E-17
     3.67000  0.39385329E-17  0.39385329E-17  0.39385329E-17  0.39385329E-17
     3.68000  0.39385329E-17  0.39385329E-17  0.39385329E-17  0.39385329E-17
     3.69000  0.39385330E-17  0.39385330E-17  0.39385330E-17  0.39385330E-17
     3.70000  0.39385330E-17  0.39385330E-17  0.39385330E-17  0.39385330E-17
     3.71000  0.39385330E-17  0.39385330E-17  0.39385330E-17  0.39385330E-17
     3.72000  0.39385331E-17  0.39385331E-17  0.39385331E-17  0.39385331E-17
     3.73000  0.39385331E-17  0.39385331E-17  0.39385331E-17  0.39385331E-17
     3.74000  0.39385331E-17  0.39385331E-17  0.39385331E-17  0.39385331E-17
     3.75000  0.39385332E-17  0.39385332E-17  0.39385332E-17  0.39385332E-17
     3.76000  0.39385332E-17  0.39385332E-17  0.39385332E-17  0.39385332E-17
     3.77000  0.39385332E-17  0.39385332E-17  0.39385332E-17  0.39385332E-17
     3.78000  0.39385333E-17  0.39385333E-17  0.39385333E-17  0.39385333E-17
     3.79000  0.39385333E-17  0.39385333E-17  0.39385333E-17  0.39385333E-17
     3.80000  0.39385333E-17  0.39385333E-17  0.39385333E-17  0.39385333E-17
     3.81000  0.39385333E-17  0.39385333E-17  0.39385333E-17  0.39385333E-17
     3.82000  0.39385334E-17  0.39385334E-17  0.39385334E-17  0.39385334E-17
     3.83000  0.39385334E-17  0.39385334E-17  0.39385334E-17  0.39385334E-17
     3.84000  0.39385334E-17  0.39385334E-17  0.39385334E-17  0.39385334E-17
     3.85000  0.39385334E-17  0.39385334E-17  0.39385334E-17  0.39385334E-17
     3.86000  0.39385335E-17  0.39385335E-17  0.39385335E-17  0.39385335E-17
     3.87000  0.39385335E-17  0.39385335E-17  0.39385335E-17  0.39385335E-17
     3.88000  0.39385335E-17  0.39385335E-17  0.39385335E-17  0.39385335E-17
     3.89000  0.39385335E-17  0.39385335E-17  0.39385335E-17  0.39385335E-17
     3.90000  0.39385335E-17  0.39385335E-17  0.39385335E-17  0.39385335E-17
     3.91000  0.39385336E-17  0.39385336E-17  0.39385336E-17  0.39385336E-17
     3.92000  0.39385336E-17  0.39385336E-17  0.39385336E-17  0.39385336E-17
     3.93000  0.39385336E-17  0.39385336E-17  0.39385336E-17  0.39385336E-17
     3.94000  0.39385336E-17  0.39385336E-17  0.39385336E-17  0.39385336E-17
     3.95000  0.39385336E-17  0.39385336E-17  0.39385336E-17  0.39385336E-17
     3.96000  0.39385337E-17  0.39385337E-17  0.39385337E-17  0.39385337E-17
     3.97000  0.39385337E-17  0.39385337E-17  0.39385337E-17  0.39385337E-17
     3.98000  0.39385337E-17  0.39385337E-17  0.39385337E-17  0.39385337E-17
     3.99000  0.39385337E-17  0.39385337E-17  0.39385337E-17  0.39385337E-17
     4.00000  0.39385337E-17  0.39385337E-17  0.39385337E-17  0.39385337E-17
     4.01000  0.39385337E-17  0.39385337E-17  0.39385337E-17  0.39385337E-17
     4.02000  0.39385337E-17  0.39385337E-17  0.39385337E-17  0.39385337E-17
     4.03000  0.39385338E-17  0.39385338E-17  0.39385338E-17  0.39385338E-17
     4.04000  0.39385338E-17  0.39385338E-17  0.39385338E-17  0.39385338E-17
     4.05000  0.39385338E-17  0.39385338E-17  0.39385338E-17  0.39385338E-17
     4.06000  0.39385338E-17  0.39385338E-17  0.39385338E-17  0.39385338E-17
     4.07000  0.39385338E-17  0.39385338E-17  0.39385338E-17  0.39385338E-17
     4.08000  0.39385338E-17  0.39385338E-17  0.39385338E-17  0.39385338E-17
     4.09000  0.39385338E-17  0.39385338E-17  0.39385338E-17  0.39385338E-17
     4.10000  0.39385338E-17  0.39385338E-17  0.39385338E-17  0.39385338E-17
     4.11000  0.39385338E-17  0.39385338E-17  0.39385338E-17  0.39385338E-17
     4.12000  0.39385338E-17  0.39385338E-17  0.39385338E-17  0.39385338E-17
     4.13000  0.39385339E-17  0.39385339E-17  0.39385339E-17  0.39385339E-17
     4.14000  0.39385339E-17  0.39385339E-17  0.39385339E-17  0.39385339E-17
     4.15000  0.39385339E-17  0.39385339E-17  0.39385339E-17  0.39385339E-17
     4.16000  0.39385339E-17  0.39385339E-17  0.39385339E-17  0.39385339E-17
     4.17000  0.39385339E-17  0.39385339E-17  0.39385339E-17  0.39385339E-17
     4.18000  0.39385339E-17  0.39385339E-17  0.39385339E-17  0.39385339E-17
     4.19000  0.39385339E-17  0.39385339E-17  0.39385339E-17  0.39385339E-17
     4.20000  0.39385339E-17  0.39385339E-17  0.39385339E-17  0.39385339E-17
     4.21000  0.39385339E-17  0.39385339E-17  0.39385339E-17  0.39385339E-17
     4.22000  0.39385339E-17  0.39385339E-17  0.39385339E-17  0.39385339E-17
     4.23000  0.39385339E-17  0.39385339E-17  0.39385339E-17  0.39385339E-17
     4.24000  0.39385339E-17  0.39385339E-17  0.39385339E-17  0.39385339E-17
     4.25000  0.39385339E-17  0.39385339E-17  0.39385339E-17  0.39385339E-17
     4.26000  0.39385340E-17  0.39385340E-17  0.39385340E-17  0.39385340E-17
     4.27000  0.39385340E-17  0.39385340E-17  0.39385340E-17  0.39385340E-17
     4.28000  0.39385340E-17  0.39385340E-17  0.39385340E-17  0.39385340E-17
     4.29000  0.39385340E-17  0.39385340E-17  0.39385340E-17  0.39385340E-17
     4.30000  0.39385340E-17  0.39385340E-17  0.39385340E-17  0.39385340E-17
     4.31000  0.39385340E-17  0.39385340E-17  0.39385340E-17  0.39385340E-17
     4.32000  0.39385340E-17  0.39385340E-17  0.39385340E-17  0.39385340E-17
     4.33000  0.39385340E-17  0.39385340E-17  0.39385340E-17  0.39385340E-17
     4.34000  0.39385340E-17  0.39385340E-17  0.39385340E-17  0.39385340E-17
     4.35000  0.39385340E-17  0.39385340E-17  0.39385340E-17  0.39385340E-17
     4.36000  0.39385340E-17  0.39385340E-17  0.39385340E-17  0.39385340E-17
     4.37000  0.39385340E-17  0.39385340E-17  0.39385340E-17  0.39385340E-17
     4.38000  0.39385340E-17  0.39385340E-17  0.39385340E-17  0.39385340E-17
     4.39000  0.39385340E-17  0.39385340E-17  0.39385340E-17  0.39385340E-17
     4.40000  0.39385340E-17  0.39385340E-17  0.39385340E-17  0.39385340E-17
     4.41000  0.39385340E-17  0.39385340E-17  0.39385340E-17  0.39385340E-17
     4.42000  0.39385340E-17  0.39385340E-17  0.39385340E-17  0.39385340E-17
     4.43000  0.39385340E-17  0.39385340E-17  0.39385340E-17  0.39385340E-17
     4.44000  0.39385340E-17  0.39385340E-17  0.39385340E-17  0.39385340E-17
     4.45000  0.39385340E-17  0.39385340E-17  0.39385340E-17  0.39385340E-17
     4.46000  0.39385340E-17  0.39385340E-17  0.39385340E-17  0.39385340E-17
     4.47000  0.39385340E-17  0.39385340E-17  0.39385340E-17  0.39385340E-17
     4.48000  0.39385340E-17  0.39385340E-17  0.39385340E-17  0.39385340E-17
     4.49000  0.39385340E-17  0.39385340E-17  0.39385340E-17  0.39385340E-17
     4.50000  0.39385341E-17  0.39385341E-17  0.39385341E-17  0.39385341E-17
     4.51000  0.39385341E-17  0.39385341E-17  0.39385341E-17  0.39385341E-17
     4.52000  0.39385341E-17  0.39385341E-17  0.39385341E-17  0.39385341E-17
     4.53000  0.39385341E-17  0.39385341E-17  0.39385341E-17  0.39385341E-17
     4.54000  0.39385341E-17  0.39385341E-17  0.39385341E-17  0.39385341E-17
     4.55000  0.39385341E-17  0.39385341E-17  0.39385341E-17  0.39385341E-17
     4.56000  0.39385341E-17  0.39385341E-17  0.39385341E-17  0.39385341E-17
     4.57000  0.39385341E-17  0.39385341E-17  0.39385341E-17  0.39385341E-17
     4.58000  0.39385341E-17  0.39385341E-17  0.39385341E-17  0.39385341E-17
     4.59000  0.39385341E-17  0.39385341E-17  0.39385341E-17  0.39385341E-17
     4.60000  0.39385341E-17  0.39385341E-17  0.39385341E-17  0.39385341E-17
     4.61000  0.39385341E-17  0.39385341E-17  0.39385341E-17  0.39385341E-17
     4.62000  0.39385341E-17  0.39385341E-17  0.39385341E-17  0.39385341E-17
     4.63000  0.39385341E-17  0.39385341E-17  0.39385341E-17  0.39385341E-17
     4.64000  0.39385341E-17  0.39385341E-17  0.39385341E-17  0.39385341E-17
     4.65000  0.39385341E-17  0.39385341E-17  0.39385341E-17  0.39385341E-17
     4.66000  0.39385341E-17  0.39385341E-17  0.39385341E-17  0.39385341E-17
     4.67000  0.39385341E-17  0.39385341E-17  0.39385341E-17  0.39385341E-17
     4.68000  0.39385341E-17  0.39385341E-17  0.39385341E-17  0.39385341E-17
     4.69000  0.39385341E-17  0.39385341E-17  0.39385341E-17  0.39385341E-17
     4.70000  0.39385341E-17  0.39385341E-17  0.39385341E-17  0.39385341E-17
     4.71000  0.39385341E-17  0.39385341E-17  0.39385341E-17  0.39385341E-17
     4.72000  0.39385341E-17  0.39385341E-17  0.39385341E-17  0.39385341E-17
     4.73000  0.39385341E-17  0.39385341E-17  0.39385341E-17  0.39385341E-17
     4.74000  0.39385341E-17  0.39385341E-17  0.39385341E-17  0.39385341E-17
     4.75000  0.39385341E-17  0.39385341E-17  0.39385341E-17  0.39385341E-17
     4.76000  0.39385341E-17  0.39385341E-17  0.39385341E-17  0.39385341E-17
     4.77000  0.39385341E-17  0.39385341E-17  0.39385341E-17  0.39385341E-17
     4.78000  0.39385341E-17  0.39385341E-17  0.39385341E-17  0.39385341E-17
     4.79000  0.39385341E-17  0.39385341E-17  0.39385341E-17  0.39385341E-17
     4.80000  0.39385341E-17  0.39385341E-17  0.39385341E-17  0.39385341E-17
     4.81000  0.39385341E-17  0.39385341E-17  0.39385341E-17  0.39385341E-17
     4.82000  0.39385341E-17  0.39385341E-17  0.39385341E-17  0.39385341E-17
     4.83000  0.39385341E-17  0.39385341E-17  0.39385341E-17  0.39385341E-17
     4.84000  0.39385341E-17  0.39385341E-17  0.39385341E-17  0.39385341E-17
     4.85000  0.39385341E-17  0.39385341E-17  0.39385341E-17  0.39385341E-17
     4.86000  0.39385341E-17  0.39385341E-17  0.39385341E-17  0.39385341E-17
     4.87000  0.39385341E-17  0.39385341E-17  0.39385341E-17  0.39385341E-17
     4.88000  0.39385341E-17  0.39385341E-17  0.39385341E-17  0.39385341E-17
     4.89000  0.39385341E-17  0.39385341E-17  0.39385341E-17  0.39385341E-17
     4.90000  0.39385341E-17  0.39385341E-17  0.39385341E-17  0.39385341E-17
     4.91000  0.39385341E-17  0.39385341E-17  0.39385341E-17  0.39385341E-17
     4.92000  0.39385341E-17  0.39385341E-17  0.39385341E-17  0.39385341E-17
     4.93000  0.39385341E-17  0.39385341E-17  0.39385341E-17  0.39385341E-17
     4.94000  0.39385341E-17  0.39385341E-17  0.39385341E-17  0.39385341E-17
     4.95000  0.39385341E-17  0.39385341E-17  0.39385341E-17  0.39385341E-17
     4.96000  0.39385341E-17  0.39385341E-17  0.39385341E-17  0.39385341E-17
     4.97000  0.39385341E-17  0.39385341E-17  0.39385341E-17  0.39385341E-17
     4.98000  0.39385341E-17  0.39385341E-17  0.39385341E-17  0.39385341E-17
     4.99000  0.39385341E-17  0.39385341E-17  0.39385341E-17  0.39385341E-17
     5.00000  0.39385341E-17  0.39385341E-17  0.39385341E-17  0.39385341E-17
