#Thickness(um)       XX(A/cm2)       YY(A/cm2)       ZZ(A/cm2)
     0.00000  0.00000000E+00  0.00000000E+00  0.00000000E+00  0.00000000E+00
     0.01000  0.35730439E+02  0.35730439E+02  0.35730439E+02  0.35730439E+02
     0.02000  0.61336452E+02  0.61336452E+02  0.61336452E+02  0.61336452E+02
     0.03000  0.81282561E+02  0.81282561E+02  0.81282561E+02  0.81282561E+02
     0.04000  0.97709382E+02  0.97709382E+02  0.97709382E+02  0.97709382E+02
     0.05000  0.11172676E+03  0.11172676E+03  0.11172676E+03  0.11172676E+03
     0.06000  0.12396268E+03  0.12396268E+03  0.12396268E+03  0.12396268E+03
     0.07000  0.13480570E+03  0.13480570E+03  0.13480570E+03  0.13480570E+03
     0.08000  0.14451681E+03  0.14451681E+03  0.14451681E+03  0.14451681E+03
     0.09000  0.15328358E+03  0.15328358E+03  0.15328358E+03  0.15328358E+03
     0.10000  0.16124802E+03  0.16124802E+03  0.16124802E+03  0.16124802E+03
     0.11000  0.16852167E+03  0.16852167E+03  0.16852167E+03  0.16852167E+03
     0.12000  0.17519452E+03  0.17519452E+03  0.17519452E+03  0.17519452E+03
     0.13000  0.18134060E+03  0.18134060E+03  0.18134060E+03  0.18134060E+03
     0.14000  0.18702162E+03  0.18702162E+03  0.18702162E+03  0.18702162E+03
     0.15000  0.19228962E+03  0.19228962E+03  0.19228962E+03  0.19228962E+03
     0.16000  0.19718887E+03  0.19718887E+03  0.19718887E+03  0.19718887E+03
     0.17000  0.20175732E+03  0.20175732E+03  0.20175732E+03  0.20175732E+03
     0.18000  0.20602769E+03  0.20602769E+03  0.20602769E+03  0.20602769E+03
     0.19000  0.21002838E+03  0.21002838E+03  0.21002838E+03  0.21002838E+03
     0.20000  0.21378417E+03  0.21378417E+03  0.21378417E+03  0.21378417E+03
     0.21000  0.21731679E+03  0.21731679E+03  0.21731679E+03  0.21731679E+03
     0.22000  0.22064535E+03  0.22064535E+03  0.22064535E+03  0.22064535E+03
     0.23000  0.22378678E+03  0.22378678E+03  0.22378678E+03  0.22378678E+03
     0.24000  0.22675610E+03  0.22675610E+03  0.22675610E+03  0.22675610E+03
     0.25000  0.22956671E+03  0.22956671E+03  0.22956671E+03  0.22956671E+03
     0.26000  0.23223058E+03  0.23223058E+03  0.23223058E+03  0.23223058E+03
     0.27000  0.23475845E+03  0.23475845E+03  0.23475845E+03  0.23475845E+03
     0.28000  0.23716002E+03  0.23716002E+03  0.23716002E+03  0.23716002E+03
     0.29000  0.23944403E+03  0.23944403E+03  0.23944403E+03  0.23944403E+03
     0.30000  0.24161839E+03  0.24161839E+03  0.24161839E+03  0.24161839E+03
     0.31000  0.24369030E+03  0.24369030E+03  0.24369030E+03  0.24369030E+03
     0.32000  0.24566632E+03  0.24566632E+03  0.24566632E+03  0.24566632E+03
     0.33000  0.24755242E+03  0.24755242E+03  0.24755242E+03  0.24755242E+03
     0.34000  0.24935406E+03  0.24935406E+03  0.24935406E+03  0.24935406E+03
     0.35000  0.25107629E+03  0.25107629E+03  0.25107629E+03  0.25107629E+03
     0.36000  0.25272371E+03  0.25272371E+03  0.25272371E+03  0.25272371E+03
     0.37000  0.25430057E+03  0.25430057E+03  0.25430057E+03  0.25430057E+03
     0.38000  0.25581080E+03  0.25581080E+03  0.25581080E+03  0.25581080E+03
     0.39000  0.25725802E+03  0.25725802E+03  0.25725802E+03  0.25725802E+03
     0.40000  0.25864560E+03  0.25864560E+03  0.25864560E+03  0.25864560E+03
     0.41000  0.25997666E+03  0.25997666E+03  0.25997666E+03  0.25997666E+03
     0.42000  0.26125411E+03  0.26125411E+03  0.26125411E+03  0.26125411E+03
     0.43000  0.26248064E+03  0.26248064E+03  0.26248064E+03  0.26248064E+03
     0.44000  0.26365879E+03  0.26365879E+03  0.26365879E+03  0.26365879E+03
     0.45000  0.26479090E+03  0.26479090E+03  0.26479090E+03  0.26479090E+03
     0.46000  0.26587919E+03  0.26587919E+03  0.26587919E+03  0.26587919E+03
     0.47000  0.26692572E+03  0.26692572E+03  0.26692572E+03  0.26692572E+03
     0.48000  0.26793243E+03  0.26793243E+03  0.26793243E+03  0.26793243E+03
     0.49000  0.26890115E+03  0.26890115E+03  0.26890115E+03  0.26890115E+03
     0.50000  0.26983358E+03  0.26983358E+03  0.26983358E+03  0.26983358E+03
     0.51000  0.27073135E+03  0.27073135E+03  0.27073135E+03  0.27073135E+03
     0.52000  0.27159597E+03  0.27159597E+03  0.27159597E+03  0.27159597E+03
     0.53000  0.27242889E+03  0.27242889E+03  0.27242889E+03  0.27242889E+03
     0.54000  0.27323145E+03  0.27323145E+03  0.27323145E+03  0.27323145E+03
     0.55000  0.27400496E+03  0.27400496E+03  0.27400496E+03  0.27400496E+03
     0.56000  0.27475063E+03  0.27475063E+03  0.27475063E+03  0.27475063E+03
     0.57000  0.27546960E+03  0.27546960E+03  0.27546960E+03  0.27546960E+03
     0.58000  0.27616298E+03  0.27616298E+03  0.27616298E+03  0.27616298E+03
     0.59000  0.27683181E+03  0.27683181E+03  0.27683181E+03  0.27683181E+03
     0.60000  0.27747706E+03  0.27747706E+03  0.27747706E+03  0.27747706E+03
     0.61000  0.27809969E+03  0.27809969E+03  0.27809969E+03  0.27809969E+03
     0.62000  0.27870058E+03  0.27870058E+03  0.27870058E+03  0.27870058E+03
     0.63000  0.27928059E+03  0.27928059E+03  0.27928059E+03  0.27928059E+03
     0.64000  0.27984054E+03  0.27984054E+03  0.27984054E+03  0.27984054E+03
     0.65000  0.28038118E+03  0.28038118E+03  0.28038118E+03  0.28038118E+03
     0.66000  0.28090327E+03  0.28090327E+03  0.28090327E+03  0.28090327E+03
     0.67000  0.28140750E+03  0.28140750E+03  0.28140750E+03  0.28140750E+03
     0.68000  0.28189455E+03  0.28189455E+03  0.28189455E+03  0.28189455E+03
     0.69000  0.28236507E+03  0.28236507E+03  0.28236507E+03  0.28236507E+03
     0.70000  0.28281967E+03  0.28281967E+03  0.28281967E+03  0.28281967E+03
     0.71000  0.28325895E+03  0.28325895E+03  0.28325895E+03  0.28325895E+03
     0.72000  0.28368346E+03  0.28368346E+03  0.28368346E+03  0.28368346E+03
     0.73000  0.28409374E+03  0.28409374E+03  0.28409374E+03  0.28409374E+03
     0.74000  0.28449032E+03  0.28449032E+03  0.28449032E+03  0.28449032E+03
     0.75000  0.28487368E+03  0.28487368E+03  0.28487368E+03  0.28487368E+03
     0.76000  0.28524432E+03  0.28524432E+03  0.28524432E+03  0.28524432E+03
     0.77000  0.28560268E+03  0.28560268E+03  0.28560268E+03  0.28560268E+03
     0.78000  0.28594920E+03  0.28594920E+03  0.28594920E+03  0.28594920E+03
     0.79000  0.28628430E+03  0.28628430E+03  0.28628430E+03  0.28628430E+03
     0.80000  0.28660839E+03  0.28660839E+03  0.28660839E+03  0.28660839E+03
     0.81000  0.28692185E+03  0.28692185E+03  0.28692185E+03  0.28692185E+03
     0.82000  0.28722506E+03  0.28722506E+03  0.28722506E+03  0.28722506E+03
     0.83000  0.28751837E+03  0.28751837E+03  0.28751837E+03  0.28751837E+03
     0.84000  0.28780214E+03  0.28780214E+03  0.28780214E+03  0.28780214E+03
     0.85000  0.28807668E+03  0.28807668E+03  0.28807668E+03  0.28807668E+03
     0.86000  0.28834233E+03  0.28834233E+03  0.28834233E+03  0.28834233E+03
     0.87000  0.28859938E+03  0.28859938E+03  0.28859938E+03  0.28859938E+03
     0.88000  0.28884814E+03  0.28884814E+03  0.28884814E+03  0.28884814E+03
     0.89000  0.28908887E+03  0.28908887E+03  0.28908887E+03  0.28908887E+03
     0.90000  0.28932187E+03  0.28932187E+03  0.28932187E+03  0.28932187E+03
     0.91000  0.28954739E+03  0.28954739E+03  0.28954739E+03  0.28954739E+03
     0.92000  0.28976569E+03  0.28976569E+03  0.28976569E+03  0.28976569E+03
     0.93000  0.28997700E+03  0.28997700E+03  0.28997700E+03  0.28997700E+03
     0.94000  0.29018158E+03  0.29018158E+03  0.29018158E+03  0.29018158E+03
     0.95000  0.29037963E+03  0.29037963E+03  0.29037963E+03  0.29037963E+03
     0.96000  0.29057138E+03  0.29057138E+03  0.29057138E+03  0.29057138E+03
     0.97000  0.29075705E+03  0.29075705E+03  0.29075705E+03  0.29075705E+03
     0.98000  0.29093683E+03  0.29093683E+03  0.29093683E+03  0.29093683E+03
     0.99000  0.29111092E+03  0.29111092E+03  0.29111092E+03  0.29111092E+03
     1.00000  0.29127951E+03  0.29127951E+03  0.29127951E+03  0.29127951E+03
     1.01000  0.29144278E+03  0.29144278E+03  0.29144278E+03  0.29144278E+03
     1.02000  0.29160091E+03  0.29160091E+03  0.29160091E+03  0.29160091E+03
     1.03000  0.29175406E+03  0.29175406E+03  0.29175406E+03  0.29175406E+03
     1.04000  0.29190241E+03  0.29190241E+03  0.29190241E+03  0.29190241E+03
     1.05000  0.29204610E+03  0.29204610E+03  0.29204610E+03  0.29204610E+03
     1.06000  0.29218530E+03  0.29218530E+03  0.29218530E+03  0.29218530E+03
     1.07000  0.29232014E+03  0.29232014E+03  0.29232014E+03  0.29232014E+03
     1.08000  0.29245077E+03  0.29245077E+03  0.29245077E+03  0.29245077E+03
     1.09000  0.29257733E+03  0.29257733E+03  0.29257733E+03  0.29257733E+03
     1.10000  0.29269994E+03  0.29269994E+03  0.29269994E+03  0.29269994E+03
     1.11000  0.29281875E+03  0.29281875E+03  0.29281875E+03  0.29281875E+03
     1.12000  0.29293386E+03  0.29293386E+03  0.29293386E+03  0.29293386E+03
     1.13000  0.29304541E+03  0.29304541E+03  0.29304541E+03  0.29304541E+03
     1.14000  0.29315350E+03  0.29315350E+03  0.29315350E+03  0.29315350E+03
     1.15000  0.29325824E+03  0.29325824E+03  0.29325824E+03  0.29325824E+03
     1.16000  0.29335975E+03  0.29335975E+03  0.29335975E+03  0.29335975E+03
     1.17000  0.29345813E+03  0.29345813E+03  0.29345813E+03  0.29345813E+03
     1.18000  0.29355347E+03  0.29355347E+03  0.29355347E+03  0.29355347E+03
     1.19000  0.29364588E+03  0.29364588E+03  0.29364588E+03  0.29364588E+03
     1.20000  0.29373545E+03  0.29373545E+03  0.29373545E+03  0.29373545E+03
     1.21000  0.29382227E+03  0.29382227E+03  0.29382227E+03  0.29382227E+03
     1.22000  0.29390642E+03  0.29390642E+03  0.29390642E+03  0.29390642E+03
     1.23000  0.29398799E+03  0.29398799E+03  0.29398799E+03  0.29398799E+03
     1.24000  0.29406707E+03  0.29406707E+03  0.29406707E+03  0.29406707E+03
     1.25000  0.29414373E+03  0.29414373E+03  0.29414373E+03  0.29414373E+03
     1.26000  0.29421805E+03  0.29421805E+03  0.29421805E+03  0.29421805E+03
     1.27000  0.29429010E+03  0.29429010E+03  0.29429010E+03  0.29429010E+03
     1.28000  0.29435996E+03  0.29435996E+03  0.29435996E+03  0.29435996E+03
     1.29000  0.29442768E+03  0.29442768E+03  0.29442768E+03  0.29442768E+03
     1.30000  0.29449335E+03  0.29449335E+03  0.29449335E+03  0.29449335E+03
     1.31000  0.29455703E+03  0.29455703E+03  0.29455703E+03  0.29455703E+03
     1.32000  0.29461877E+03  0.29461877E+03  0.29461877E+03  0.29461877E+03
     1.33000  0.29467864E+03  0.29467864E+03  0.29467864E+03  0.29467864E+03
     1.34000  0.29473670E+03  0.29473670E+03  0.29473670E+03  0.29473670E+03
     1.35000  0.29479299E+03  0.29479299E+03  0.29479299E+03  0.29479299E+03
     1.36000  0.29484759E+03  0.29484759E+03  0.29484759E+03  0.29484759E+03
     1.37000  0.29490054E+03  0.29490054E+03  0.29490054E+03  0.29490054E+03
     1.38000  0.29495189E+03  0.29495189E+03  0.29495189E+03  0.29495189E+03
     1.39000  0.29500170E+03  0.29500170E+03  0.29500170E+03  0.29500170E+03
     1.40000  0.29505000E+03  0.29505000E+03  0.29505000E+03  0.29505000E+03
     1.41000  0.29509685E+03  0.29509685E+03  0.29509685E+03  0.29509685E+03
     1.42000  0.29514229E+03  0.29514229E+03  0.29514229E+03  0.29514229E+03
     1.43000  0.29518637E+03  0.29518637E+03  0.29518637E+03  0.29518637E+03
     1.44000  0.29522913E+03  0.29522913E+03  0.29522913E+03  0.29522913E+03
     1.45000  0.29527060E+03  0.29527060E+03  0.29527060E+03  0.29527060E+03
     1.46000  0.29531083E+03  0.29531083E+03  0.29531083E+03  0.29531083E+03
     1.47000  0.29534986E+03  0.29534986E+03  0.29534986E+03  0.29534986E+03
     1.48000  0.29538772E+03  0.29538772E+03  0.29538772E+03  0.29538772E+03
     1.49000  0.29542445E+03  0.29542445E+03  0.29542445E+03  0.29542445E+03
     1.50000  0.29546008E+03  0.29546008E+03  0.29546008E+03  0.29546008E+03
     1.51000  0.29549465E+03  0.29549465E+03  0.29549465E+03  0.29549465E+03
     1.52000  0.29552819E+03  0.29552819E+03  0.29552819E+03  0.29552819E+03
     1.53000  0.29556073E+03  0.29556073E+03  0.29556073E+03  0.29556073E+03
     1.54000  0.29559231E+03  0.29559231E+03  0.29559231E+03  0.29559231E+03
     1.55000  0.29562294E+03  0.29562294E+03  0.29562294E+03  0.29562294E+03
     1.56000  0.29565267E+03  0.29565267E+03  0.29565267E+03  0.29565267E+03
     1.57000  0.29568151E+03  0.29568151E+03  0.29568151E+03  0.29568151E+03
     1.58000  0.29570950E+03  0.29570950E+03  0.29570950E+03  0.29570950E+03
     1.59000  0.29573665E+03  0.29573665E+03  0.29573665E+03  0.29573665E+03
     1.60000  0.29576301E+03  0.29576301E+03  0.29576301E+03  0.29576301E+03
     1.61000  0.29578858E+03  0.29578858E+03  0.29578858E+03  0.29578858E+03
     1.62000  0.29581340E+03  0.29581340E+03  0.29581340E+03  0.29581340E+03
     1.63000  0.29583748E+03  0.29583748E+03  0.29583748E+03  0.29583748E+03
     1.64000  0.29586086E+03  0.29586086E+03  0.29586086E+03  0.29586086E+03
     1.65000  0.29588354E+03  0.29588354E+03  0.29588354E+03  0.29588354E+03
     1.66000  0.29590555E+03  0.29590555E+03  0.29590555E+03  0.29590555E+03
     1.67000  0.29592692E+03  0.29592692E+03  0.29592692E+03  0.29592692E+03
     1.68000  0.29594766E+03  0.29594766E+03  0.29594766E+03  0.29594766E+03
     1.69000  0.29596779E+03  0.29596779E+03  0.29596779E+03  0.29596779E+03
     1.70000  0.29598732E+03  0.29598732E+03  0.29598732E+03  0.29598732E+03
     1.71000  0.29600628E+03  0.29600628E+03  0.29600628E+03  0.29600628E+03
     1.72000  0.29602469E+03  0.29602469E+03  0.29602469E+03  0.29602469E+03
     1.73000  0.29604255E+03  0.29604255E+03  0.29604255E+03  0.29604255E+03
     1.74000  0.29605989E+03  0.29605989E+03  0.29605989E+03  0.29605989E+03
     1.75000  0.29607673E+03  0.29607673E+03  0.29607673E+03  0.29607673E+03
     1.76000  0.29609307E+03  0.29609307E+03  0.29609307E+03  0.29609307E+03
     1.77000  0.29610893E+03  0.29610893E+03  0.29610893E+03  0.29610893E+03
     1.78000  0.29612433E+03  0.29612433E+03  0.29612433E+03  0.29612433E+03
     1.79000  0.29613928E+03  0.29613928E+03  0.29613928E+03  0.29613928E+03
     1.80000  0.29615379E+03  0.29615379E+03  0.29615379E+03  0.29615379E+03
     1.81000  0.29616788E+03  0.29616788E+03  0.29616788E+03  0.29616788E+03
     1.82000  0.29618155E+03  0.29618155E+03  0.29618155E+03  0.29618155E+03
     1.83000  0.29619483E+03  0.29619483E+03  0.29619483E+03  0.29619483E+03
     1.84000  0.29620772E+03  0.29620772E+03  0.29620772E+03  0.29620772E+03
     1.85000  0.29622024E+03  0.29622024E+03  0.29622024E+03  0.29622024E+03
     1.86000  0.29623239E+03  0.29623239E+03  0.29623239E+03  0.29623239E+03
     1.87000  0.29624419E+03  0.29624419E+03  0.29624419E+03  0.29624419E+03
     1.88000  0.29625565E+03  0.29625565E+03  0.29625565E+03  0.29625565E+03
     1.89000  0.29626677E+03  0.29626677E+03  0.29626677E+03  0.29626677E+03
     1.90000  0.29627757E+03  0.29627757E+03  0.29627757E+03  0.29627757E+03
     1.91000  0.29628806E+03  0.29628806E+03  0.29628806E+03  0.29628806E+03
     1.92000  0.29629824E+03  0.29629824E+03  0.29629824E+03  0.29629824E+03
     1.93000  0.29630813E+03  0.29630813E+03  0.29630813E+03  0.29630813E+03
     1.94000  0.29631773E+03  0.29631773E+03  0.29631773E+03  0.29631773E+03
     1.95000  0.29632705E+03  0.29632705E+03  0.29632705E+03  0.29632705E+03
     1.96000  0.29633611E+03  0.29633611E+03  0.29633611E+03  0.29633611E+03
     1.97000  0.29634490E+03  0.29634490E+03  0.29634490E+03  0.29634490E+03
     1.98000  0.29635344E+03  0.29635344E+03  0.29635344E+03  0.29635344E+03
     1.99000  0.29636173E+03  0.29636173E+03  0.29636173E+03  0.29636173E+03
     2.00000  0.29636978E+03  0.29636978E+03  0.29636978E+03  0.29636978E+03
     2.01000  0.29637760E+03  0.29637760E+03  0.29637760E+03  0.29637760E+03
     2.02000  0.29638519E+03  0.29638519E+03  0.29638519E+03  0.29638519E+03
     2.03000  0.29639257E+03  0.29639257E+03  0.29639257E+03  0.29639257E+03
     2.04000  0.29639973E+03  0.29639973E+03  0.29639973E+03  0.29639973E+03
     2.05000  0.29640668E+03  0.29640668E+03  0.29640668E+03  0.29640668E+03
     2.06000  0.29641344E+03  0.29641344E+03  0.29641344E+03  0.29641344E+03
     2.07000  0.29642000E+03  0.29642000E+03  0.29642000E+03  0.29642000E+03
     2.08000  0.29642638E+03  0.29642638E+03  0.29642638E+03  0.29642638E+03
     2.09000  0.29643257E+03  0.29643257E+03  0.29643257E+03  0.29643257E+03
     2.10000  0.29643858E+03  0.29643858E+03  0.29643858E+03  0.29643858E+03
     2.11000  0.29644442E+03  0.29644442E+03  0.29644442E+03  0.29644442E+03
     2.12000  0.29645009E+03  0.29645009E+03  0.29645009E+03  0.29645009E+03
     2.13000  0.29645560E+03  0.29645560E+03  0.29645560E+03  0.29645560E+03
     2.14000  0.29646095E+03  0.29646095E+03  0.29646095E+03  0.29646095E+03
     2.15000  0.29646615E+03  0.29646615E+03  0.29646615E+03  0.29646615E+03
     2.16000  0.29647119E+03  0.29647119E+03  0.29647119E+03  0.29647119E+03
     2.17000  0.29647610E+03  0.29647610E+03  0.29647610E+03  0.29647610E+03
     2.18000  0.29648086E+03  0.29648086E+03  0.29648086E+03  0.29648086E+03
     2.19000  0.29648549E+03  0.29648549E+03  0.29648549E+03  0.29648549E+03
     2.20000  0.29648999E+03  0.29648999E+03  0.29648999E+03  0.29648999E+03
     2.21000  0.29649435E+03  0.29649435E+03  0.29649435E+03  0.29649435E+03
     2.22000  0.29649859E+03  0.29649859E+03  0.29649859E+03  0.29649859E+03
     2.23000  0.29650272E+03  0.29650272E+03  0.29650272E+03  0.29650272E+03
     2.24000  0.29650672E+03  0.29650672E+03  0.29650672E+03  0.29650672E+03
     2.25000  0.29651061E+03  0.29651061E+03  0.29651061E+03  0.29651061E+03
     2.26000  0.29651439E+03  0.29651439E+03  0.29651439E+03  0.29651439E+03
     2.27000  0.29651806E+03  0.29651806E+03  0.29651806E+03  0.29651806E+03
     2.28000  0.29652162E+03  0.29652162E+03  0.29652162E+03  0.29652162E+03
     2.29000  0.29652509E+03  0.29652509E+03  0.29652509E+03  0.29652509E+03
     2.30000  0.29652845E+03  0.29652845E+03  0.29652845E+03  0.29652845E+03
     2.31000  0.29653172E+03  0.29653172E+03  0.29653172E+03  0.29653172E+03
     2.32000  0.29653490E+03  0.29653490E+03  0.29653490E+03  0.29653490E+03
     2.33000  0.29653798E+03  0.29653798E+03  0.29653798E+03  0.29653798E+03
     2.34000  0.29654098E+03  0.29654098E+03  0.29654098E+03  0.29654098E+03
     2.35000  0.29654390E+03  0.29654390E+03  0.29654390E+03  0.29654390E+03
     2.36000  0.29654673E+03  0.29654673E+03  0.29654673E+03  0.29654673E+03
     2.37000  0.29654948E+03  0.29654948E+03  0.29654948E+03  0.29654948E+03
     2.38000  0.29655215E+03  0.29655215E+03  0.29655215E+03  0.29655215E+03
     2.39000  0.29655475E+03  0.29655475E+03  0.29655475E+03  0.29655475E+03
     2.40000  0.29655727E+03  0.29655727E+03  0.29655727E+03  0.29655727E+03
     2.41000  0.29655972E+03  0.29655972E+03  0.29655972E+03  0.29655972E+03
     2.42000  0.29656210E+03  0.29656210E+03  0.29656210E+03  0.29656210E+03
     2.43000  0.29656442E+03  0.29656442E+03  0.29656442E+03  0.29656442E+03
     2.44000  0.29656667E+03  0.29656667E+03  0.29656667E+03  0.29656667E+03
     2.45000  0.29656885E+03  0.29656885E+03  0.29656885E+03  0.29656885E+03
     2.46000  0.29657097E+03  0.29657097E+03  0.29657097E+03  0.29657097E+03
     2.47000  0.29657304E+03  0.29657304E+03  0.29657304E+03  0.29657304E+03
     2.48000  0.29657504E+03  0.29657504E+03  0.29657504E+03  0.29657504E+03
     2.49000  0.29657699E+03  0.29657699E+03  0.29657699E+03  0.29657699E+03
     2.50000  0.29657888E+03  0.29657888E+03  0.29657888E+03  0.29657888E+03
     2.51000  0.29658072E+03  0.29658072E+03  0.29658072E+03  0.29658072E+03
     2.52000  0.29658251E+03  0.29658251E+03  0.29658251E+03  0.29658251E+03
     2.53000  0.29658425E+03  0.29658425E+03  0.29658425E+03  0.29658425E+03
     2.54000  0.29658594E+03  0.29658594E+03  0.29658594E+03  0.29658594E+03
     2.55000  0.29658758E+03  0.29658758E+03  0.29658758E+03  0.29658758E+03
     2.56000  0.29658917E+03  0.29658917E+03  0.29658917E+03  0.29658917E+03
     2.57000  0.29659072E+03  0.29659072E+03  0.29659072E+03  0.29659072E+03
     2.58000  0.29659222E+03  0.29659222E+03  0.29659222E+03  0.29659222E+03
     2.59000  0.29659369E+03  0.29659369E+03  0.29659369E+03  0.29659369E+03
     2.60000  0.29659511E+03  0.29659511E+03  0.29659511E+03  0.29659511E+03
     2.61000  0.29659649E+03  0.29659649E+03  0.29659649E+03  0.29659649E+03
     2.62000  0.29659784E+03  0.29659784E+03  0.29659784E+03  0.29659784E+03
     2.63000  0.29659914E+03  0.29659914E+03  0.29659914E+03  0.29659914E+03
     2.64000  0.29660041E+03  0.29660041E+03  0.29660041E+03  0.29660041E+03
     2.65000  0.29660164E+03  0.29660164E+03  0.29660164E+03  0.29660164E+03
     2.66000  0.29660284E+03  0.29660284E+03  0.29660284E+03  0.29660284E+03
     2.67000  0.29660400E+03  0.29660400E+03  0.29660400E+03  0.29660400E+03
     2.68000  0.29660514E+03  0.29660514E+03  0.29660514E+03  0.29660514E+03
     2.69000  0.29660624E+03  0.29660624E+03  0.29660624E+03  0.29660624E+03
     2.70000  0.29660731E+03  0.29660731E+03  0.29660731E+03  0.29660731E+03
     2.71000  0.29660834E+03  0.29660834E+03  0.29660834E+03  0.29660834E+03
     2.72000  0.29660935E+03  0.29660935E+03  0.29660935E+03  0.29660935E+03
     2.73000  0.29661034E+03  0.29661034E+03  0.29661034E+03  0.29661034E+03
     2.74000  0.29661129E+03  0.29661129E+03  0.29661129E+03  0.29661129E+03
     2.75000  0.29661222E+03  0.29661222E+03  0.29661222E+03  0.29661222E+03
     2.76000  0.29661312E+03  0.29661312E+03  0.29661312E+03  0.29661312E+03
     2.77000  0.29661399E+03  0.29661399E+03  0.29661399E+03  0.29661399E+03
     2.78000  0.29661485E+03  0.29661485E+03  0.29661485E+03  0.29661485E+03
     2.79000  0.29661567E+03  0.29661567E+03  0.29661567E+03  0.29661567E+03
     2.80000  0.29661648E+03  0.29661648E+03  0.29661648E+03  0.29661648E+03
     2.81000  0.29661726E+03  0.29661726E+03  0.29661726E+03  0.29661726E+03
     2.82000  0.29661802E+03  0.29661802E+03  0.29661802E+03  0.29661802E+03
     2.83000  0.29661876E+03  0.29661876E+03  0.29661876E+03  0.29661876E+03
     2.84000  0.29661948E+03  0.29661948E+03  0.29661948E+03  0.29661948E+03
     2.85000  0.29662017E+03  0.29662017E+03  0.29662017E+03  0.29662017E+03
     2.86000  0.29662085E+03  0.29662085E+03  0.29662085E+03  0.29662085E+03
     2.87000  0.29662151E+03  0.29662151E+03  0.29662151E+03  0.29662151E+03
     2.88000  0.29662215E+03  0.29662215E+03  0.29662215E+03  0.29662215E+03
     2.89000  0.29662278E+03  0.29662278E+03  0.29662278E+03  0.29662278E+03
     2.90000  0.29662338E+03  0.29662338E+03  0.29662338E+03  0.29662338E+03
     2.91000  0.29662397E+03  0.29662397E+03  0.29662397E+03  0.29662397E+03
     2.92000  0.29662454E+03  0.29662454E+03  0.29662454E+03  0.29662454E+03
     2.93000  0.29662510E+03  0.29662510E+03  0.29662510E+03  0.29662510E+03
     2.94000  0.29662564E+03  0.29662564E+03  0.29662564E+03  0.29662564E+03
     2.95000  0.29662617E+03  0.29662617E+03  0.29662617E+03  0.29662617E+03
     2.96000  0.29662668E+03  0.29662668E+03  0.29662668E+03  0.29662668E+03
     2.97000  0.29662718E+03  0.29662718E+03  0.29662718E+03  0.29662718E+03
     2.98000  0.29662766E+03  0.29662766E+03  0.29662766E+03  0.29662766E+03
     2.99000  0.29662813E+03  0.29662813E+03  0.29662813E+03  0.29662813E+03
     3.00000  0.29662859E+03  0.29662859E+03  0.29662859E+03  0.29662859E+03
     3.01000  0.29662903E+03  0.29662903E+03  0.29662903E+03  0.29662903E+03
     3.02000  0.29662946E+03  0.29662946E+03  0.29662946E+03  0.29662946E+03
     3.03000  0.29662988E+03  0.29662988E+03  0.29662988E+03  0.29662988E+03
     3.04000  0.29663029E+03  0.29663029E+03  0.29663029E+03  0.29663029E+03
     3.05000  0.29663068E+03  0.29663068E+03  0.29663068E+03  0.29663068E+03
     3.06000  0.29663107E+03  0.29663107E+03  0.29663107E+03  0.29663107E+03
     3.07000  0.29663144E+03  0.29663144E+03  0.29663144E+03  0.29663144E+03
     3.08000  0.29663181E+03  0.29663181E+03  0.29663181E+03  0.29663181E+03
     3.09000  0.29663216E+03  0.29663216E+03  0.29663216E+03  0.29663216E+03
     3.10000  0.29663251E+03  0.29663251E+03  0.29663251E+03  0.29663251E+03
     3.11000  0.29663284E+03  0.29663284E+03  0.29663284E+03  0.29663284E+03
     3.12000  0.29663317E+03  0.29663317E+03  0.29663317E+03  0.29663317E+03
     3.13000  0.29663348E+03  0.29663348E+03  0.29663348E+03  0.29663348E+03
     3.14000  0.29663379E+03  0.29663379E+03  0.29663379E+03  0.29663379E+03
     3.15000  0.29663409E+03  0.29663409E+03  0.29663409E+03  0.29663409E+03
     3.16000  0.29663438E+03  0.29663438E+03  0.29663438E+03  0.29663438E+03
     3.17000  0.29663466E+03  0.29663466E+03  0.29663466E+03  0.29663466E+03
     3.18000  0.29663494E+03  0.29663494E+03  0.29663494E+03  0.29663494E+03
     3.19000  0.29663521E+03  0.29663521E+03  0.29663521E+03  0.29663521E+03
     3.20000  0.29663547E+03  0.29663547E+03  0.29663547E+03  0.29663547E+03
     3.21000  0.29663572E+03  0.29663572E+03  0.29663572E+03  0.29663572E+03
     3.22000  0.29663596E+03  0.29663596E+03  0.29663596E+03  0.29663596E+03
     3.23000  0.29663620E+03  0.29663620E+03  0.29663620E+03  0.29663620E+03
     3.24000  0.29663643E+03  0.29663643E+03  0.29663643E+03  0.29663643E+03
     3.25000  0.29663666E+03  0.29663666E+03  0.29663666E+03  0.29663666E+03
     3.26000  0.29663688E+03  0.29663688E+03  0.29663688E+03  0.29663688E+03
     3.27000  0.29663709E+03  0.29663709E+03  0.29663709E+03  0.29663709E+03
     3.28000  0.29663730E+03  0.29663730E+03  0.29663730E+03  0.29663730E+03
     3.29000  0.29663750E+03  0.29663750E+03  0.29663750E+03  0.29663750E+03
     3.30000  0.29663770E+03  0.29663770E+03  0.29663770E+03  0.29663770E+03
     3.31000  0.29663789E+03  0.29663789E+03  0.29663789E+03  0.29663789E+03
     3.32000  0.29663807E+03  0.29663807E+03  0.29663807E+03  0.29663807E+03
     3.33000  0.29663825E+03  0.29663825E+03  0.29663825E+03  0.29663825E+03
     3.34000  0.29663843E+03  0.29663843E+03  0.29663843E+03  0.29663843E+03
     3.35000  0.29663860E+03  0.29663860E+03  0.29663860E+03  0.29663860E+03
     3.36000  0.29663877E+03  0.29663877E+03  0.29663877E+03  0.29663877E+03
     3.37000  0.29663893E+03  0.29663893E+03  0.29663893E+03  0.29663893E+03
     3.38000  0.29663908E+03  0.29663908E+03  0.29663908E+03  0.29663908E+03
     3.39000  0.29663924E+03  0.29663924E+03  0.29663924E+03  0.29663924E+03
     3.40000  0.29663938E+03  0.29663938E+03  0.29663938E+03  0.29663938E+03
     3.41000  0.29663953E+03  0.29663953E+03  0.29663953E+03  0.29663953E+03
     3.42000  0.29663967E+03  0.29663967E+03  0.29663967E+03  0.29663967E+03
     3.43000  0.29663980E+03  0.29663980E+03  0.29663980E+03  0.29663980E+03
     3.44000  0.29663994E+03  0.29663994E+03  0.29663994E+03  0.29663994E+03
     3.45000  0.29664007E+03  0.29664007E+03  0.29664007E+03  0.29664007E+03
     3.46000  0.29664019E+03  0.29664019E+03  0.29664019E+03  0.29664019E+03
     3.47000  0.29664031E+03  0.29664031E+03  0.29664031E+03  0.29664031E+03
     3.48000  0.29664043E+03  0.29664043E+03  0.29664043E+03  0.29664043E+03
     3.49000  0.29664055E+03  0.29664055E+03  0.29664055E+03  0.29664055E+03
     3.50000  0.29664066E+03  0.29664066E+03  0.29664066E+03  0.29664066E+03
     3.51000  0.29664077E+03  0.29664077E+03  0.29664077E+03  0.29664077E+03
     3.52000  0.29664087E+03  0.29664087E+03  0.29664087E+03  0.29664087E+03
     3.53000  0.29664098E+03  0.29664098E+03  0.29664098E+03  0.29664098E+03
     3.54000  0.29664108E+03  0.29664108E+03  0.29664108E+03  0.29664108E+03
     3.55000  0.29664117E+03  0.29664117E+03  0.29664117E+03  0.29664117E+03
     3.56000  0.29664127E+03  0.29664127E+03  0.29664127E+03  0.29664127E+03
     3.57000  0.29664136E+03  0.29664136E+03  0.29664136E+03  0.29664136E+03
     3.58000  0.29664145E+03  0.29664145E+03  0.29664145E+03  0.29664145E+03
     3.59000  0.29664154E+03  0.29664154E+03  0.29664154E+03  0.29664154E+03
     3.60000  0.29664162E+03  0.29664162E+03  0.29664162E+03  0.29664162E+03
     3.61000  0.29664170E+03  0.29664170E+03  0.29664170E+03  0.29664170E+03
     3.62000  0.29664178E+03  0.29664178E+03  0.29664178E+03  0.29664178E+03
     3.63000  0.29664186E+03  0.29664186E+03  0.29664186E+03  0.29664186E+03
     3.64000  0.29664194E+03  0.29664194E+03  0.29664194E+03  0.29664194E+03
     3.65000  0.29664201E+03  0.29664201E+03  0.29664201E+03  0.29664201E+03
     3.66000  0.29664208E+03  0.29664208E+03  0.29664208E+03  0.29664208E+03
     3.67000  0.29664215E+03  0.29664215E+03  0.29664215E+03  0.29664215E+03
     3.68000  0.29664222E+03  0.29664222E+03  0.29664222E+03  0.29664222E+03
     3.69000  0.29664229E+03  0.29664229E+03  0.29664229E+03  0.29664229E+03
     3.70000  0.29664235E+03  0.29664235E+03  0.29664235E+03  0.29664235E+03
     3.71000  0.29664241E+03  0.29664241E+03  0.29664241E+03  0.29664241E+03
     3.72000  0.29664247E+03  0.29664247E+03  0.29664247E+03  0.29664247E+03
     3.73000  0.29664253E+03  0.29664253E+03  0.29664253E+03  0.29664253E+03
     3.74000  0.29664259E+03  0.29664259E+03  0.29664259E+03  0.29664259E+03
     3.75000  0.29664265E+03  0.29664265E+03  0.29664265E+03  0.29664265E+03
     3.76000  0.29664270E+03  0.29664270E+03  0.29664270E+03  0.29664270E+03
     3.77000  0.29664275E+03  0.29664275E+03  0.29664275E+03  0.29664275E+03
     3.78000  0.29664280E+03  0.29664280E+03  0.29664280E+03  0.29664280E+03
     3.79000  0.29664285E+03  0.29664285E+03  0.29664285E+03  0.29664285E+03
     3.80000  0.29664290E+03  0.29664290E+03  0.29664290E+03  0.29664290E+03
     3.81000  0.29664295E+03  0.29664295E+03  0.29664295E+03  0.29664295E+03
     3.82000  0.29664300E+03  0.29664300E+03  0.29664300E+03  0.29664300E+03
     3.83000  0.29664304E+03  0.29664304E+03  0.29664304E+03  0.29664304E+03
     3.84000  0.29664308E+03  0.29664308E+03  0.29664308E+03  0.29664308E+03
     3.85000  0.29664313E+03  0.29664313E+03  0.29664313E+03  0.29664313E+03
     3.86000  0.29664317E+03  0.29664317E+03  0.29664317E+03  0.29664317E+03
     3.87000  0.29664321E+03  0.29664321E+03  0.29664321E+03  0.29664321E+03
     3.88000  0.29664325E+03  0.29664325E+03  0.29664325E+03  0.29664325E+03
     3.89000  0.29664328E+03  0.29664328E+03  0.29664328E+03  0.29664328E+03
     3.90000  0.29664332E+03  0.29664332E+03  0.29664332E+03  0.29664332E+03
     3.91000  0.29664336E+03  0.29664336E+03  0.29664336E+03  0.29664336E+03
     3.92000  0.29664339E+03  0.29664339E+03  0.29664339E+03  0.29664339E+03
     3.93000  0.29664342E+03  0.29664342E+03  0.29664342E+03  0.29664342E+03
     3.94000  0.29664346E+03  0.29664346E+03  0.29664346E+03  0.29664346E+03
     3.95000  0.29664349E+03  0.29664349E+03  0.29664349E+03  0.29664349E+03
     3.96000  0.29664352E+03  0.29664352E+03  0.29664352E+03  0.29664352E+03
     3.97000  0.29664355E+03  0.29664355E+03  0.29664355E+03  0.29664355E+03
     3.98000  0.29664358E+03  0.29664358E+03  0.29664358E+03  0.29664358E+03
     3.99000  0.29664361E+03  0.29664361E+03  0.29664361E+03  0.29664361E+03
     4.00000  0.29664364E+03  0.29664364E+03  0.29664364E+03  0.29664364E+03
     4.01000  0.29664366E+03  0.29664366E+03  0.29664366E+03  0.29664366E+03
     4.02000  0.29664369E+03  0.29664369E+03  0.29664369E+03  0.29664369E+03
     4.03000  0.29664371E+03  0.29664371E+03  0.29664371E+03  0.29664371E+03
     4.04000  0.29664374E+03  0.29664374E+03  0.29664374E+03  0.29664374E+03
     4.05000  0.29664376E+03  0.29664376E+03  0.29664376E+03  0.29664376E+03
     4.06000  0.29664379E+03  0.29664379E+03  0.29664379E+03  0.29664379E+03
     4.07000  0.29664381E+03  0.29664381E+03  0.29664381E+03  0.29664381E+03
     4.08000  0.29664383E+03  0.29664383E+03  0.29664383E+03  0.29664383E+03
     4.09000  0.29664385E+03  0.29664385E+03  0.29664385E+03  0.29664385E+03
     4.10000  0.29664388E+03  0.29664388E+03  0.29664388E+03  0.29664388E+03
     4.11000  0.29664390E+03  0.29664390E+03  0.29664390E+03  0.29664390E+03
     4.12000  0.29664392E+03  0.29664392E+03  0.29664392E+03  0.29664392E+03
     4.13000  0.29664394E+03  0.29664394E+03  0.29664394E+03  0.29664394E+03
     4.14000  0.29664395E+03  0.29664395E+03  0.29664395E+03  0.29664395E+03
     4.15000  0.29664397E+03  0.29664397E+03  0.29664397E+03  0.29664397E+03
     4.16000  0.29664399E+03  0.29664399E+03  0.29664399E+03  0.29664399E+03
     4.17000  0.29664401E+03  0.29664401E+03  0.29664401E+03  0.29664401E+03
     4.18000  0.29664402E+03  0.29664402E+03  0.29664402E+03  0.29664402E+03
     4.19000  0.29664404E+03  0.29664404E+03  0.29664404E+03  0.29664404E+03
     4.20000  0.29664406E+03  0.29664406E+03  0.29664406E+03  0.29664406E+03
     4.21000  0.29664407E+03  0.29664407E+03  0.29664407E+03  0.29664407E+03
     4.22000  0.29664409E+03  0.29664409E+03  0.29664409E+03  0.29664409E+03
     4.23000  0.29664410E+03  0.29664410E+03  0.29664410E+03  0.29664410E+03
     4.24000  0.29664412E+03  0.29664412E+03  0.29664412E+03  0.29664412E+03
     4.25000  0.29664413E+03  0.29664413E+03  0.29664413E+03  0.29664413E+03
     4.26000  0.29664414E+03  0.29664414E+03  0.29664414E+03  0.29664414E+03
     4.27000  0.29664416E+03  0.29664416E+03  0.29664416E+03  0.29664416E+03
     4.28000  0.29664417E+03  0.29664417E+03  0.29664417E+03  0.29664417E+03
     4.29000  0.29664418E+03  0.29664418E+03  0.29664418E+03  0.29664418E+03
     4.30000  0.29664419E+03  0.29664419E+03  0.29664419E+03  0.29664419E+03
     4.31000  0.29664421E+03  0.29664421E+03  0.29664421E+03  0.29664421E+03
     4.32000  0.29664422E+03  0.29664422E+03  0.29664422E+03  0.29664422E+03
     4.33000  0.29664423E+03  0.29664423E+03  0.29664423E+03  0.29664423E+03
     4.34000  0.29664424E+03  0.29664424E+03  0.29664424E+03  0.29664424E+03
     4.35000  0.29664425E+03  0.29664425E+03  0.29664425E+03  0.29664425E+03
     4.36000  0.29664426E+03  0.29664426E+03  0.29664426E+03  0.29664426E+03
     4.37000  0.29664427E+03  0.29664427E+03  0.29664427E+03  0.29664427E+03
     4.38000  0.29664428E+03  0.29664428E+03  0.29664428E+03  0.29664428E+03
     4.39000  0.29664429E+03  0.29664429E+03  0.29664429E+03  0.29664429E+03
     4.40000  0.29664430E+03  0.29664430E+03  0.29664430E+03  0.29664430E+03
     4.41000  0.29664431E+03  0.29664431E+03  0.29664431E+03  0.29664431E+03
     4.42000  0.29664432E+03  0.29664432E+03  0.29664432E+03  0.29664432E+03
     4.43000  0.29664432E+03  0.29664432E+03  0.29664432E+03  0.29664432E+03
     4.44000  0.29664433E+03  0.29664433E+03  0.29664433E+03  0.29664433E+03
     4.45000  0.29664434E+03  0.29664434E+03  0.29664434E+03  0.29664434E+03
     4.46000  0.29664435E+03  0.29664435E+03  0.29664435E+03  0.29664435E+03
     4.47000  0.29664436E+03  0.29664436E+03  0.29664436E+03  0.29664436E+03
     4.48000  0.29664436E+03  0.29664436E+03  0.29664436E+03  0.29664436E+03
     4.49000  0.29664437E+03  0.29664437E+03  0.29664437E+03  0.29664437E+03
     4.50000  0.29664438E+03  0.29664438E+03  0.29664438E+03  0.29664438E+03
     4.51000  0.29664438E+03  0.29664438E+03  0.29664438E+03  0.29664438E+03
     4.52000  0.29664439E+03  0.29664439E+03  0.29664439E+03  0.29664439E+03
     4.53000  0.29664440E+03  0.29664440E+03  0.29664440E+03  0.29664440E+03
     4.54000  0.29664440E+03  0.29664440E+03  0.29664440E+03  0.29664440E+03
     4.55000  0.29664441E+03  0.29664441E+03  0.29664441E+03  0.29664441E+03
     4.56000  0.29664442E+03  0.29664442E+03  0.29664442E+03  0.29664442E+03
     4.57000  0.29664442E+03  0.29664442E+03  0.29664442E+03  0.29664442E+03
     4.58000  0.29664443E+03  0.29664443E+03  0.29664443E+03  0.29664443E+03
     4.59000  0.29664443E+03  0.29664443E+03  0.29664443E+03  0.29664443E+03
     4.60000  0.29664444E+03  0.29664444E+03  0.29664444E+03  0.29664444E+03
     4.61000  0.29664444E+03  0.29664444E+03  0.29664444E+03  0.29664444E+03
     4.62000  0.29664445E+03  0.29664445E+03  0.29664445E+03  0.29664445E+03
     4.63000  0.29664445E+03  0.29664445E+03  0.29664445E+03  0.29664445E+03
     4.64000  0.29664446E+03  0.29664446E+03  0.29664446E+03  0.29664446E+03
     4.65000  0.29664446E+03  0.29664446E+03  0.29664446E+03  0.29664446E+03
     4.66000  0.29664447E+03  0.29664447E+03  0.29664447E+03  0.29664447E+03
     4.67000  0.29664447E+03  0.29664447E+03  0.29664447E+03  0.29664447E+03
     4.68000  0.29664448E+03  0.29664448E+03  0.29664448E+03  0.29664448E+03
     4.69000  0.29664448E+03  0.29664448E+03  0.29664448E+03  0.29664448E+03
     4.70000  0.29664448E+03  0.29664448E+03  0.29664448E+03  0.29664448E+03
     4.71000  0.29664449E+03  0.29664449E+03  0.29664449E+03  0.29664449E+03
     4.72000  0.29664449E+03  0.29664449E+03  0.29664449E+03  0.29664449E+03
     4.73000  0.29664449E+03  0.29664449E+03  0.29664449E+03  0.29664449E+03
     4.74000  0.29664450E+03  0.29664450E+03  0.29664450E+03  0.29664450E+03
     4.75000  0.29664450E+03  0.29664450E+03  0.29664450E+03  0.29664450E+03
     4.76000  0.29664451E+03  0.29664451E+03  0.29664451E+03  0.29664451E+03
     4.77000  0.29664451E+03  0.29664451E+03  0.29664451E+03  0.29664451E+03
     4.78000  0.29664451E+03  0.29664451E+03  0.29664451E+03  0.29664451E+03
     4.79000  0.29664452E+03  0.29664452E+03  0.29664452E+03  0.29664452E+03
     4.80000  0.29664452E+03  0.29664452E+03  0.29664452E+03  0.29664452E+03
     4.81000  0.29664452E+03  0.29664452E+03  0.29664452E+03  0.29664452E+03
     4.82000  0.29664452E+03  0.29664452E+03  0.29664452E+03  0.29664452E+03
     4.83000  0.29664453E+03  0.29664453E+03  0.29664453E+03  0.29664453E+03
     4.84000  0.29664453E+03  0.29664453E+03  0.29664453E+03  0.29664453E+03
     4.85000  0.29664453E+03  0.29664453E+03  0.29664453E+03  0.29664453E+03
     4.86000  0.29664453E+03  0.29664453E+03  0.29664453E+03  0.29664453E+03
     4.87000  0.29664454E+03  0.29664454E+03  0.29664454E+03  0.29664454E+03
     4.88000  0.29664454E+03  0.29664454E+03  0.29664454E+03  0.29664454E+03
     4.89000  0.29664454E+03  0.29664454E+03  0.29664454E+03  0.29664454E+03
     4.90000  0.29664454E+03  0.29664454E+03  0.29664454E+03  0.29664454E+03
     4.91000  0.29664455E+03  0.29664455E+03  0.29664455E+03  0.29664455E+03
     4.92000  0.29664455E+03  0.29664455E+03  0.29664455E+03  0.29664455E+03
     4.93000  0.29664455E+03  0.29664455E+03  0.29664455E+03  0.29664455E+03
     4.94000  0.29664455E+03  0.29664455E+03  0.29664455E+03  0.29664455E+03
     4.95000  0.29664456E+03  0.29664456E+03  0.29664456E+03  0.29664456E+03
     4.96000  0.29664456E+03  0.29664456E+03  0.29664456E+03  0.29664456E+03
     4.97000  0.29664456E+03  0.29664456E+03  0.29664456E+03  0.29664456E+03
     4.98000  0.29664456E+03  0.29664456E+03  0.29664456E+03  0.29664456E+03
     4.99000  0.29664456E+03  0.29664456E+03  0.29664456E+03  0.29664456E+03
     5.00000  0.29664456E+03  0.29664456E+03  0.29664456E+03  0.29664456E+03
