#Thickness(um)           XX(V)           YY(V)           ZZ(V)
     0.00000          0.0000          0.0000          0.0000          0.0000
     0.01000          1.2091          1.2091          1.2091          1.2091
     0.02000          1.2057          1.2057          1.2057          1.2057
     0.03000          1.2031          1.2031          1.2031          1.2031
     0.04000          1.2010          1.2010          1.2010          1.2010
     0.05000          1.1993          1.1993          1.1993          1.1993
     0.06000          1.1978          1.1978          1.1978          1.1978
     0.07000          1.1965          1.1965          1.1965          1.1965
     0.08000          1.1954          1.1954          1.1954          1.1954
     0.09000          1.1945          1.1945          1.1945          1.1945
     0.10000          1.1936          1.1936          1.1936          1.1936
     0.11000          1.1928          1.1928          1.1928          1.1928
     0.12000          1.1921          1.1921          1.1921          1.1921
     0.13000          1.1915          1.1915          1.1915          1.1915
     0.14000          1.1909          1.1909          1.1909          1.1909
     0.15000          1.1903          1.1903          1.1903          1.1903
     0.16000          1.1898          1.1898          1.1898          1.1898
     0.17000          1.1894          1.1894          1.1894          1.1894
     0.18000          1.1889          1.1889          1.1889          1.1889
     0.19000          1.1885          1.1885          1.1885          1.1885
     0.20000          1.1882          1.1882          1.1882          1.1882
     0.21000          1.1878          1.1878          1.1878          1.1878
     0.22000          1.1875          1.1875          1.1875          1.1875
     0.23000          1.1872          1.1872          1.1872          1.1872
     0.24000          1.1869          1.1869          1.1869          1.1869
     0.25000          1.1867          1.1867          1.1867          1.1867
     0.26000          1.1864          1.1864          1.1864          1.1864
     0.27000          1.1862          1.1862          1.1862          1.1862
     0.28000          1.1860          1.1860          1.1860          1.1860
     0.29000          1.1858          1.1858          1.1858          1.1858
     0.30000          1.1856          1.1856          1.1856          1.1856
     0.31000          1.1855          1.1855          1.1855          1.1855
     0.32000          1.1853          1.1853          1.1853          1.1853
     0.33000          1.1851          1.1851          1.1851          1.1851
     0.34000          1.1850          1.1850          1.1850          1.1850
     0.35000          1.1849          1.1849          1.1849          1.1849
     0.36000          1.1847          1.1847          1.1847          1.1847
     0.37000          1.1846          1.1846          1.1846          1.1846
     0.38000          1.1845          1.1845          1.1845          1.1845
     0.39000          1.1844          1.1844          1.1844          1.1844
     0.40000          1.1843          1.1843          1.1843          1.1843
     0.41000          1.1842          1.1842          1.1842          1.1842
     0.42000          1.1841          1.1841          1.1841          1.1841
     0.43000          1.1841          1.1841          1.1841          1.1841
     0.44000          1.1840          1.1840          1.1840          1.1840
     0.45000          1.1839          1.1839          1.1839          1.1839
     0.46000          1.1839          1.1839          1.1839          1.1839
     0.47000          1.1838          1.1838          1.1838          1.1838
     0.48000          1.1837          1.1837          1.1837          1.1837
     0.49000          1.1837          1.1837          1.1837          1.1837
     0.50000          1.1836          1.1836          1.1836          1.1836
     0.51000          1.1836          1.1836          1.1836          1.1836
     0.52000          1.1835          1.1835          1.1835          1.1835
     0.53000          1.1835          1.1835          1.1835          1.1835
     0.54000          1.1835          1.1835          1.1835          1.1835
     0.55000          1.1834          1.1834          1.1834          1.1834
     0.56000          1.1834          1.1834          1.1834          1.1834
     0.57000          1.1834          1.1834          1.1834          1.1834
     0.58000          1.1833          1.1833          1.1833          1.1833
     0.59000          1.1833          1.1833          1.1833          1.1833
     0.60000          1.1833          1.1833          1.1833          1.1833
     0.61000          1.1833          1.1833          1.1833          1.1833
     0.62000          1.1832          1.1832          1.1832          1.1832
     0.63000          1.1832          1.1832          1.1832          1.1832
     0.64000          1.1832          1.1832          1.1832          1.1832
     0.65000          1.1832          1.1832          1.1832          1.1832
     0.66000          1.1832          1.1832          1.1832          1.1832
     0.67000          1.1831          1.1831          1.1831          1.1831
     0.68000          1.1831          1.1831          1.1831          1.1831
     0.69000          1.1831          1.1831          1.1831          1.1831
     0.70000          1.1831          1.1831          1.1831          1.1831
     0.71000          1.1831          1.1831          1.1831          1.1831
     0.72000          1.1831          1.1831          1.1831          1.1831
     0.73000          1.1831          1.1831          1.1831          1.1831
     0.74000          1.1831          1.1831          1.1831          1.1831
     0.75000          1.1831          1.1831          1.1831          1.1831
     0.76000          1.1831          1.1831          1.1831          1.1831
     0.77000          1.1831          1.1831          1.1831          1.1831
     0.78000          1.1830          1.1830          1.1830          1.1830
     0.79000          1.1830          1.1830          1.1830          1.1830
     0.80000          1.1830          1.1830          1.1830          1.1830
     0.81000          1.1830          1.1830          1.1830          1.1830
     0.82000          1.1830          1.1830          1.1830          1.1830
     0.83000          1.1830          1.1830          1.1830          1.1830
     0.84000          1.1830          1.1830          1.1830          1.1830
     0.85000          1.1830          1.1830          1.1830          1.1830
     0.86000          1.1830          1.1830          1.1830          1.1830
     0.87000          1.1830          1.1830          1.1830          1.1830
     0.88000          1.1830          1.1830          1.1830          1.1830
     0.89000          1.1830          1.1830          1.1830          1.1830
     0.90000          1.1830          1.1830          1.1830          1.1830
     0.91000          1.1830          1.1830          1.1830          1.1830
     0.92000          1.1830          1.1830          1.1830          1.1830
     0.93000          1.1830          1.1830          1.1830          1.1830
     0.94000          1.1830          1.1830          1.1830          1.1830
     0.95000          1.1830          1.1830          1.1830          1.1830
     0.96000          1.1830          1.1830          1.1830          1.1830
     0.97000          1.1830          1.1830          1.1830          1.1830
     0.98000          1.1830          1.1830          1.1830          1.1830
     0.99000          1.1830          1.1830          1.1830          1.1830
     1.00000          1.1830          1.1830          1.1830          1.1830
     1.01000          1.1830          1.1830          1.1830          1.1830
     1.02000          1.1830          1.1830          1.1830          1.1830
     1.03000          1.1830          1.1830          1.1830          1.1830
     1.04000          1.1830          1.1830          1.1830          1.1830
     1.05000          1.1830          1.1830          1.1830          1.1830
     1.06000          1.1830          1.1830          1.1830          1.1830
     1.07000          1.1830          1.1830          1.1830          1.1830
     1.08000          1.1830          1.1830          1.1830          1.1830
     1.09000          1.1830          1.1830          1.1830          1.1830
     1.10000          1.1830          1.1830          1.1830          1.1830
     1.11000          1.1830          1.1830          1.1830          1.1830
     1.12000          1.1831          1.1831          1.1831          1.1831
     1.13000          1.1831          1.1831          1.1831          1.1831
     1.14000          1.1831          1.1831          1.1831          1.1831
     1.15000          1.1831          1.1831          1.1831          1.1831
     1.16000          1.1831          1.1831          1.1831          1.1831
     1.17000          1.1831          1.1831          1.1831          1.1831
     1.18000          1.1831          1.1831          1.1831          1.1831
     1.19000          1.1831          1.1831          1.1831          1.1831
     1.20000          1.1831          1.1831          1.1831          1.1831
     1.21000          1.1831          1.1831          1.1831          1.1831
     1.22000          1.1831          1.1831          1.1831          1.1831
     1.23000          1.1831          1.1831          1.1831          1.1831
     1.24000          1.1831          1.1831          1.1831          1.1831
     1.25000          1.1831          1.1831          1.1831          1.1831
     1.26000          1.1831          1.1831          1.1831          1.1831
     1.27000          1.1831          1.1831          1.1831          1.1831
     1.28000          1.1831          1.1831          1.1831          1.1831
     1.29000          1.1831          1.1831          1.1831          1.1831
     1.30000          1.1831          1.1831          1.1831          1.1831
     1.31000          1.1831          1.1831          1.1831          1.1831
     1.32000          1.1831          1.1831          1.1831          1.1831
     1.33000          1.1831          1.1831          1.1831          1.1831
     1.34000          1.1831          1.1831          1.1831          1.1831
     1.35000          1.1831          1.1831          1.1831          1.1831
     1.36000          1.1831          1.1831          1.1831          1.1831
     1.37000          1.1831          1.1831          1.1831          1.1831
     1.38000          1.1831          1.1831          1.1831          1.1831
     1.39000          1.1831          1.1831          1.1831          1.1831
     1.40000          1.1831          1.1831          1.1831          1.1831
     1.41000          1.1831          1.1831          1.1831          1.1831
     1.42000          1.1831          1.1831          1.1831          1.1831
     1.43000          1.1831          1.1831          1.1831          1.1831
     1.44000          1.1831          1.1831          1.1831          1.1831
     1.45000          1.1831          1.1831          1.1831          1.1831
     1.46000          1.1831          1.1831          1.1831          1.1831
     1.47000          1.1831          1.1831          1.1831          1.1831
     1.48000          1.1831          1.1831          1.1831          1.1831
     1.49000          1.1831          1.1831          1.1831          1.1831
     1.50000          1.1831          1.1831          1.1831          1.1831
     1.51000          1.1831          1.1831          1.1831          1.1831
     1.52000          1.1831          1.1831          1.1831          1.1831
     1.53000          1.1831          1.1831          1.1831          1.1831
     1.54000          1.1831          1.1831          1.1831          1.1831
     1.55000          1.1831          1.1831          1.1831          1.1831
     1.56000          1.1831          1.1831          1.1831          1.1831
     1.57000          1.1831          1.1831          1.1831          1.1831
     1.58000          1.1831          1.1831          1.1831          1.1831
     1.59000          1.1831          1.1831          1.1831          1.1831
     1.60000          1.1831          1.1831          1.1831          1.1831
     1.61000          1.1831          1.1831          1.1831          1.1831
     1.62000          1.1831          1.1831          1.1831          1.1831
     1.63000          1.1831          1.1831          1.1831          1.1831
     1.64000          1.1832          1.1832          1.1832          1.1832
     1.65000          1.1832          1.1832          1.1832          1.1832
     1.66000          1.1832          1.1832          1.1832          1.1832
     1.67000          1.1832          1.1832          1.1832          1.1832
     1.68000          1.1832          1.1832          1.1832          1.1832
     1.69000          1.1832          1.1832          1.1832          1.1832
     1.70000          1.1832          1.1832          1.1832          1.1832
     1.71000          1.1832          1.1832          1.1832          1.1832
     1.72000          1.1832          1.1832          1.1832          1.1832
     1.73000          1.1832          1.1832          1.1832          1.1832
     1.74000          1.1832          1.1832          1.1832          1.1832
     1.75000          1.1832          1.1832          1.1832          1.1832
     1.76000          1.1832          1.1832          1.1832          1.1832
     1.77000          1.1832          1.1832          1.1832          1.1832
     1.78000          1.1832          1.1832          1.1832          1.1832
     1.79000          1.1832          1.1832          1.1832          1.1832
     1.80000          1.1832          1.1832          1.1832          1.1832
     1.81000          1.1832          1.1832          1.1832          1.1832
     1.82000          1.1832          1.1832          1.1832          1.1832
     1.83000          1.1832          1.1832          1.1832          1.1832
     1.84000          1.1832          1.1832          1.1832          1.1832
     1.85000          1.1832          1.1832          1.1832          1.1832
     1.86000          1.1832          1.1832          1.1832          1.1832
     1.87000          1.1832          1.1832          1.1832          1.1832
     1.88000          1.1832          1.1832          1.1832          1.1832
     1.89000          1.1832          1.1832          1.1832          1.1832
     1.90000          1.1832          1.1832          1.1832          1.1832
     1.91000          1.1832          1.1832          1.1832          1.1832
     1.92000          1.1832          1.1832          1.1832          1.1832
     1.93000          1.1832          1.1832          1.1832          1.1832
     1.94000          1.1832          1.1832          1.1832          1.1832
     1.95000          1.1832          1.1832          1.1832          1.1832
     1.96000          1.1832          1.1832          1.1832          1.1832
     1.97000          1.1832          1.1832          1.1832          1.1832
     1.98000          1.1832          1.1832          1.1832          1.1832
     1.99000          1.1832          1.1832          1.1832          1.1832
     2.00000          1.1832          1.1832          1.1832          1.1832
     2.01000          1.1832          1.1832          1.1832          1.1832
     2.02000          1.1832          1.1832          1.1832          1.1832
     2.03000          1.1832          1.1832          1.1832          1.1832
     2.04000          1.1832          1.1832          1.1832          1.1832
     2.05000          1.1832          1.1832          1.1832          1.1832
     2.06000          1.1832          1.1832          1.1832          1.1832
     2.07000          1.1832          1.1832          1.1832          1.1832
     2.08000          1.1832          1.1832          1.1832          1.1832
     2.09000          1.1832          1.1832          1.1832          1.1832
     2.10000          1.1832          1.1832          1.1832          1.1832
     2.11000          1.1832          1.1832          1.1832          1.1832
     2.12000          1.1832          1.1832          1.1832          1.1832
     2.13000          1.1832          1.1832          1.1832          1.1832
     2.14000          1.1832          1.1832          1.1832          1.1832
     2.15000          1.1832          1.1832          1.1832          1.1832
     2.16000          1.1832          1.1832          1.1832          1.1832
     2.17000          1.1832          1.1832          1.1832          1.1832
     2.18000          1.1832          1.1832          1.1832          1.1832
     2.19000          1.1832          1.1832          1.1832          1.1832
     2.20000          1.1832          1.1832          1.1832          1.1832
     2.21000          1.1832          1.1832          1.1832          1.1832
     2.22000          1.1832          1.1832          1.1832          1.1832
     2.23000          1.1832          1.1832          1.1832          1.1832
     2.24000          1.1832          1.1832          1.1832          1.1832
     2.25000          1.1832          1.1832          1.1832          1.1832
     2.26000          1.1832          1.1832          1.1832          1.1832
     2.27000          1.1832          1.1832          1.1832          1.1832
     2.28000          1.1832          1.1832          1.1832          1.1832
     2.29000          1.1832          1.1832          1.1832          1.1832
     2.30000          1.1832          1.1832          1.1832          1.1832
     2.31000          1.1832          1.1832          1.1832          1.1832
     2.32000          1.1832          1.1832          1.1832          1.1832
     2.33000          1.1832          1.1832          1.1832          1.1832
     2.34000          1.1832          1.1832          1.1832          1.1832
     2.35000          1.1832          1.1832          1.1832          1.1832
     2.36000          1.1832          1.1832          1.1832          1.1832
     2.37000          1.1832          1.1832          1.1832          1.1832
     2.38000          1.1832          1.1832          1.1832          1.1832
     2.39000          1.1832          1.1832          1.1832          1.1832
     2.40000          1.1832          1.1832          1.1832          1.1832
     2.41000          1.1832          1.1832          1.1832          1.1832
     2.42000          1.1832          1.1832          1.1832          1.1832
     2.43000          1.1832          1.1832          1.1832          1.1832
     2.44000          1.1832          1.1832          1.1832          1.1832
     2.45000          1.1832          1.1832          1.1832          1.1832
     2.46000          1.1832          1.1832          1.1832          1.1832
     2.47000          1.1832          1.1832          1.1832          1.1832
     2.48000          1.1832          1.1832          1.1832          1.1832
     2.49000          1.1832          1.1832          1.1832          1.1832
     2.50000          1.1832          1.1832          1.1832          1.1832
     2.51000          1.1832          1.1832          1.1832          1.1832
     2.52000          1.1832          1.1832          1.1832          1.1832
     2.53000          1.1832          1.1832          1.1832          1.1832
     2.54000          1.1832          1.1832          1.1832          1.1832
     2.55000          1.1832          1.1832          1.1832          1.1832
     2.56000          1.1832          1.1832          1.1832          1.1832
     2.57000          1.1832          1.1832          1.1832          1.1832
     2.58000          1.1832          1.1832          1.1832          1.1832
     2.59000          1.1832          1.1832          1.1832          1.1832
     2.60000          1.1832          1.1832          1.1832          1.1832
     2.61000          1.1832          1.1832          1.1832          1.1832
     2.62000          1.1832          1.1832          1.1832          1.1832
     2.63000          1.1832          1.1832          1.1832          1.1832
     2.64000          1.1832          1.1832          1.1832          1.1832
     2.65000          1.1832          1.1832          1.1832          1.1832
     2.66000          1.1832          1.1832          1.1832          1.1832
     2.67000          1.1832          1.1832          1.1832          1.1832
     2.68000          1.1832          1.1832          1.1832          1.1832
     2.69000          1.1832          1.1832          1.1832          1.1832
     2.70000          1.1832          1.1832          1.1832          1.1832
     2.71000          1.1832          1.1832          1.1832          1.1832
     2.72000          1.1832          1.1832          1.1832          1.1832
     2.73000          1.1832          1.1832          1.1832          1.1832
     2.74000          1.1832          1.1832          1.1832          1.1832
     2.75000          1.1832          1.1832          1.1832          1.1832
     2.76000          1.1832          1.1832          1.1832          1.1832
     2.77000          1.1832          1.1832          1.1832          1.1832
     2.78000          1.1832          1.1832          1.1832          1.1832
     2.79000          1.1832          1.1832          1.1832          1.1832
     2.80000          1.1832          1.1832          1.1832          1.1832
     2.81000          1.1832          1.1832          1.1832          1.1832
     2.82000          1.1832          1.1832          1.1832          1.1832
     2.83000          1.1832          1.1832          1.1832          1.1832
     2.84000          1.1832          1.1832          1.1832          1.1832
     2.85000          1.1832          1.1832          1.1832          1.1832
     2.86000          1.1832          1.1832          1.1832          1.1832
     2.87000          1.1832          1.1832          1.1832          1.1832
     2.88000          1.1832          1.1832          1.1832          1.1832
     2.89000          1.1832          1.1832          1.1832          1.1832
     2.90000          1.1832          1.1832          1.1832          1.1832
     2.91000          1.1832          1.1832          1.1832          1.1832
     2.92000          1.1832          1.1832          1.1832          1.1832
     2.93000          1.1832          1.1832          1.1832          1.1832
     2.94000          1.1832          1.1832          1.1832          1.1832
     2.95000          1.1832          1.1832          1.1832          1.1832
     2.96000          1.1832          1.1832          1.1832          1.1832
     2.97000          1.1832          1.1832          1.1832          1.1832
     2.98000          1.1832          1.1832          1.1832          1.1832
     2.99000          1.1832          1.1832          1.1832          1.1832
     3.00000          1.1832          1.1832          1.1832          1.1832
     3.01000          1.1832          1.1832          1.1832          1.1832
     3.02000          1.1832          1.1832          1.1832          1.1832
     3.03000          1.1832          1.1832          1.1832          1.1832
     3.04000          1.1832          1.1832          1.1832          1.1832
     3.05000          1.1832          1.1832          1.1832          1.1832
     3.06000          1.1832          1.1832          1.1832          1.1832
     3.07000          1.1832          1.1832          1.1832          1.1832
     3.08000          1.1832          1.1832          1.1832          1.1832
     3.09000          1.1832          1.1832          1.1832          1.1832
     3.10000          1.1832          1.1832          1.1832          1.1832
     3.11000          1.1832          1.1832          1.1832          1.1832
     3.12000          1.1832          1.1832          1.1832          1.1832
     3.13000          1.1832          1.1832          1.1832          1.1832
     3.14000          1.1832          1.1832          1.1832          1.1832
     3.15000          1.1832          1.1832          1.1832          1.1832
     3.16000          1.1832          1.1832          1.1832          1.1832
     3.17000          1.1832          1.1832          1.1832          1.1832
     3.18000          1.1832          1.1832          1.1832          1.1832
     3.19000          1.1832          1.1832          1.1832          1.1832
     3.20000          1.1832          1.1832          1.1832          1.1832
     3.21000          1.1832          1.1832          1.1832          1.1832
     3.22000          1.1832          1.1832          1.1832          1.1832
     3.23000          1.1832          1.1832          1.1832          1.1832
     3.24000          1.1832          1.1832          1.1832          1.1832
     3.25000          1.1832          1.1832          1.1832          1.1832
     3.26000          1.1832          1.1832          1.1832          1.1832
     3.27000          1.1832          1.1832          1.1832          1.1832
     3.28000          1.1832          1.1832          1.1832          1.1832
     3.29000          1.1832          1.1832          1.1832          1.1832
     3.30000          1.1832          1.1832          1.1832          1.1832
     3.31000          1.1832          1.1832          1.1832          1.1832
     3.32000          1.1832          1.1832          1.1832          1.1832
     3.33000          1.1832          1.1832          1.1832          1.1832
     3.34000          1.1832          1.1832          1.1832          1.1832
     3.35000          1.1832          1.1832          1.1832          1.1832
     3.36000          1.1832          1.1832          1.1832          1.1832
     3.37000          1.1832          1.1832          1.1832          1.1832
     3.38000          1.1832          1.1832          1.1832          1.1832
     3.39000          1.1832          1.1832          1.1832          1.1832
     3.40000          1.1832          1.1832          1.1832          1.1832
     3.41000          1.1832          1.1832          1.1832          1.1832
     3.42000          1.1832          1.1832          1.1832          1.1832
     3.43000          1.1832          1.1832          1.1832          1.1832
     3.44000          1.1832          1.1832          1.1832          1.1832
     3.45000          1.1832          1.1832          1.1832          1.1832
     3.46000          1.1832          1.1832          1.1832          1.1832
     3.47000          1.1832          1.1832          1.1832          1.1832
     3.48000          1.1832          1.1832          1.1832          1.1832
     3.49000          1.1832          1.1832          1.1832          1.1832
     3.50000          1.1832          1.1832          1.1832          1.1832
     3.51000          1.1832          1.1832          1.1832          1.1832
     3.52000          1.1832          1.1832          1.1832          1.1832
     3.53000          1.1832          1.1832          1.1832          1.1832
     3.54000          1.1832          1.1832          1.1832          1.1832
     3.55000          1.1832          1.1832          1.1832          1.1832
     3.56000          1.1832          1.1832          1.1832          1.1832
     3.57000          1.1832          1.1832          1.1832          1.1832
     3.58000          1.1832          1.1832          1.1832          1.1832
     3.59000          1.1832          1.1832          1.1832          1.1832
     3.60000          1.1832          1.1832          1.1832          1.1832
     3.61000          1.1832          1.1832          1.1832          1.1832
     3.62000          1.1832          1.1832          1.1832          1.1832
     3.63000          1.1832          1.1832          1.1832          1.1832
     3.64000          1.1832          1.1832          1.1832          1.1832
     3.65000          1.1832          1.1832          1.1832          1.1832
     3.66000          1.1832          1.1832          1.1832          1.1832
     3.67000          1.1832          1.1832          1.1832          1.1832
     3.68000          1.1832          1.1832          1.1832          1.1832
     3.69000          1.1832          1.1832          1.1832          1.1832
     3.70000          1.1832          1.1832          1.1832          1.1832
     3.71000          1.1832          1.1832          1.1832          1.1832
     3.72000          1.1832          1.1832          1.1832          1.1832
     3.73000          1.1832          1.1832          1.1832          1.1832
     3.74000          1.1832          1.1832          1.1832          1.1832
     3.75000          1.1832          1.1832          1.1832          1.1832
     3.76000          1.1832          1.1832          1.1832          1.1832
     3.77000          1.1832          1.1832          1.1832          1.1832
     3.78000          1.1832          1.1832          1.1832          1.1832
     3.79000          1.1832          1.1832          1.1832          1.1832
     3.80000          1.1832          1.1832          1.1832          1.1832
     3.81000          1.1832          1.1832          1.1832          1.1832
     3.82000          1.1832          1.1832          1.1832          1.1832
     3.83000          1.1832          1.1832          1.1832          1.1832
     3.84000          1.1832          1.1832          1.1832          1.1832
     3.85000          1.1832          1.1832          1.1832          1.1832
     3.86000          1.1832          1.1832          1.1832          1.1832
     3.87000          1.1832          1.1832          1.1832          1.1832
     3.88000          1.1832          1.1832          1.1832          1.1832
     3.89000          1.1832          1.1832          1.1832          1.1832
     3.90000          1.1832          1.1832          1.1832          1.1832
     3.91000          1.1832          1.1832          1.1832          1.1832
     3.92000          1.1832          1.1832          1.1832          1.1832
     3.93000          1.1832          1.1832          1.1832          1.1832
     3.94000          1.1832          1.1832          1.1832          1.1832
     3.95000          1.1832          1.1832          1.1832          1.1832
     3.96000          1.1832          1.1832          1.1832          1.1832
     3.97000          1.1832          1.1832          1.1832          1.1832
     3.98000          1.1832          1.1832          1.1832          1.1832
     3.99000          1.1832          1.1832          1.1832          1.1832
     4.00000          1.1832          1.1832          1.1832          1.1832
     4.01000          1.1832          1.1832          1.1832          1.1832
     4.02000          1.1832          1.1832          1.1832          1.1832
     4.03000          1.1832          1.1832          1.1832          1.1832
     4.04000          1.1832          1.1832          1.1832          1.1832
     4.05000          1.1832          1.1832          1.1832          1.1832
     4.06000          1.1832          1.1832          1.1832          1.1832
     4.07000          1.1832          1.1832          1.1832          1.1832
     4.08000          1.1832          1.1832          1.1832          1.1832
     4.09000          1.1832          1.1832          1.1832          1.1832
     4.10000          1.1832          1.1832          1.1832          1.1832
     4.11000          1.1832          1.1832          1.1832          1.1832
     4.12000          1.1832          1.1832          1.1832          1.1832
     4.13000          1.1832          1.1832          1.1832          1.1832
     4.14000          1.1832          1.1832          1.1832          1.1832
     4.15000          1.1832          1.1832          1.1832          1.1832
     4.16000          1.1832          1.1832          1.1832          1.1832
     4.17000          1.1832          1.1832          1.1832          1.1832
     4.18000          1.1832          1.1832          1.1832          1.1832
     4.19000          1.1832          1.1832          1.1832          1.1832
     4.20000          1.1832          1.1832          1.1832          1.1832
     4.21000          1.1832          1.1832          1.1832          1.1832
     4.22000          1.1832          1.1832          1.1832          1.1832
     4.23000          1.1832          1.1832          1.1832          1.1832
     4.24000          1.1832          1.1832          1.1832          1.1832
     4.25000          1.1832          1.1832          1.1832          1.1832
     4.26000          1.1832          1.1832          1.1832          1.1832
     4.27000          1.1832          1.1832          1.1832          1.1832
     4.28000          1.1832          1.1832          1.1832          1.1832
     4.29000          1.1832          1.1832          1.1832          1.1832
     4.30000          1.1832          1.1832          1.1832          1.1832
     4.31000          1.1832          1.1832          1.1832          1.1832
     4.32000          1.1832          1.1832          1.1832          1.1832
     4.33000          1.1832          1.1832          1.1832          1.1832
     4.34000          1.1832          1.1832          1.1832          1.1832
     4.35000          1.1832          1.1832          1.1832          1.1832
     4.36000          1.1832          1.1832          1.1832          1.1832
     4.37000          1.1832          1.1832          1.1832          1.1832
     4.38000          1.1832          1.1832          1.1832          1.1832
     4.39000          1.1832          1.1832          1.1832          1.1832
     4.40000          1.1832          1.1832          1.1832          1.1832
     4.41000          1.1832          1.1832          1.1832          1.1832
     4.42000          1.1832          1.1832          1.1832          1.1832
     4.43000          1.1832          1.1832          1.1832          1.1832
     4.44000          1.1832          1.1832          1.1832          1.1832
     4.45000          1.1832          1.1832          1.1832          1.1832
     4.46000          1.1832          1.1832          1.1832          1.1832
     4.47000          1.1832          1.1832          1.1832          1.1832
     4.48000          1.1832          1.1832          1.1832          1.1832
     4.49000          1.1832          1.1832          1.1832          1.1832
     4.50000          1.1832          1.1832          1.1832          1.1832
     4.51000          1.1832          1.1832          1.1832          1.1832
     4.52000          1.1832          1.1832          1.1832          1.1832
     4.53000          1.1832          1.1832          1.1832          1.1832
     4.54000          1.1832          1.1832          1.1832          1.1832
     4.55000          1.1832          1.1832          1.1832          1.1832
     4.56000          1.1832          1.1832          1.1832          1.1832
     4.57000          1.1832          1.1832          1.1832          1.1832
     4.58000          1.1832          1.1832          1.1832          1.1832
     4.59000          1.1832          1.1832          1.1832          1.1832
     4.60000          1.1832          1.1832          1.1832          1.1832
     4.61000          1.1832          1.1832          1.1832          1.1832
     4.62000          1.1832          1.1832          1.1832          1.1832
     4.63000          1.1832          1.1832          1.1832          1.1832
     4.64000          1.1832          1.1832          1.1832          1.1832
     4.65000          1.1832          1.1832          1.1832          1.1832
     4.66000          1.1832          1.1832          1.1832          1.1832
     4.67000          1.1832          1.1832          1.1832          1.1832
     4.68000          1.1832          1.1832          1.1832          1.1832
     4.69000          1.1832          1.1832          1.1832          1.1832
     4.70000          1.1832          1.1832          1.1832          1.1832
     4.71000          1.1832          1.1832          1.1832          1.1832
     4.72000          1.1832          1.1832          1.1832          1.1832
     4.73000          1.1832          1.1832          1.1832          1.1832
     4.74000          1.1832          1.1832          1.1832          1.1832
     4.75000          1.1832          1.1832          1.1832          1.1832
     4.76000          1.1832          1.1832          1.1832          1.1832
     4.77000          1.1832          1.1832          1.1832          1.1832
     4.78000          1.1832          1.1832          1.1832          1.1832
     4.79000          1.1832          1.1832          1.1832          1.1832
     4.80000          1.1832          1.1832          1.1832          1.1832
     4.81000          1.1832          1.1832          1.1832          1.1832
     4.82000          1.1832          1.1832          1.1832          1.1832
     4.83000          1.1832          1.1832          1.1832          1.1832
     4.84000          1.1832          1.1832          1.1832          1.1832
     4.85000          1.1832          1.1832          1.1832          1.1832
     4.86000          1.1832          1.1832          1.1832          1.1832
     4.87000          1.1832          1.1832          1.1832          1.1832
     4.88000          1.1832          1.1832          1.1832          1.1832
     4.89000          1.1832          1.1832          1.1832          1.1832
     4.90000          1.1832          1.1832          1.1832          1.1832
     4.91000          1.1832          1.1832          1.1832          1.1832
     4.92000          1.1832          1.1832          1.1832          1.1832
     4.93000          1.1832          1.1832          1.1832          1.1832
     4.94000          1.1832          1.1832          1.1832          1.1832
     4.95000          1.1832          1.1832          1.1832          1.1832
     4.96000          1.1832          1.1832          1.1832          1.1832
     4.97000          1.1832          1.1832          1.1832          1.1832
     4.98000          1.1832          1.1832          1.1832          1.1832
     4.99000          1.1832          1.1832          1.1832          1.1832
     5.00000          1.1832          1.1832          1.1832          1.1832
