#K-Path     Energy-Level
#Band-index    1
  0.000      -12.5902
  0.041      -12.7769
  0.083      -13.0017
  0.124      -13.2514
  0.166      -13.5160
  0.207      -13.7887
  0.248      -14.0650
  0.290      -14.3416
  0.331      -14.6164
  0.372      -14.8879
  0.414      -15.1550
  0.455      -15.4168
  0.497      -15.6726
  0.538      -15.9220
  0.579      -16.1645
  0.621      -16.3996
  0.662      -16.6273
  0.704      -16.8472
  0.745      -17.0590
  0.786      -17.2627
  0.828      -17.4581
  0.869      -17.6450
  0.910      -17.8233
  0.952      -17.9930
  0.993      -18.1539
  1.035      -18.3060
  1.076      -18.4491
  1.117      -18.5832
  1.159      -18.7083
  1.200      -18.8244
  1.241      -18.9312
  1.283      -19.0290
  1.324      -19.1175
  1.366      -19.1967
  1.407      -19.2667
  1.448      -19.3274
  1.490      -19.3788
  1.531      -19.4209
  1.573      -19.4537
  1.614      -19.4771
  1.655      -19.4911
  1.697      -19.4958
  1.697      -19.4958
  1.739      -19.4910
  1.781      -19.4765
  1.823      -19.4524
  1.865      -19.4187
  1.907      -19.3754
  1.949      -19.3225
  1.991      -19.2600
  2.033      -19.1880
  2.075      -19.1064
  2.116      -19.0154
  2.158      -18.9148
  2.200      -18.8048
  2.242      -18.6854
  2.284      -18.5567
  2.326      -18.4186
  2.368      -18.2713
  2.410      -18.1149
  2.452      -17.9493
  2.494      -17.7747
  2.536      -17.5911
  2.578      -17.3988
  2.620      -17.1977
  2.662      -16.9880
  2.704      -16.7701
  2.746      -16.5440
  2.788      -16.3101
  2.830      -16.0688
  2.872      -15.8207
  2.914      -15.5666
  2.956      -15.3081
  2.998      -15.0478
  3.040      -14.7909
  3.082      -14.5493
  3.124      -14.3534
  3.166      -14.2704
  3.166      -14.2704
  3.208      -14.2662
  3.251      -14.2535
  3.293      -14.2324
  3.336      -14.2029
  3.378      -14.1649
  3.421      -14.1185
  3.463      -14.0638
  3.505      -14.0005
  3.548      -13.9289
  3.590      -13.8489
  3.633      -13.7604
  3.675      -13.6636
  3.717      -13.5584
  3.760      -13.4449
  3.802      -13.3231
  3.845      -13.1929
  3.887      -13.0546
  3.930      -12.9080
  3.972      -12.7532
  4.014      -12.5902
#Band-index    2
  4.014      -12.5902
  3.972      -12.4524
  3.930      -12.3767
  3.887      -12.3585
  3.845      -12.3838
  3.802      -12.4370
  3.760      -12.5064
  3.717      -12.5836
  3.675      -12.6635
  3.633      -12.7427
  3.590      -12.8187
  3.548      -12.8901
  3.505      -12.9557
  3.463      -13.0149
  3.421      -13.0671
  3.378      -13.1116
  3.336      -13.1484
  3.293      -13.1773
  3.251      -13.1980
  3.208      -13.2105
  3.166      -13.2146
  3.166      -13.2146
  3.124      -13.1244
  3.082      -12.9072
  3.040      -12.6299
  2.998      -12.3232
  2.956      -11.9987
  2.914      -11.6624
  2.872      -11.3170
  2.830      -10.9641
  2.788      -10.6049
  2.746      -10.2405
  2.704       -9.8716
  2.662       -9.4991
  2.620       -9.1238
  2.578       -8.7467
  2.536       -8.3680
  2.494       -7.9894
  2.452       -7.6117
  2.410       -7.2361
  2.368       -6.8635
  2.326       -6.4955
  2.284       -6.4847
  2.242       -6.6360
  2.200       -6.7769
  2.158       -6.9066
  2.116       -7.0256
  2.075       -7.1337
  2.033       -7.2305
  1.991       -7.3161
  1.949       -7.3905
  1.907       -7.4535
  1.865       -7.5051
  1.823       -7.5452
  1.781       -7.5739
  1.739       -7.5912
  1.697       -7.5963
  1.697       -7.5963
  1.655       -7.5915
  1.614       -7.5747
  1.573       -7.5469
  1.531       -7.5079
  1.490       -7.4578
  1.448       -7.3966
  1.407       -7.3243
  1.366       -7.2409
  1.324       -7.1468
  1.283       -7.0420
  1.241       -6.9263
  1.200       -6.7999
  1.159       -6.6629
  1.117       -6.5156
  1.076       -6.3581
  1.035       -6.4118
  0.993       -6.7147
  0.952       -7.0167
  0.910       -7.3171
  0.869       -7.6150
  0.828       -7.9099
  0.786       -8.2012
  0.745       -8.4883
  0.704       -8.7705
  0.662       -9.0476
  0.621       -9.3189
  0.579       -9.5847
  0.538       -9.8444
  0.497      -10.0977
  0.455      -10.3446
  0.414      -10.5847
  0.372      -10.8181
  0.331      -11.0442
  0.290      -11.2635
  0.248      -11.4754
  0.207      -11.6799
  0.166      -11.8771
  0.124      -12.0668
  0.083      -12.2489
  0.041      -12.4234
  0.000      -12.5902
#Band-index    3
  0.000      -10.5270
  0.041      -10.4980
  0.083      -10.4192
  0.124      -10.3039
  0.166      -10.1614
  0.207       -9.9982
  0.248       -9.8192
  0.290       -9.6271
  0.331       -9.4241
  0.372       -9.2118
  0.414       -8.9915
  0.455       -8.7641
  0.497       -8.5304
  0.538       -8.2915
  0.579       -8.0480
  0.621       -7.8005
  0.662       -7.5499
  0.704       -7.2966
  0.745       -7.0417
  0.786       -6.7861
  0.828       -6.5305
  0.869       -6.2761
  0.910       -6.0230
  0.952       -5.8255
  0.993       -6.0129
  1.035       -6.1905
  1.076       -6.1091
  1.117       -5.8079
  1.159       -5.5099
  1.200       -5.2168
  1.241       -4.9303
  1.283       -4.6524
  1.324       -4.3859
  1.366       -4.1339
  1.407       -3.9003
  1.448       -3.6869
  1.490       -3.4978
  1.531       -3.3362
  1.573       -3.2065
  1.614       -3.1105
  1.655       -3.0523
  1.697       -3.0340
  1.697       -3.0340
  1.739       -3.0533
  1.781       -3.1132
  1.823       -3.2129
  1.865       -3.3491
  1.907       -3.5194
  1.949       -3.7216
  1.991       -3.9525
  2.033       -4.2094
  2.075       -4.4893
  2.116       -4.7887
  2.158       -5.1053
  2.200       -5.4369
  2.242       -5.7805
  2.284       -6.1340
  2.326       -6.3230
  2.368       -6.1511
  2.410       -5.9691
  2.452       -5.7778
  2.494       -5.5769
  2.536       -5.3795
  2.578       -5.5066
  2.620       -5.6251
  2.662       -5.7366
  2.704       -5.8404
  2.746       -5.9361
  2.788       -6.0236
  2.830       -6.1026
  2.872       -6.1726
  2.914       -6.2334
  2.956       -6.2851
  2.998       -6.3282
  3.040       -6.3614
  3.082       -6.3852
  3.124       -6.3995
  3.166       -6.4043
  3.166       -6.4043
  3.208       -6.4263
  3.251       -6.4929
  3.293       -6.6016
  3.336       -6.7488
  3.378       -6.9314
  3.421       -7.1449
  3.463       -7.3849
  3.505       -7.6464
  3.548       -7.9258
  3.590       -8.2185
  3.633       -8.5196
  3.675       -8.8256
  3.717       -9.1312
  3.760       -9.4310
  3.802       -9.7175
  3.845       -9.9814
  3.887      -10.2091
  3.930      -10.3843
  3.972      -10.4922
  4.014      -10.5270
#Band-index    4
  4.014       -0.0000
  3.972       -0.2259
  3.930       -0.4410
  3.887       -0.6451
  3.845       -0.8382
  3.802       -1.0204
  3.760       -1.1918
  3.717       -1.3508
  3.675       -1.4985
  3.633       -1.6347
  3.590       -1.7593
  3.548       -1.8729
  3.505       -1.9739
  3.463       -2.0636
  3.421       -2.1412
  3.378       -2.2060
  3.336       -2.2606
  3.293       -2.3025
  3.251       -2.3322
  3.208       -2.3500
  3.166       -2.3560
  3.166       -2.3560
  3.124       -2.3875
  3.082       -2.4786
  3.040       -2.6201
  2.998       -2.8004
  2.956       -3.0071
  2.914       -3.2338
  2.872       -3.4721
  2.830       -3.7162
  2.788       -3.9628
  2.746       -4.2089
  2.704       -4.4518
  2.662       -4.6903
  2.620       -4.9229
  2.578       -5.1494
  2.536       -5.3673
  2.494       -5.2478
  2.452       -5.1104
  2.410       -4.9678
  2.368       -4.8210
  2.326       -4.6712
  2.284       -4.5189
  2.242       -4.3657
  2.200       -4.2124
  2.158       -4.0609
  2.116       -3.9127
  2.075       -3.7697
  2.033       -3.6334
  1.991       -3.5060
  1.949       -3.3897
  1.907       -3.2866
  1.865       -3.1986
  1.823       -3.1275
  1.781       -3.0756
  1.739       -3.0444
  1.697       -3.0331
  1.697       -3.0331
  1.655       -3.0442
  1.614       -3.0751
  1.573       -3.1265
  1.531       -3.1977
  1.490       -3.2888
  1.448       -3.3979
  1.407       -3.5249
  1.366       -3.6686
  1.324       -3.8280
  1.283       -4.0027
  1.241       -4.1901
  1.200       -4.3896
  1.159       -4.6000
  1.117       -4.8204
  1.076       -5.0489
  1.035       -5.2845
  0.993       -5.5264
  0.952       -5.7728
  0.910       -5.6287
  0.869       -5.4222
  0.828       -5.2073
  0.786       -4.9837
  0.745       -4.7519
  0.704       -4.5123
  0.662       -4.2653
  0.621       -4.0115
  0.579       -3.7514
  0.538       -3.4856
  0.497       -3.2146
  0.455       -2.9399
  0.414       -2.6621
  0.372       -2.3822
  0.331       -2.1013
  0.290       -1.8204
  0.248       -1.5416
  0.207       -1.2662
  0.166       -0.9954
  0.124       -0.7320
  0.083       -0.4769
  0.041       -0.2324
  0.000       -0.0000
#Band-index    5
  0.000        0.0000
  0.041        0.2304
  0.083        0.4710
  0.124        0.7213
  0.166        0.9816
  0.207        1.2512
  0.248        1.5295
  0.290        1.8165
  0.331        2.1125
  0.372        2.4166
  0.414        2.7291
  0.455        3.0489
  0.497        3.3774
  0.538        3.7098
  0.579        4.0494
  0.621        4.3947
  0.662        4.7448
  0.704        5.1002
  0.745        5.4601
  0.786        5.8205
  0.828        6.0192
  0.869        5.7593
  0.910        5.5119
  0.952        5.2770
  0.993        5.0546
  1.035        4.8449
  1.076        4.6478
  1.117        4.4633
  1.159        4.2916
  1.200        4.1325
  1.241        3.9861
  1.283        3.8524
  1.324        3.7315
  1.366        3.6233
  1.407        3.5278
  1.448        3.4450
  1.490        3.3750
  1.531        3.3177
  1.573        3.2732
  1.614        3.2414
  1.655        3.2223
  1.697        3.2159
  1.697        3.2159
  1.739        3.2225
  1.781        3.2421
  1.823        3.2749
  1.865        3.3207
  1.907        3.3797
  1.949        3.4517
  1.991        3.5369
  2.033        3.6351
  2.075        3.7464
  2.116        3.8708
  2.158        4.0083
  2.200        4.1589
  2.242        4.3225
  2.284        4.4991
  2.326        4.6887
  2.368        4.8912
  2.410        5.1067
  2.452        5.3350
  2.494        5.5761
  2.536        5.8299
  2.578        5.8118
  2.620        5.4218
  2.662        5.0290
  2.704        4.6383
  2.746        4.2526
  2.788        3.8756
  2.830        3.5090
  2.872        3.1572
  2.914        2.8252
  2.956        2.5187
  2.998        2.2428
  3.040        2.0106
  3.082        1.8318
  3.124        1.7184
  3.166        1.6793
  3.166        1.6793
  3.208        1.6783
  3.251        1.6739
  3.293        1.6654
  3.336        1.6541
  3.378        1.6374
  3.421        1.6156
  3.463        1.5872
  3.505        1.5513
  3.548        1.5056
  3.590        1.4494
  3.633        1.3805
  3.675        1.2962
  3.717        1.1974
  3.760        1.0808
  3.802        0.9465
  3.845        0.7933
  3.887        0.6213
  3.930        0.4310
  3.972        0.2235
  4.014        0.0000
#Band-index    6
  4.014       10.6126
  3.972       10.6241
  3.930       10.6597
  3.887       10.7205
  3.845       10.8059
  3.802       10.9139
  3.760       11.0411
  3.717       11.1826
  3.675       10.7848
  3.633       10.3331
  3.590        9.8903
  3.548        9.4652
  3.505        9.0640
  3.463        8.6913
  3.421        8.3540
  3.378        8.0571
  3.336        7.8056
  3.293        7.6040
  3.251        7.4568
  3.208        7.3673
  3.166        7.3371
  3.166        7.3371
  3.124        7.3395
  3.082        7.3464
  3.040        7.3581
  2.998        7.3746
  2.956        7.3965
  2.914        7.4215
  2.872        7.4487
  2.830        7.4742
  2.788        7.4645
  2.746        7.2619
  2.704        6.9640
  2.662        6.6648
  2.620        6.3748
  2.578        6.0962
  2.536        6.1922
  2.494        6.4870
  2.452        6.4346
  2.410        6.2378
  2.368        6.0328
  2.326        5.8354
  2.284        5.6487
  2.242        5.4739
  2.200        5.3115
  2.158        5.1618
  2.116        5.0249
  2.075        4.9008
  2.033        4.7897
  1.991        4.6916
  1.949        4.6065
  1.907        4.5345
  1.865        4.4755
  1.823        4.4297
  1.781        4.3969
  1.739        4.3772
  1.697        4.3709
  1.697        4.3709
  1.655        4.3770
  1.614        4.3961
  1.573        4.4279
  1.531        4.4725
  1.490        4.5298
  1.448        4.5997
  1.407        4.6824
  1.366        4.7778
  1.324        4.8858
  1.283        5.0064
  1.241        5.1396
  1.200        5.2853
  1.159        5.4436
  1.117        5.6143
  1.076        5.7973
  1.035        5.9926
  0.993        6.2001
  0.952        6.4197
  0.910        6.6512
  0.869        6.5448
  0.828        6.1830
  0.786        6.2915
  0.745        6.5761
  0.704        6.8730
  0.662        7.1821
  0.621        7.5032
  0.579        7.8361
  0.538        8.1806
  0.497        8.5365
  0.455        8.9034
  0.414        9.2808
  0.372        9.6679
  0.331       10.0639
  0.290       10.4672
  0.248       10.7502
  0.207       10.7541
  0.166       10.7265
  0.124       10.6870
  0.083       10.6493
  0.041       10.6225
  0.000       10.6126
#Band-index    7
  0.000       12.8729
  0.041       12.7179
  0.083       12.4367
  0.124       12.0817
  0.166       11.6914
  0.207       11.2859
  0.248       10.8756
  0.290       10.6917
  0.331       10.5615
  0.372       10.3603
  0.414       10.1054
  0.455        9.8172
  0.497        9.5116
  0.538        9.1989
  0.579        8.8856
  0.621        8.5760
  0.662        8.2726
  0.704        7.9772
  0.745        7.6909
  0.786        7.4147
  0.828        7.1490
  0.869        6.8945
  0.910        6.9059
  0.952        7.1852
  0.993        6.9613
  1.035        6.7503
  1.076        6.5520
  1.117        6.3665
  1.159        6.1937
  1.200        6.0338
  1.241        5.8867
  1.283        5.7524
  1.324        5.6309
  1.366        5.5222
  1.407        5.4263
  1.448        5.3432
  1.490        5.2729
  1.531        5.2154
  1.573        5.1706
  1.614        5.1387
  1.655        5.1195
  1.697        5.1132
  1.697        5.1132
  1.739        5.1197
  1.781        5.1394
  1.823        5.1723
  1.865        5.2183
  1.907        5.2775
  1.949        5.3499
  1.991        5.4354
  2.033        5.5340
  2.075        5.6458
  2.116        5.7707
  2.158        5.9088
  2.200        6.0599
  2.242        6.2240
  2.284        6.4012
  2.326        6.5911
  2.368        6.7938
  2.410        7.0086
  2.452        7.0943
  2.494        6.8900
  2.536        7.0409
  2.578        7.2862
  2.620        7.5574
  2.662        7.6889
  2.704        7.6474
  2.746        7.6214
  2.788        7.7073
  2.830        8.0008
  2.872        8.3457
  2.914        8.7091
  2.956        9.0866
  2.998        9.4763
  3.040        9.8780
  3.082       10.2906
  3.124       10.7120
  3.166       11.0794
  3.166       11.0794
  3.208       11.0852
  3.251       11.1028
  3.293       11.1319
  3.336       11.1726
  3.378       11.2246
  3.421       11.2878
  3.463       11.3617
  3.505       11.4465
  3.548       11.5414
  3.590       11.6219
  3.633       11.4811
  3.675       11.3317
  3.717       11.2372
  3.760       11.6764
  3.802       12.0790
  3.845       12.4072
  3.887       12.5445
  3.930       12.6689
  3.972       12.7800
  4.014       12.8729
#Band-index    8
  4.014       12.8730
  3.972       12.8847
  3.930       12.7946
  3.887       12.6379
  3.845       12.4123
  3.802       12.2767
  3.760       12.1408
  3.717       12.0080
  3.675       11.8804
  3.633       11.7592
  3.590       11.6459
  3.548       11.7210
  3.505       11.6182
  3.463       11.5268
  3.421       11.4472
  3.378       11.3798
  3.336       11.3243
  3.293       11.2810
  3.251       11.2501
  3.208       11.2316
  3.166       11.2254
  3.166       11.2254
  3.124       11.6017
  3.082       11.3930
  3.040       10.9923
  2.998       10.5989
  2.956       10.2152
  2.914        9.8414
  2.872        9.4787
  2.830        9.1275
  2.788        8.7881
  2.746        8.4608
  2.704        8.1462
  2.662        7.8448
  2.620        7.7316
  2.578        7.7596
  2.536        7.6822
  2.494        7.4671
  2.452        7.2343
  2.410        7.4497
  2.368        7.8187
  2.326        8.1612
  2.284        8.2110
  2.242        8.2566
  2.200        8.2947
  2.158        8.3293
  2.116        8.3546
  2.075        8.3722
  2.033        8.3813
  1.991        8.3845
  1.949        8.3779
  1.907        8.3677
  1.865        8.3570
  1.823        8.3440
  1.781        8.3124
  1.739        8.2932
  1.697        8.2872
  1.697        8.2872
  1.655        8.2930
  1.614        8.3116
  1.573        8.3426
  1.531        8.3656
  1.490        8.3924
  1.448        8.4268
  1.407        8.4678
  1.366        8.5205
  1.324        8.5799
  1.283        8.6474
  1.241        8.7250
  1.200        8.8148
  1.159        8.9143
  1.117        8.6648
  1.076        8.3234
  1.035        7.9752
  0.993        7.6228
  0.952        7.2662
  0.910        7.4217
  0.869        7.6709
  0.828        7.9328
  0.786        8.2072
  0.745        8.4943
  0.704        8.7938
  0.662        9.1057
  0.621        9.4300
  0.579        9.7663
  0.538       10.1145
  0.497       10.4745
  0.455       10.8456
  0.414       11.2272
  0.372       11.6181
  0.331       12.0161
  0.290       12.4153
  0.248       12.7973
  0.207       12.9673
  0.166       12.9956
  0.124       13.0017
  0.083       12.9844
  0.041       12.9408
  0.000       12.8730
#Band-index    9
  0.000       13.4684
  0.041       13.4585
  0.083       13.4371
  0.124       13.3859
  0.166       13.2849
  0.207       13.1039
  0.248       12.9199
  0.290       12.7589
  0.331       12.6303
  0.372       12.5120
  0.414       12.2829
  0.455       12.0498
  0.497       11.8155
  0.538       11.5816
  0.579       11.3506
  0.621       11.1240
  0.662       10.9015
  0.704       10.6851
  0.745       10.4781
  0.786       10.2786
  0.828       10.0878
  0.869        9.9048
  0.910        9.7326
  0.952        9.5702
  0.993        9.4175
  1.035        9.2761
  1.076        9.1448
  1.117        9.0236
  1.159        8.9929
  1.200        9.1754
  1.241        9.0344
  1.283        8.9053
  1.324        8.7884
  1.366        8.6834
  1.407        8.5906
  1.448        8.5101
  1.490        8.4419
  1.531        8.3861
  1.573        8.3466
  1.614        8.3332
  1.655        8.3241
  1.697        8.3201
  1.697        8.3201
  1.739        8.3239
  1.781        8.3330
  1.823        8.3444
  1.865        8.3891
  1.907        8.4465
  1.949        8.5167
  1.991        8.5995
  2.033        8.6947
  2.075        8.8021
  2.116        8.9211
  2.158        9.0484
  2.200        9.1331
  2.242        8.8806
  2.284        8.5417
  2.326        8.1862
  2.368        8.1082
  2.410        8.0535
  2.452        8.0003
  2.494        7.9521
  2.536        7.9350
  2.578        8.0699
  2.620        8.3263
  2.662        8.6138
  2.704        8.9186
  2.746        9.2381
  2.788        9.5712
  2.830        9.9176
  2.872       10.2769
  2.914       10.6491
  2.956       11.0339
  2.998       11.4309
  3.040       11.8396
  3.082       12.0463
  3.124       11.7939
  3.166       12.0902
  3.166       12.0902
  3.208       12.0891
  3.251       12.0848
  3.293       12.0754
  3.336       12.0597
  3.378       12.0331
  3.421       11.9922
  3.463       11.9327
  3.505       11.8515
  3.548       11.7471
  3.590       11.8353
  3.633       11.9607
  3.675       12.0974
  3.717       12.2459
  3.760       12.4091
  3.802       12.5959
  3.845       12.8238
  3.887       13.0837
  3.930       13.3083
  3.972       13.4373
  4.014       13.4684
#Band-index   10
  4.014       15.0710
  3.972       14.8107
  3.930       14.5634
  3.887       14.3292
  3.845       14.1083
  3.802       13.9006
  3.760       13.7059
  3.717       13.5249
  3.675       13.3571
  3.633       13.2027
  3.590       13.0616
  3.548       12.9337
  3.505       12.8195
  3.463       12.7186
  3.421       12.6311
  3.378       12.5573
  3.336       12.4966
  3.293       12.4495
  3.251       12.4159
  3.208       12.3957
  3.166       12.3890
  3.166       12.3890
  3.124       12.6889
  3.082       12.2676
  3.040       12.5099
  2.998       12.9703
  2.956       13.4327
  2.914       13.4218
  2.872       13.1179
  2.830       12.8076
  2.788       12.4994
  2.746       12.1969
  2.704       11.9026
  2.662       11.6173
  2.620       11.3418
  2.578       11.0764
  2.536       10.8227
  2.494       10.5799
  2.452       10.3487
  2.410       10.1295
  2.368        9.9224
  2.326        9.7278
  2.284        9.5467
  2.242        9.3829
  2.200        9.3039
  2.158        9.5606
  2.116        9.8522
  2.075        9.8991
  2.033        9.5869
  1.991        9.3043
  1.949        9.0522
  1.907        8.8339
  1.865        8.6524
  1.823        8.5084
  1.781        8.4041
  1.739        8.3404
  1.697        8.3211
  1.697        8.3211
  1.655        8.3422
  1.614        8.4030
  1.573        8.5017
  1.531        8.6358
  1.490        8.7978
  1.448        8.9834
  1.407        9.1861
  1.366        9.3979
  1.324        9.6151
  1.283        9.8293
  1.241        9.6077
  1.200        9.3068
  1.159        9.3282
  1.117        9.4924
  1.076        9.6680
  1.035        9.8546
  0.993       10.0519
  0.952       10.2594
  0.910       10.4764
  0.869       10.7021
  0.828       10.9348
  0.786       11.1731
  0.745       11.4142
  0.704       11.6541
  0.662       11.8870
  0.621       12.1037
  0.579       12.2109
  0.538       12.3155
  0.497       12.4178
  0.455       12.5165
  0.414       12.5663
  0.372       12.5764
  0.331       12.7357
  0.290       12.8574
  0.248       12.9727
  0.207       13.2603
  0.166       13.6016
  0.124       13.9771
  0.083       14.3683
  0.041       14.7501
  0.000       15.0710
#Band-index   11
  0.000       15.0714
  0.041       14.9231
  0.083       14.5973
  0.124       14.2127
  0.166       13.8145
  0.207       13.4496
  0.248       13.1739
  0.290       12.9527
  0.331       12.7846
  0.372       12.7012
  0.414       12.6119
  0.455       12.5610
  0.497       12.5250
  0.538       12.4361
  0.579       12.2918
  0.621       12.1046
  0.662       11.9968
  0.704       11.8882
  0.745       11.7774
  0.786       11.6663
  0.828       11.5513
  0.869       11.4324
  0.910       11.3102
  0.952       11.1830
  0.993       11.0495
  1.035       10.9082
  1.076       10.7575
  1.117       10.5952
  1.159       10.4236
  1.200       10.2371
  1.241       10.0380
  1.283        9.8935
  1.324       10.0840
  1.366        9.9752
  1.407        9.8788
  1.448        9.7949
  1.490        9.7235
  1.531        9.6649
  1.573        9.6191
  1.614        9.5863
  1.655        9.5666
  1.697        9.5600
  1.697        9.5600
  1.739        9.5668
  1.781        9.5871
  1.823        9.6208
  1.865        9.6679
  1.907        9.7281
  1.949        9.8012
  1.991        9.8872
  2.033        9.9857
  2.075       10.0967
  2.116       10.2202
  2.158       10.3560
  2.200       10.5043
  2.242       10.6651
  2.284       10.8384
  2.326       11.0242
  2.368       11.2225
  2.410       11.4333
  2.452       11.6566
  2.494       11.8923
  2.536       12.1404
  2.578       12.4007
  2.620       12.6733
  2.662       12.9578
  2.704       13.2540
  2.746       13.5617
  2.788       13.8802
  2.830       14.2069
  2.872       14.3223
  2.914       13.8892
  2.956       13.6881
  2.998       13.7627
  3.040       13.4903
  3.082       13.0971
  3.124       12.6957
  3.166       13.0879
  3.166       13.0879
  3.208       13.0941
  3.251       13.1125
  3.293       13.1431
  3.336       13.1859
  3.378       13.2407
  3.421       13.3073
  3.463       13.3855
  3.505       13.4753
  3.548       13.5761
  3.590       13.6874
  3.633       13.8087
  3.675       13.9392
  3.717       14.0775
  3.760       14.2227
  3.802       14.3730
  3.845       14.5261
  3.887       14.6802
  3.930       14.8338
  3.972       14.9863
  4.014       15.0714
#Band-index   12
  4.014       15.1405
  3.972       15.2140
  3.930       15.1189
  3.887       14.9522
  3.845       14.7707
  3.802       14.5913
  3.760       14.4191
  3.717       14.2563
  3.675       14.1038
  3.633       13.9621
  3.590       13.8318
  3.548       13.7130
  3.505       13.6063
  3.463       13.5116
  3.421       13.4292
  3.378       13.3595
  3.336       13.3022
  3.293       13.2575
  3.251       13.2256
  3.208       13.2065
  3.166       13.2001
  3.166       13.2001
  3.124       13.6035
  3.082       14.0680
  3.040       14.5430
  2.998       14.4493
  2.956       14.6377
  2.914       14.9104
  2.872       14.5719
  2.830       14.7679
  2.788       15.1437
  2.746       15.4564
  2.704       15.6797
  2.662       15.7962
  2.620       15.5988
  2.578       15.1048
  2.536       14.6158
  2.494       14.1281
  2.452       13.6459
  2.410       13.1745
  2.368       12.7111
  2.326       12.2584
  2.284       11.8206
  2.242       11.3975
  2.200       10.9871
  2.158       10.6026
  2.116       10.2393
  2.075       10.1266
  2.033       10.3799
  1.991       10.6108
  1.949       10.8158
  1.907       10.9930
  1.865       11.1408
  1.823       11.2598
  1.781       11.3465
  1.739       11.3944
  1.697       11.4100
  1.697       11.4100
  1.655       11.3964
  1.614       11.3469
  1.573       11.2627
  1.531       11.1493
  1.490       11.0034
  1.448       10.8312
  1.407       10.6322
  1.366       10.4097
  1.324       10.1629
  1.283       10.2051
  1.241       10.3385
  1.200       10.4840
  1.159       10.6417
  1.117       10.8115
  1.076       10.9934
  1.035       11.1873
  0.993       11.3933
  0.952       11.6112
  0.910       11.8411
  0.869       12.0828
  0.828       12.3362
  0.786       12.6013
  0.745       12.8779
  0.704       13.1657
  0.662       13.4646
  0.621       13.7740
  0.579       14.0934
  0.538       14.4223
  0.497       14.7594
  0.455       14.9653
  0.414       15.1411
  0.372       15.3791
  0.331       15.6584
  0.290       15.9593
  0.248       16.2569
  0.207       16.0967
  0.166       15.8656
  0.124       15.6565
  0.083       15.4688
  0.041       15.2988
  0.000       15.1405
#Band-index   13
  0.000       15.1418
  0.041       15.3379
  0.083       15.6168
  0.124       15.8349
  0.166       16.0055
  0.207       16.2082
  0.248       16.3492
  0.290       16.4156
  0.331       16.1345
  0.372       15.7983
  0.414       15.4511
  0.455       15.1032
  0.497       14.8713
  0.538       14.8699
  0.579       14.9547
  0.621       15.1063
  0.662       15.3008
  0.704       15.5147
  0.745       15.7240
  0.786       15.9043
  0.828       16.0321
  0.869       16.0933
  0.910       16.0878
  0.952       16.0301
  0.993       15.8065
  1.035       15.3946
  1.076       14.9988
  1.117       14.6263
  1.159       14.2802
  1.200       13.9630
  1.241       13.6782
  1.283       13.4266
  1.324       13.2086
  1.366       13.0215
  1.407       12.8639
  1.448       12.7343
  1.490       12.6296
  1.531       12.5475
  1.573       12.4857
  1.614       12.4429
  1.655       12.4175
  1.697       12.4090
  1.697       12.4090
  1.739       12.4177
  1.781       12.4439
  1.823       12.4880
  1.865       12.5510
  1.907       12.6342
  1.949       12.7384
  1.991       12.8641
  2.033       13.0111
  2.075       13.1775
  2.116       13.3630
  2.158       13.5671
  2.200       13.7839
  2.242       14.0138
  2.284       14.2512
  2.326       14.4948
  2.368       14.7390
  2.410       14.9764
  2.452       15.2091
  2.494       15.4210
  2.536       15.6025
  2.578       15.7345
  2.620       15.8090
  2.662       16.0875
  2.704       16.5724
  2.746       16.4490
  2.788       16.1579
  2.830       15.8028
  2.872       15.4122
  2.914       15.0106
  2.956       15.2680
  2.998       15.0258
  3.040       14.6021
  3.082       14.8596
  3.124       15.0902
  3.166       15.1923
  3.166       15.1923
  3.208       15.1804
  3.251       15.1438
  3.293       15.0832
  3.336       15.0027
  3.378       14.9062
  3.421       14.8027
  3.463       14.7030
  3.505       14.6185
  3.548       14.5591
  3.590       14.5313
  3.633       14.5376
  3.675       14.5770
  3.717       14.6464
  3.760       14.7414
  3.802       14.8568
  3.845       14.9857
  3.887       15.1162
  3.930       15.2225
  3.972       15.2394
  4.014       15.1418
#Band-index   14
  4.014       15.6095
  3.972       15.6681
  3.930       15.9090
  3.887       16.2881
  3.845       16.5451
  3.802       16.5821
  3.760       16.6352
  3.717       16.7018
  3.675       16.7746
  3.633       16.8441
  3.590       16.8946
  3.548       16.7685
  3.505       16.6559
  3.463       16.5564
  3.421       16.4701
  3.378       16.3975
  3.336       16.3374
  3.293       16.2909
  3.251       16.2578
  3.208       16.2380
  3.166       16.2313
  3.166       16.2313
  3.124       16.3297
  3.082       16.3964
  3.040       16.0149
  2.998       15.6391
  2.956       15.5186
  2.914       16.0095
  2.872       16.5004
  2.830       16.9837
  2.788       17.4520
  2.746       17.0484
  2.704       16.6465
  2.662       16.7338
  2.620       16.7246
  2.578       16.6483
  2.536       16.5330
  2.494       16.3939
  2.452       16.2426
  2.410       16.0869
  2.368       15.9304
  2.326       15.7769
  2.284       15.6282
  2.242       15.4862
  2.200       15.3518
  2.158       15.2263
  2.116       15.1101
  2.075       15.0037
  2.033       14.9076
  1.991       14.8222
  1.949       14.7475
  1.907       14.6841
  1.865       14.6319
  1.823       14.5913
  1.781       14.5622
  1.739       14.5446
  1.697       14.5396
  1.697       14.5396
  1.655       14.5443
  1.614       14.5613
  1.573       14.5895
  1.531       14.6291
  1.490       14.6796
  1.448       14.7411
  1.407       14.8134
  1.366       14.8961
  1.324       14.9886
  1.283       15.0901
  1.241       15.2004
  1.200       15.3184
  1.159       15.4425
  1.117       15.5702
  1.076       15.6985
  1.035       15.8231
  0.993       15.9371
  0.952       16.2328
  0.910       16.6664
  0.869       17.0974
  0.828       17.5238
  0.786       17.9271
  0.745       18.2954
  0.704       18.5961
  0.662       18.7923
  0.621       18.8277
  0.579       18.6987
  0.538       18.4600
  0.497       18.1665
  0.455       17.8512
  0.414       17.5313
  0.372       17.2163
  0.331       16.9119
  0.290       16.6218
  0.248       16.4122
  0.207       16.5078
  0.166       16.2115
  0.124       15.9080
  0.083       15.7076
  0.041       15.6327
  0.000       15.6095
#Band-index   15
  0.000       16.2678
  0.041       16.3351
  0.083       16.4707
  0.124       16.5986
  0.166       16.6350
  0.207       16.5271
  0.248       16.8544
  0.290       16.8549
  0.331       17.1005
  0.372       17.4098
  0.414       17.7468
  0.455       18.1042
  0.497       18.4784
  0.538       18.8676
  0.579       19.2683
  0.621       19.1774
  0.662       18.9979
  0.704       18.8396
  0.745       18.7236
  0.786       18.6709
  0.828       18.7022
  0.869       18.7822
  0.910       18.5555
  0.952       18.3384
  0.993       18.1315
  1.035       17.9351
  1.076       17.7494
  1.117       17.5750
  1.159       17.4118
  1.200       17.2600
  1.241       17.1197
  1.283       16.9913
  1.324       16.8746
  1.366       16.7698
  1.407       16.6770
  1.448       16.5963
  1.490       16.5279
  1.531       16.4717
  1.573       16.4280
  1.614       16.3967
  1.655       16.3779
  1.697       16.3716
  1.697       16.3716
  1.739       16.3780
  1.781       16.3974
  1.823       16.4296
  1.865       16.4747
  1.907       16.5324
  1.949       16.6029
  1.991       16.6859
  2.033       16.7813
  2.075       16.8892
  2.116       17.0093
  2.158       17.1417
  2.200       17.2860
  2.242       17.4423
  2.284       17.6104
  2.326       17.7901
  2.368       17.9813
  2.410       18.1835
  2.452       18.3963
  2.494       18.6193
  2.536       18.8511
  2.578       19.0350
  2.620       18.7329
  2.662       18.4685
  2.704       18.2605
  2.746       17.9004
  2.788       17.5072
  2.830       17.8705
  2.872       17.7203
  2.914       17.5354
  2.956       17.3179
  2.998       17.0732
  3.040       16.8124
  3.082       16.5520
  3.124       16.7794
  3.166       17.0989
  3.166       17.0989
  3.208       17.0991
  3.251       17.0993
  3.293       17.0983
  3.336       17.0953
  3.378       17.0875
  3.421       17.0724
  3.463       17.0470
  3.505       17.0140
  3.548       16.9677
  3.590       16.9102
  3.633       17.0336
  3.675       17.1856
  3.717       17.3508
  3.760       17.5288
  3.802       17.2493
  3.845       16.7470
  3.887       16.5340
  3.930       16.5551
  3.972       16.3746
  4.014       16.2678
#Band-index   16
  4.014       16.7126
  3.972       16.6130
  3.930       16.6811
  3.887       17.0836
  3.845       17.4971
  3.802       17.7203
  3.760       17.7097
  3.717       17.8065
  3.675       17.7721
  3.633       17.7166
  3.590       17.6537
  3.548       17.5885
  3.505       17.5250
  3.463       17.4646
  3.421       17.4096
  3.378       17.3619
  3.336       17.3213
  3.293       17.2890
  3.251       17.2657
  3.208       17.2518
  3.166       17.2471
  3.166       17.2471
  3.124       17.5620
  3.082       17.9284
  3.040       18.2768
  2.998       18.5916
  2.956       18.8636
  2.914       18.7514
  2.872       18.3641
  2.830       17.9467
  2.788       17.9928
  2.746       18.1107
  2.704       18.3350
  2.662       18.7732
  2.620       19.1989
  2.578       19.0869
  2.536       19.3607
  2.494       19.6989
  2.452       20.0454
  2.410       20.3975
  2.368       20.7527
  2.326       21.1076
  2.284       21.4555
  2.242       21.7869
  2.200       22.0874
  2.158       22.3409
  2.116       22.5336
  2.075       22.6630
  2.033       22.7383
  1.991       22.7744
  1.949       22.7850
  1.907       22.7815
  1.865       22.7022
  1.823       22.5928
  1.781       22.5129
  1.739       22.4643
  1.697       22.4481
  1.697       22.4481
  1.655       22.4638
  1.614       22.5110
  1.573       22.5887
  1.531       22.6949
  1.490       22.7788
  1.448       22.7798
  1.407       22.7623
  1.366       22.7107
  1.324       22.6014
  1.283       22.4106
  1.241       22.1305
  1.200       21.7752
  1.159       21.3718
  1.117       20.9450
  1.076       20.5144
  1.035       20.0952
  0.993       19.7011
  0.952       19.3467
  0.910       19.0496
  0.869       18.8295
  0.828       19.0172
  0.786       19.2596
  0.745       19.5068
  0.704       19.7515
  0.662       19.9312
  0.621       19.6706
  0.579       19.3536
  0.538       19.4643
  0.497       19.0598
  0.455       18.6646
  0.414       18.2803
  0.372       17.9067
  0.331       17.5445
  0.290       17.1936
  0.248       16.8848
  0.207       17.0626
  0.166       17.1024
  0.124       16.9842
  0.083       16.8173
  0.041       16.6941
  0.000       16.7126
#Band-index   17
  0.000       16.7135
  0.041       16.8513
  0.083       17.0270
  0.124       17.2358
  0.166       17.4735
  0.207       17.7357
  0.248       18.0094
  0.290       18.2556
  0.331       18.5377
  0.372       18.8335
  0.414       19.1219
  0.455       19.3668
  0.497       19.5039
  0.538       19.4851
  0.579       19.8785
  0.621       20.3015
  0.662       20.2412
  0.704       20.6047
  0.745       21.0443
  0.786       21.4981
  0.828       21.9575
  0.869       22.4157
  0.910       22.8635
  0.952       23.2865
  0.993       23.6612
  1.035       23.9554
  1.076       24.1389
  1.117       24.2040
  1.159       24.1701
  1.200       24.0638
  1.241       23.9113
  1.283       23.7330
  1.324       23.5416
  1.366       23.3465
  1.407       23.1574
  1.448       22.9834
  1.490       22.8276
  1.531       22.7697
  1.573       22.7580
  1.614       22.7478
  1.655       22.7409
  1.697       22.7406
  1.697       22.7406
  1.739       22.7413
  1.781       22.7486
  1.823       22.7591
  1.865       22.7711
  1.907       22.8380
  1.949       22.9976
  1.991       23.1767
  2.033       23.3672
  2.075       23.5618
  2.116       23.7497
  2.158       23.9117
  2.200       24.0056
  2.242       23.9695
  2.284       23.7079
  2.326       23.2431
  2.368       22.6767
  2.410       22.0758
  2.452       21.4720
  2.494       20.8799
  2.536       20.3099
  2.578       19.7725
  2.620       19.4024
  2.662       19.6063
  2.704       19.7977
  2.746       19.6937
  2.788       19.5131
  2.830       19.3720
  2.872       19.2389
  2.914       19.0771
  2.956       19.0953
  2.998       19.3848
  3.040       19.3532
  3.082       19.2923
  3.124       19.2536
  3.166       19.2403
  3.166       19.2403
  3.208       19.1870
  3.251       19.0478
  3.293       18.8666
  3.336       18.6816
  3.378       18.5166
  3.421       18.3840
  3.463       18.2882
  3.505       18.2279
  3.548       18.1986
  3.590       18.1934
  3.633       18.2021
  3.675       18.2094
  3.717       18.1878
  3.760       18.0021
  3.802       17.8538
  3.845       17.8551
  3.887       17.6522
  3.930       17.2928
  3.972       16.9358
  4.014       16.7135
#Band-index   18
  4.014       18.1372
  3.972       18.1421
  3.930       18.1752
  3.887       18.1414
  3.845       17.9244
  3.802       17.9189
  3.760       18.0872
  3.717       18.4499
  3.675       19.0351
  3.633       19.3497
  3.590       19.3141
  3.548       19.3093
  3.505       19.3337
  3.463       19.3779
  3.421       19.4542
  3.378       19.5490
  3.336       19.6510
  3.293       19.7544
  3.251       19.8565
  3.208       19.9326
  3.166       19.9602
  3.166       19.9602
  3.124       19.9230
  3.082       19.8129
  3.040       19.6294
  2.998       19.4307
  2.956       19.5194
  2.914       19.6124
  2.872       19.7141
  2.830       19.8380
  2.788       20.0020
  2.746       20.2207
  2.704       20.1464
  2.662       20.4660
  2.620       20.9243
  2.578       21.4494
  2.536       22.0178
  2.494       22.6126
  2.452       23.1481
  2.410       23.6257
  2.368       23.9025
  2.326       24.1509
  2.284       24.4109
  2.242       24.5525
  2.200       24.6561
  2.158       24.8038
  2.116       25.0190
  2.075       25.3089
  2.033       25.6663
  1.991       25.7625
  1.949       25.6802
  1.907       25.6112
  1.865       25.5551
  1.823       25.5117
  1.781       25.4808
  1.739       25.4623
  1.697       25.4562
  1.697       25.4562
  1.655       25.4622
  1.614       25.4802
  1.573       25.5101
  1.531       25.5523
  1.490       25.6068
  1.448       25.6738
  1.407       25.7536
  1.366       25.3978
  1.324       25.0264
  1.283       24.7502
  1.241       24.5828
  1.200       24.5121
  1.159       24.5130
  1.117       24.5616
  1.076       24.6387
  1.035       24.5783
  0.993       24.1998
  0.952       23.7976
  0.910       23.2880
  0.869       22.7884
  0.828       22.3116
  0.786       21.8623
  0.745       21.4506
  0.704       21.0924
  0.662       20.7320
  0.621       20.3242
  0.579       20.4618
  0.538       20.2426
  0.497       19.9561
  0.455       19.6331
  0.414       19.2979
  0.372       18.9630
  0.331       18.6356
  0.290       18.3197
  0.248       18.0187
  0.207       17.8395
  0.166       17.8204
  0.124       17.9887
  0.083       18.1032
  0.041       18.1331
  0.000       18.1372
#Band-index   19
  0.000       18.8680
  0.041       18.5826
  0.083       18.2704
  0.124       18.0318
  0.166       17.9654
  0.207       18.0198
  0.248       18.2172
  0.290       18.4914
  0.331       18.8040
  0.372       19.1411
  0.414       19.4966
  0.455       19.8654
  0.497       20.2383
  0.538       20.5587
  0.579       20.5328
  0.621       20.6241
  0.662       20.8146
  0.704       21.1692
  0.745       21.6118
  0.786       22.0566
  0.828       22.5017
  0.869       22.9429
  0.910       23.3764
  0.952       23.8067
  0.993       24.3428
  1.035       24.7264
  1.076       24.9285
  1.117       25.2488
  1.159       25.5385
  1.200       25.8020
  1.241       26.0462
  1.283       26.0731
  1.324       25.9531
  1.366       25.8466
  1.407       25.8356
  1.448       26.3085
  1.490       26.7865
  1.531       27.2382
  1.573       27.6259
  1.614       27.9143
  1.655       28.0849
  1.697       28.1401
  1.697       28.1401
  1.739       28.0848
  1.781       27.9311
  1.823       27.7044
  1.865       27.3574
  1.907       26.9461
  1.949       26.5079
  1.991       26.0732
  2.033       25.8583
  2.075       25.8651
  2.116       25.5564
  2.158       25.2556
  2.200       24.9638
  2.242       24.6821
  2.284       24.4518
  2.326       24.2969
  2.368       24.0250
  2.410       23.6658
  2.452       23.2222
  2.494       22.6447
  2.536       22.1462
  2.578       21.6708
  2.620       21.2321
  2.662       20.8392
  2.704       20.5002
  2.746       20.2251
  2.788       20.4723
  2.830       20.7311
  2.872       20.9758
  2.914       21.1850
  2.956       21.3346
  2.998       21.4185
  3.040       21.4734
  3.082       21.5118
  3.124       21.5420
  3.166       21.5506
  3.166       21.5506
  3.208       21.5841
  3.251       21.6756
  3.293       21.8133
  3.336       21.9830
  3.378       22.1765
  3.421       22.3844
  3.463       22.2227
  3.505       21.5893
  3.548       20.9337
  3.590       20.2852
  3.633       19.6507
  3.675       19.4155
  3.717       19.5051
  3.760       19.5562
  3.802       19.0967
  3.845       18.6106
  3.887       18.2924
  3.930       18.3710
  3.972       18.6134
  4.014       18.8680
#Band-index   20
  4.014       18.8695
  3.972       19.0826
  3.930       19.1915
  3.887       19.2258
  3.845       19.2486
  3.802       19.3343
  3.760       19.6199
  3.717       19.9272
  3.675       20.3923
  3.633       20.8959
  3.590       21.3944
  3.548       21.8407
  3.505       22.1751
  3.463       22.3531
  3.421       22.3850
  3.378       22.3082
  3.336       22.1595
  3.293       21.9699
  3.251       21.7760
  3.208       21.6246
  3.166       21.5659
  3.166       21.5659
  3.124       21.5725
  3.082       21.5921
  3.040       21.6247
  2.998       21.6704
  2.956       21.7292
  2.914       21.8009
  2.872       21.8855
  2.830       21.9833
  2.788       22.0940
  2.746       22.2177
  2.704       22.3542
  2.662       22.5036
  2.620       22.6657
  2.578       22.8406
  2.536       23.0287
  2.494       23.2287
  2.452       23.4411
  2.410       23.8304
  2.368       24.4054
  2.326       24.8802
  2.284       25.2276
  2.242       25.6045
  2.200       26.1023
  2.158       26.2172
  2.116       26.0904
  2.075       25.9678
  2.033       26.1801
  1.991       26.4988
  1.949       26.8176
  1.907       27.1312
  1.865       27.4311
  1.823       27.7045
  1.781       27.9542
  1.739       28.0957
  1.697       28.1401
  1.697       28.1401
  1.655       28.0987
  1.614       27.9828
  1.573       27.8132
  1.531       27.6118
  1.490       27.3945
  1.448       27.1713
  1.407       26.9476
  1.366       26.7259
  1.324       26.5037
  1.283       26.2782
  1.241       26.2055
  1.200       26.3464
  1.159       26.4804
  1.117       26.0439
  1.076       25.4622
  1.035       24.8949
  0.993       24.7986
  0.952       24.7974
  0.910       24.6235
  0.869       24.2705
  0.828       23.8325
  0.786       23.3641
  0.745       22.8992
  0.704       22.4416
  0.662       21.9948
  0.621       21.5639
  0.579       21.1665
  0.538       20.9645
  0.497       20.8367
  0.455       20.8667
  0.414       21.0169
  0.372       21.2096
  0.331       21.2716
  0.290       20.9335
  0.248       20.6058
  0.207       20.2885
  0.166       19.9819
  0.124       19.6865
  0.083       19.4025
  0.041       19.1301
  0.000       18.8695
#Band-index   21
  0.000       20.7216
  0.041       20.5092
  0.083       20.3685
  0.124       20.3456
  0.166       20.4454
  0.207       20.6349
  0.248       20.8647
  0.290       21.0941
  0.331       21.2773
  0.372       21.3734
  0.414       21.3652
  0.455       21.2624
  0.497       21.1009
  0.538       20.9829
  0.579       21.2686
  0.621       21.6315
  0.662       22.0369
  0.704       22.4686
  0.745       22.9175
  0.786       23.3765
  0.828       23.8350
  0.869       24.2982
  0.910       24.7515
  0.952       25.1793
  0.993       25.5693
  1.035       25.9264
  1.076       26.2707
  1.117       26.5206
  1.159       26.6399
  1.200       27.2494
  1.241       27.8723
  1.283       28.5081
  1.324       29.1569
  1.366       29.8179
  1.407       29.8150
  1.448       29.7962
  1.490       29.8133
  1.531       29.8847
  1.573       30.0335
  1.614       30.2770
  1.655       30.5919
  1.697       30.8022
  1.697       30.8022
  1.739       30.5875
  1.781       30.2707
  1.823       30.0368
  1.865       29.9136
  1.907       29.8816
  1.949       29.9092
  1.991       29.7865
  2.033       29.0033
  2.075       28.2402
  2.116       27.5045
  2.158       26.8160
  2.200       26.4419
  2.242       26.5508
  2.284       26.4310
  2.326       26.0331
  2.368       25.6957
  2.410       25.5017
  2.452       25.3760
  2.494       25.2358
  2.536       25.0204
  2.578       24.7139
  2.620       24.3422
  2.662       23.9411
  2.704       23.5403
  2.746       23.1622
  2.788       22.8252
  2.830       22.5459
  2.872       22.3391
  2.914       22.2144
  2.956       22.1704
  2.998       22.1939
  3.040       22.2626
  3.082       22.3471
  3.124       22.4163
  3.166       22.4431
  3.166       22.4431
  3.208       22.4495
  3.251       22.4685
  3.293       22.5001
  3.336       22.5446
  3.378       22.6026
  3.421       22.6551
  3.463       22.5999
  3.505       22.5733
  3.548       22.3550
  3.590       21.9944
  3.633       21.4441
  3.675       20.8399
  3.717       20.2367
  3.760       19.6508
  3.802       19.7586
  3.845       19.9168
  3.887       20.0939
  3.930       20.2881
  3.972       20.4976
  4.014       20.7216
#Band-index   22
  4.014       20.7219
  3.972       20.8327
  3.930       21.0399
  3.887       21.2084
  3.845       21.3150
  3.802       21.4422
  3.760       21.5964
  3.717       21.7761
  3.675       21.9761
  3.633       22.1977
  3.590       22.4856
  3.548       22.9566
  3.505       22.8294
  3.463       22.7541
  3.421       22.6716
  3.378       22.8116
  3.336       22.8909
  3.293       22.9406
  3.251       22.9728
  3.208       22.9914
  3.166       22.9970
  3.166       22.9970
  3.124       22.9469
  3.082       22.8135
  3.040       22.6362
  2.998       22.4620
  2.956       22.3539
  2.914       22.3602
  2.872       22.5023
  2.830       22.7607
  2.788       23.1049
  2.746       23.5080
  2.704       23.9491
  2.662       24.4084
  2.620       24.8598
  2.578       25.2685
  2.536       25.5868
  2.494       25.7727
  2.452       25.8487
  2.410       25.8749
  2.368       25.9188
  2.326       26.0829
  2.284       26.5198
  2.242       27.1091
  2.200       27.7595
  2.158       28.4456
  2.116       29.1443
  2.075       29.7753
  2.033       29.9987
  1.991       29.9650
  1.949       30.5856
  1.907       31.3977
  1.865       32.2197
  1.823       32.0901
  1.781       31.8063
  1.739       31.6174
  1.697       31.5506
  1.697       31.5506
  1.655       31.6158
  1.614       31.8016
  1.573       32.0850
  1.531       32.4406
  1.490       31.8714
  1.448       31.1758
  1.407       30.4911
  1.366       29.8557
  1.324       29.5906
  1.283       28.9748
  1.241       28.3840
  1.200       27.8269
  1.159       27.3238
  1.117       26.9621
  1.076       26.9190
  1.035       26.7630
  0.993       26.1951
  0.952       25.6420
  0.910       25.1043
  0.869       24.5828
  0.828       24.0793
  0.786       23.5958
  0.745       23.1370
  0.704       22.7109
  0.662       22.3367
  0.621       22.0499
  0.579       21.9084
  0.538       21.9391
  0.497       22.0904
  0.455       22.2801
  0.414       21.9765
  0.372       21.6194
  0.331       21.3863
  0.290       21.4946
  0.248       21.4985
  0.207       21.4064
  0.166       21.2583
  0.124       21.0918
  0.083       20.9355
  0.041       20.8159
  0.000       20.7219
#Band-index   23
  0.000       20.7670
  0.041       20.9533
  0.083       21.1957
  0.124       21.4467
  0.166       21.7027
  0.207       21.9579
  0.248       22.2000
  0.290       22.4075
  0.331       22.5421
  0.372       22.5554
  0.414       22.4563
  0.455       22.3421
  0.497       22.7158
  0.538       23.0950
  0.579       23.4802
  0.621       23.8693
  0.662       24.2603
  0.704       24.6515
  0.745       25.0411
  0.786       25.4252
  0.828       25.8028
  0.869       25.7863
  0.910       25.7891
  0.952       25.9883
  0.993       26.3821
  1.035       26.8759
  1.076       27.3452
  1.117       27.9414
  1.159       28.5514
  1.200       29.1313
  1.241       29.6422
  1.283       29.8934
  1.324       29.9003
  1.366       30.2262
  1.407       30.8780
  1.448       31.5432
  1.490       32.2187
  1.531       32.5767
  1.573       32.6565
  1.614       32.2337
  1.655       31.7992
  1.697       31.5506
  1.697       31.5506
  1.739       31.8052
  1.781       32.2482
  1.823       32.6790
  1.865       32.4408
  1.907       32.8350
  1.949       32.3121
  1.991       31.5583
  2.033       30.8389
  2.075       30.0676
  2.116       29.2957
  2.158       28.5470
  2.200       27.8327
  2.242       27.1925
  2.284       26.9138
  2.326       27.0615
  2.368       27.2636
  2.410       27.4563
  2.452       27.5588
  2.494       27.4115
  2.536       27.1828
  2.578       27.0117
  2.620       26.9214
  2.662       26.8713
  2.704       26.8264
  2.746       26.7753
  2.788       26.7100
  2.830       26.6172
  2.872       26.4933
  2.914       26.3416
  2.956       26.0577
  2.998       25.7395
  3.040       25.4543
  3.082       25.2222
  3.124       25.0674
  3.166       25.0126
  3.166       25.0126
  3.208       25.0473
  3.251       25.1525
  3.293       25.2019
  3.336       24.4816
  3.378       23.7799
  3.421       23.1419
  3.463       22.7677
  3.505       22.8493
  3.548       22.9668
  3.590       23.0769
  3.633       23.2090
  3.675       23.2840
  3.717       22.9686
  3.760       22.5889
  3.802       22.1742
  3.845       21.7549
  3.887       21.3633
  3.930       21.0979
  3.972       20.9395
  4.014       20.7670
#Band-index   24
  4.014       21.9494
  3.972       22.0208
  3.930       22.2550
  3.887       22.6267
  3.845       23.0825
  3.802       23.5874
  3.760       23.6773
  3.717       23.5095
  3.675       23.3533
  3.633       23.5061
  3.590       23.2792
  3.548       23.0545
  3.505       23.5942
  3.463       24.2696
  3.421       24.9676
  3.378       25.4548
  3.336       25.4169
  3.293       25.3308
  3.251       25.3657
  3.208       25.3533
  3.166       25.3490
  3.166       25.3490
  3.124       25.4011
  3.082       25.5389
  3.040       25.7306
  2.998       25.9424
  2.956       26.1561
  2.914       26.3869
  2.872       26.7054
  2.830       26.9824
  2.788       27.1729
  2.746       27.2454
  2.704       27.2218
  2.662       27.1564
  2.620       27.0993
  2.578       27.0937
  2.536       27.1870
  2.494       27.4237
  2.452       27.7634
  2.410       28.2062
  2.368       28.6964
  2.326       29.1924
  2.284       29.6448
  2.242       29.9974
  2.200       30.2142
  2.158       30.3095
  2.116       30.3300
  2.075       30.3847
  2.033       30.8579
  1.991       31.6637
  1.949       32.4821
  1.907       32.9683
  1.865       33.0087
  1.823       33.0466
  1.781       33.8691
  1.739       34.6542
  1.697       35.1537
  1.697       35.1537
  1.655       34.6950
  1.614       34.0029
  1.573       33.2891
  1.531       32.9005
  1.490       32.8452
  1.448       32.9000
  1.407       32.3427
  1.366       31.7102
  1.324       31.0982
  1.283       30.4620
  1.241       29.8119
  1.200       29.1750
  1.159       28.5581
  1.117       27.9807
  1.076       27.4159
  1.035       26.9269
  0.993       26.8288
  0.952       26.6934
  0.910       26.5347
  0.869       26.1720
  0.828       25.8718
  0.786       25.9697
  0.745       25.9607
  0.704       25.7136
  0.662       25.4337
  0.621       25.1306
  0.579       24.8088
  0.538       24.4865
  0.497       24.1741
  0.455       23.8874
  0.414       23.6397
  0.372       23.4415
  0.331       23.2786
  0.290       23.1149
  0.248       22.9263
  0.207       22.7162
  0.166       22.5013
  0.124       22.2992
  0.083       22.1261
  0.041       22.0001
  0.000       21.9494
#Band-index   25
  0.000       24.7761
  0.041       24.6646
  0.083       24.3714
  0.124       24.0662
  0.166       23.7729
  0.207       23.5202
  0.248       23.3482
  0.290       23.2994
  0.331       23.3862
  0.372       23.5797
  0.414       23.8418
  0.455       24.1466
  0.497       24.4779
  0.538       24.8236
  0.579       25.1717
  0.621       25.5041
  0.662       25.7882
  0.704       25.9727
  0.745       26.0234
  0.786       26.1659
  0.828       26.3305
  0.869       26.4614
  0.910       26.5745
  0.952       26.8954
  0.993       27.2594
  1.035       27.6364
  1.076       28.0350
  1.117       28.4628
  1.159       28.9240
  1.200       29.4200
  1.241       29.9497
  1.283       30.5102
  1.324       31.1252
  1.366       31.8012
  1.407       32.4083
  1.448       32.9864
  1.490       33.1139
  1.531       32.9850
  1.573       33.5814
  1.614       34.2452
  1.655       34.8414
  1.697       35.1540
  1.697       35.1540
  1.739       34.8905
  1.781       34.4832
  1.823       34.0678
  1.865       33.6589
  1.907       33.2603
  1.949       32.8732
  1.991       32.4981
  2.033       32.1351
  2.075       31.7846
  2.116       31.4468
  2.158       31.1216
  2.200       30.8088
  2.242       30.5098
  2.284       30.2227
  2.326       29.9483
  2.368       29.3603
  2.410       28.8136
  2.452       28.4132
  2.494       28.3300
  2.536       28.4636
  2.578       28.5665
  2.620       28.3801
  2.662       28.2060
  2.704       28.0441
  2.746       27.8946
  2.788       27.7568
  2.830       27.6310
  2.872       27.5176
  2.914       27.4165
  2.956       27.3286
  2.998       27.2539
  3.040       27.1942
  3.082       27.1505
  3.124       27.1237
  3.166       27.1146
  3.166       27.1146
  3.208       26.6330
  3.251       25.9272
  3.293       25.3870
  3.336       25.5820
  3.378       25.6541
  3.421       25.0608
  3.463       24.5478
  3.505       24.1578
  3.548       23.8962
  3.590       23.7098
  3.633       23.5246
  3.675       23.7289
  3.717       23.9374
  3.760       24.1227
  3.802       23.8578
  3.845       24.0494
  3.887       24.2519
  3.930       24.4652
  3.972       24.6891
  4.014       24.7761
#Band-index   26
  4.014       24.9229
  3.972       24.7577
  3.930       24.7022
  3.887       24.6153
  3.845       24.4861
  3.802       24.3243
  3.760       24.1418
  3.717       24.6761
  3.675       25.2348
  3.633       25.7750
  3.590       25.7572
  3.548       25.6819
  3.505       25.6141
  3.463       25.5524
  3.421       25.5008
  3.378       25.6801
  3.336       26.3152
  3.293       26.9972
  3.251       27.6953
  3.208       27.8216
  3.166       27.6048
  3.166       27.6048
  3.124       27.6223
  3.082       27.6749
  3.040       27.7605
  2.998       27.8761
  2.956       28.0147
  2.914       28.1620
  2.872       28.3094
  2.830       28.4506
  2.788       28.5554
  2.746       28.6671
  2.704       28.7877
  2.662       28.8207
  2.620       28.7675
  2.578       28.6338
  2.536       28.7660
  2.494       28.9772
  2.452       29.2009
  2.410       29.4377
  2.368       29.6867
  2.326       29.9618
  2.284       30.5763
  2.242       31.1450
  2.200       31.5899
  2.158       31.9488
  2.116       32.2861
  2.075       32.6241
  2.033       32.9696
  1.991       33.3255
  1.949       33.2495
  1.907       33.3085
  1.865       34.0757
  1.823       34.7634
  1.781       35.1865
  1.739       35.4442
  1.697       35.4272
  1.697       35.4272
  1.655       35.4436
  1.614       35.4737
  1.573       35.0142
  1.531       34.3387
  1.490       33.6654
  1.448       33.1903
  1.407       32.4897
  1.366       31.8207
  1.324       31.2229
  1.283       30.6900
  1.241       30.1396
  1.200       29.5490
  1.159       28.9920
  1.117       28.4861
  1.076       28.0706
  1.035       27.8266
  0.993       27.8082
  0.952       27.9216
  0.910       28.0639
  0.869       28.1760
  0.828       28.2086
  0.786       27.9274
  0.745       27.4495
  0.704       26.9861
  0.662       26.5387
  0.621       26.1077
  0.579       25.6954
  0.538       25.3047
  0.497       24.9411
  0.455       24.6130
  0.414       24.3428
  0.372       24.1582
  0.331       24.1010
  0.290       24.1470
  0.248       24.2598
  0.207       24.3981
  0.166       24.5160
  0.124       24.6179
  0.083       24.7082
  0.041       24.7590
  0.000       24.9229
#Band-index   27
  0.000       24.9239
  0.041       25.1610
  0.083       25.4070
  0.124       25.6605
  0.166       25.8270
  0.207       25.5306
  0.248       25.3074
  0.290       25.1886
  0.331       25.1971
  0.372       25.3305
  0.414       25.5612
  0.455       25.8504
  0.497       26.1687
  0.538       26.4984
  0.579       26.8252
  0.621       27.1416
  0.662       27.4377
  0.704       27.5966
  0.745       27.7740
  0.786       28.0861
  0.828       28.4195
  0.869       28.9251
  0.910       29.3963
  0.952       29.8797
  0.993       30.3489
  1.035       30.7038
  1.076       30.7595
  1.117       30.6590
  1.159       30.5381
  1.200       30.4382
  1.241       30.4228
  1.283       30.7548
  1.324       31.3897
  1.366       32.0407
  1.407       32.7050
  1.448       33.2956
  1.490       33.9018
  1.531       34.6218
  1.573       35.3190
  1.614       35.6259
  1.655       35.6778
  1.697       35.6563
  1.697       35.6563
  1.739       35.5392
  1.781       35.4270
  1.823       34.8180
  1.865       34.1233
  1.907       33.5830
  1.949       33.5937
  1.991       33.6106
  2.033       33.5549
  2.075       33.4416
  2.116       33.2359
  2.158       32.7126
  2.200       32.1581
  2.242       31.6842
  2.284       31.3016
  2.326       31.0023
  2.368       30.7413
  2.410       30.5048
  2.452       30.2895
  2.494       30.0732
  2.536       29.8397
  2.578       29.5999
  2.620       29.3546
  2.662       29.1053
  2.704       28.8656
  2.746       28.6993
  2.788       28.5824
  2.830       28.5462
  2.872       28.6036
  2.914       28.6798
  2.956       28.6608
  2.998       28.5006
  3.040       28.3884
  3.082       28.3136
  3.124       28.2703
  3.166       28.2562
  3.166       28.2562
  3.208       28.3278
  3.251       27.7037
  3.293       27.1118
  3.336       26.4004
  3.378       25.9120
  3.421       26.2760
  3.463       26.6465
  3.505       26.7951
  3.548       26.5654
  3.590       26.2402
  3.633       25.8411
  3.675       25.6637
  3.717       25.4923
  3.760       25.4062
  3.802       25.3729
  3.845       25.3589
  3.887       25.3323
  3.930       25.2635
  3.972       25.1293
  4.014       24.9239
#Band-index   28
  4.014       27.2484
  3.972       27.0074
  3.930       26.7898
  3.887       26.5970
  3.845       26.4280
  3.802       26.2803
  3.760       26.1509
  3.717       26.0354
  3.675       25.9336
  3.633       25.9379
  3.590       26.2983
  3.548       26.6767
  3.505       26.8619
  3.463       27.0003
  3.421       27.2076
  3.378       27.4185
  3.336       27.6214
  3.293       27.8094
  3.251       28.0406
  3.208       28.3776
  3.166       28.8188
  3.166       28.8188
  3.124       28.8184
  3.082       28.8157
  3.040       28.8069
  2.998       28.7853
  2.956       28.7446
  2.914       28.8711
  2.872       29.1324
  2.830       29.4278
  2.788       29.7028
  2.746       29.8280
  2.704       29.7910
  2.662       29.7286
  2.620       29.7236
  2.578       29.7972
  2.536       29.9289
  2.494       30.0962
  2.452       30.3030
  2.410       30.5322
  2.368       30.7667
  2.326       31.0186
  2.284       31.3119
  2.242       31.6863
  2.200       32.2271
  2.158       32.8801
  2.116       33.4652
  2.075       33.8644
  2.033       33.9063
  1.991       33.6451
  1.949       33.6931
  1.907       34.0752
  1.865       34.4876
  1.823       35.0838
  1.781       35.6928
  1.739       35.9284
  1.697       35.6564
  1.697       35.6564
  1.655       35.7783
  1.614       35.6703
  1.573       35.3374
  1.531       34.7264
  1.490       34.0583
  1.448       33.3795
  1.407       33.7330
  1.366       34.1399
  1.324       34.1570
  1.283       33.9665
  1.241       33.5923
  1.200       33.0798
  1.159       32.5746
  1.117       32.0906
  1.076       31.6354
  1.035       31.0809
  0.993       30.5225
  0.952       29.9770
  0.910       29.4445
  0.869       28.9252
  0.828       28.4817
  0.786       28.1287
  0.745       27.9504
  0.704       27.7110
  0.662       27.5794
  0.621       27.6843
  0.579       27.8577
  0.538       28.0628
  0.497       28.0633
  0.455       27.8099
  0.414       27.5476
  0.372       27.2782
  0.331       27.0054
  0.290       26.7309
  0.248       26.4581
  0.207       26.1877
  0.166       25.9213
  0.124       26.1733
  0.083       26.5489
  0.041       26.9282
  0.000       27.2484
#Band-index   29
  0.000       27.2496
  0.041       27.5061
  0.083       27.7816
  0.124       27.9825
  0.166       28.1515
  0.207       28.3310
  0.248       28.5031
  0.290       28.6448
  0.331       28.7274
  0.372       28.7244
  0.414       28.6330
  0.455       28.4738
  0.497       28.2757
  0.538       28.3016
  0.579       28.5269
  0.621       28.7372
  0.662       28.9336
  0.704       29.1210
  0.745       29.3064
  0.786       29.4967
  0.828       29.7018
  0.869       29.9305
  0.910       30.1918
  0.952       30.4918
  0.993       30.8326
  1.035       31.2147
  1.076       31.6518
  1.117       32.1847
  1.159       32.6946
  1.200       33.1907
  1.241       33.6323
  1.283       34.0713
  1.324       34.3376
  1.366       34.2234
  1.407       34.2235
  1.448       34.2502
  1.490       34.4741
  1.531       34.9293
  1.573       35.3607
  1.614       35.7944
  1.655       36.2398
  1.697       36.0868
  1.697       36.0868
  1.739       36.2313
  1.781       35.8703
  1.823       35.6469
  1.865       35.6480
  1.907       35.4948
  1.949       35.1285
  1.991       34.7491
  2.033       34.3824
  2.075       34.0108
  2.116       33.5690
  2.158       33.2570
  2.200       33.0459
  2.242       32.7448
  2.284       32.4566
  2.326       32.1815
  2.368       31.9195
  2.410       31.6705
  2.452       31.4345
  2.494       31.2118
  2.536       31.0021
  2.578       30.8050
  2.620       30.6213
  2.662       30.4505
  2.704       30.2926
  2.746       30.1477
  2.788       30.0155
  2.830       29.8962
  2.872       29.7900
  2.914       29.6968
  2.956       29.6170
  2.998       29.5506
  3.040       29.4984
  3.082       29.4607
  3.124       29.4379
  3.166       29.4302
  3.166       29.4302
  3.208       29.0400
  3.251       29.3266
  3.293       29.9600
  3.336       29.9400
  3.378       29.3718
  3.421       28.7965
  3.463       28.2755
  3.505       27.9627
  3.548       27.5150
  3.590       27.1151
  3.633       26.9078
  3.675       26.8295
  3.717       26.8236
  3.760       26.8661
  3.802       26.9449
  3.845       27.0514
  3.887       27.1761
  3.930       27.3013
  3.972       27.3726
  4.014       27.2496
#Band-index   30
  4.014       27.7024
  3.972       27.7476
  3.930       27.8874
  3.887       28.1114
  3.845       28.3903
  3.802       28.6824
  3.760       28.9329
  3.717       29.0705
  3.675       29.0261
  3.633       28.7979
  3.590       28.4499
  3.548       28.0940
  3.505       28.0589
  3.463       28.6639
  3.421       29.2871
  3.378       29.8881
  3.336       30.2919
  3.293       30.4054
  3.251       30.4568
  3.208       29.9817
  3.166       29.5747
  3.166       29.5747
  3.124       29.5814
  3.082       29.6014
  3.040       29.6348
  2.998       29.6815
  2.956       29.7416
  2.914       29.8150
  2.872       29.9017
  2.830       30.0017
  2.788       30.1150
  2.746       30.2417
  2.704       30.3816
  2.662       30.5347
  2.620       30.7011
  2.578       30.8806
  2.536       31.0734
  2.494       31.2790
  2.452       31.4976
  2.410       31.7290
  2.368       31.9729
  2.326       32.2289
  2.284       32.4965
  2.242       32.7746
  2.200       33.0611
  2.158       33.3513
  2.116       33.6329
  2.075       34.0287
  2.033       34.5731
  1.991       34.9856
  1.949       35.2648
  1.907       35.5203
  1.865       35.9229
  1.823       36.3264
  1.781       36.3517
  1.739       36.3096
  1.697       36.5047
  1.697       36.5047
  1.655       36.3589
  1.614       36.1203
  1.573       35.8995
  1.531       35.9258
  1.490       35.9417
  1.448       35.9268
  1.407       35.8651
  1.366       35.6456
  1.324       35.2933
  1.283       34.6744
  1.241       34.0519
  1.200       33.4361
  1.159       32.8301
  1.117       32.2348
  1.076       31.7082
  1.035       31.4066
  0.993       31.1342
  0.952       30.6956
  0.910       30.3095
  0.869       30.0013
  0.828       29.8096
  0.786       29.7608
  0.745       29.8375
  0.704       29.9934
  0.662       30.1962
  0.621       30.4254
  0.579       30.6643
  0.538       30.8937
  0.497       31.0581
  0.455       30.9041
  0.414       30.5084
  0.372       30.1238
  0.331       29.7511
  0.290       29.3898
  0.248       29.0412
  0.207       28.7054
  0.166       28.3825
  0.124       28.0742
  0.083       27.8397
  0.041       27.7400
  0.000       27.7024
#Band-index   31
  0.000       28.1504
  0.041       28.2446
  0.083       28.4410
  0.124       28.6816
  0.166       28.9491
  0.207       29.2370
  0.248       29.5413
  0.290       29.8590
  0.331       30.1858
  0.372       30.5131
  0.414       30.8193
  0.455       31.0401
  0.497       31.3116
  0.538       31.7298
  0.579       32.1592
  0.621       32.5594
  0.662       32.8948
  0.704       32.9921
  0.745       32.7813
  0.786       32.5237
  0.828       32.2681
  0.869       32.0232
  0.910       31.7943
  0.952       31.5887
  0.993       31.4272
  1.035       31.6100
  1.076       32.1131
  1.117       32.6374
  1.159       33.1773
  1.200       33.7271
  1.241       34.2788
  1.283       34.8171
  1.324       35.3078
  1.366       35.6771
  1.407       36.0414
  1.448       36.0167
  1.490       35.9690
  1.531       35.9577
  1.573       36.0468
  1.614       36.4028
  1.655       36.6093
  1.697       36.5117
  1.697       36.5117
  1.739       36.6174
  1.781       36.6537
  1.823       36.4998
  1.865       36.0955
  1.907       35.7110
  1.949       35.3564
  1.991       35.0622
  2.033       34.7221
  2.075       34.2252
  2.116       33.6880
  2.158       33.3605
  2.200       33.1600
  2.242       33.1057
  2.284       32.9937
  2.326       32.7283
  2.368       32.4754
  2.410       32.2338
  2.452       32.0030
  2.494       31.7816
  2.536       31.5671
  2.578       31.3552
  2.620       31.1396
  2.662       30.9070
  2.704       30.6464
  2.746       30.3853
  2.788       30.2316
  2.830       30.1801
  2.872       30.1347
  2.914       30.0793
  2.956       30.0215
  2.998       29.9681
  3.040       29.9238
  3.082       29.8909
  3.124       29.8708
  3.166       29.8640
  3.166       29.8640
  3.208       30.4242
  3.251       30.8516
  3.293       30.8787
  3.336       30.9176
  3.378       30.9689
  3.421       31.0273
  3.463       31.0983
  3.505       31.1798
  3.548       31.2702
  3.590       31.3712
  3.633       31.4801
  3.675       31.5972
  3.717       31.3583
  3.760       30.7879
  3.802       30.2283
  3.845       29.6850
  3.887       29.1653
  3.930       28.6858
  3.972       28.3005
  4.014       28.1504
#Band-index   32
  4.014       32.6761
  3.972       32.5459
  3.930       32.4090
  3.887       32.2689
  3.845       32.1281
  3.802       31.9883
  3.760       31.8512
  3.717       31.7215
  3.675       31.9336
  3.633       32.1395
  3.590       32.4031
  3.548       32.6722
  3.505       32.8663
  3.463       32.9435
  3.421       32.6112
  3.378       31.8620
  3.336       31.3009
  3.293       31.4036
  3.251       31.1407
  3.208       30.8350
  3.166       30.8294
  3.166       30.8294
  3.124       30.7783
  3.082       30.6505
  3.040       30.4916
  2.998       30.3393
  2.956       30.2230
  2.914       30.1609
  2.872       30.1638
  2.830       30.2323
  2.788       30.3621
  2.746       30.5491
  2.704       30.7900
  2.662       31.0792
  2.620       31.4063
  2.578       31.7546
  2.536       32.1020
  2.494       32.4217
  2.452       32.6867
  2.410       32.8786
  2.368       32.9942
  2.326       33.0516
  2.284       33.0778
  2.242       33.2724
  2.200       33.5655
  2.158       33.8759
  2.116       34.2124
  2.075       34.6184
  2.033       34.9367
  1.991       35.1133
  1.949       35.4877
  1.907       35.8630
  1.865       36.2400
  1.823       36.6051
  1.781       36.8135
  1.739       36.7990
  1.697       36.7327
  1.697       36.7327
  1.655       36.7811
  1.614       36.6250
  1.573       36.2352
  1.531       36.3088
  1.490       36.6371
  1.448       36.6829
  1.407       36.1537
  1.366       35.8448
  1.324       35.3408
  1.283       35.4894
  1.241       35.7200
  1.200       35.6593
  1.159       35.6641
  1.117       35.6955
  1.076       35.7254
  1.035       35.7281
  0.993       35.6748
  0.952       35.5378
  0.910       35.2515
  0.869       34.8922
  0.828       34.5494
  0.786       34.2322
  0.745       33.8638
  0.704       33.5127
  0.662       33.0509
  0.621       32.5996
  0.579       32.2021
  0.538       31.8599
  0.497       31.5473
  0.455       31.2802
  0.414       31.0799
  0.372       30.9729
  0.331       30.9782
  0.290       31.0909
  0.248       31.2835
  0.207       31.5245
  0.166       31.7891
  0.124       32.0554
  0.083       32.3051
  0.041       32.5185
  0.000       32.6761
#Band-index   33
  0.000       32.6767
  0.041       32.7926
  0.083       32.8961
  0.124       32.9820
  0.166       33.0488
  0.207       33.0940
  0.248       33.1169
  0.290       33.1206
  0.331       32.9102
  0.372       32.5722
  0.414       32.2851
  0.455       32.1129
  0.497       32.1725
  0.538       32.4436
  0.579       32.8088
  0.621       33.2137
  0.662       33.4973
  0.704       33.5359
  0.745       33.9477
  0.786       34.2504
  0.828       34.6362
  0.869       34.9977
  0.910       35.3068
  0.952       35.6144
  0.993       35.9608
  1.035       36.2582
  1.076       36.4572
  1.117       36.5073
  1.159       36.3944
  1.200       36.1510
  1.241       35.8259
  1.283       35.8987
  1.324       36.2303
  1.366       36.3847
  1.407       36.7581
  1.448       36.8424
  1.490       36.7845
  1.531       36.7355
  1.573       36.6957
  1.614       36.6619
  1.655       37.0457
  1.697       37.6141
  1.697       37.6141
  1.739       37.0528
  1.781       36.9100
  1.823       36.6409
  1.865       36.5480
  1.907       36.6858
  1.949       36.4624
  1.991       35.9228
  2.033       35.2107
  2.075       35.1423
  2.116       35.2333
  2.158       35.1809
  2.200       35.1389
  2.242       35.0966
  2.284       35.0505
  2.326       35.0007
  2.368       34.9361
  2.410       34.8187
  2.452       34.6167
  2.494       34.0708
  2.536       33.4981
  2.578       32.9572
  2.620       32.4628
  2.662       32.0395
  2.704       31.7208
  2.746       31.5358
  2.788       31.4923
  2.830       31.5749
  2.872       31.7546
  2.914       32.0011
  2.956       32.2885
  2.998       32.3851
  3.040       32.2431
  3.082       32.1063
  3.124       31.9978
  3.166       31.9541
  3.166       31.9541
  3.208       31.8462
  3.251       31.6717
  3.293       31.8832
  3.336       32.3611
  3.378       32.7274
  3.421       32.9034
  3.463       33.3382
  3.505       33.7231
  3.548       33.5074
  3.590       33.0466
  3.633       32.5038
  3.675       31.9698
  3.717       31.9570
  3.760       32.0894
  3.802       32.2955
  3.845       32.5034
  3.887       32.6661
  3.930       32.7562
  3.972       32.7600
  4.014       32.6767
#Band-index   34
  4.014       36.0878
  3.972       35.8551
  3.930       35.6347
  3.887       35.4270
  3.845       35.2317
  3.802       35.0486
  3.760       34.8778
  3.717       34.7193
  3.675       34.5732
  3.633       34.4389
  3.590       34.3166
  3.548       34.2064
  3.505       34.1080
  3.463       34.0211
  3.421       33.9464
  3.378       33.7671
  3.336       32.9665
  3.293       32.2539
  3.251       32.2701
  3.208       32.7631
  3.166       33.0524
  3.166       33.0524
  3.124       33.0659
  3.082       33.1053
  3.040       32.9323
  2.998       32.6017
  2.956       32.5251
  2.914       32.6602
  2.872       32.7937
  2.830       32.9288
  2.788       33.0677
  2.746       33.2121
  2.704       33.3660
  2.662       33.5312
  2.620       33.7107
  2.578       33.9079
  2.536       34.1286
  2.494       34.3704
  2.452       34.6668
  2.410       35.2799
  2.368       35.8917
  2.326       36.1559
  2.284       36.4322
  2.242       36.6318
  2.200       36.4273
  2.158       36.0175
  2.116       35.5561
  2.075       35.3245
  2.033       35.5208
  1.991       35.9267
  1.949       36.6605
  1.907       36.7777
  1.865       36.7288
  1.823       36.6917
  1.781       36.9177
  1.739       37.2348
  1.697       37.6149
  1.697       37.6149
  1.655       37.2364
  1.614       37.2318
  1.573       37.4603
  1.531       37.3788
  1.490       37.1303
  1.448       37.0784
  1.407       36.9025
  1.366       36.6921
  1.324       36.3824
  1.283       36.4664
  1.241       36.5745
  1.200       36.6959
  1.159       36.8251
  1.117       36.9352
  1.076       36.9846
  1.035       36.9776
  0.993       36.8597
  0.952       36.4370
  0.910       35.9514
  0.869       35.4536
  0.828       34.9574
  0.786       34.4672
  0.745       33.9850
  0.704       33.7014
  0.662       33.5349
  0.621       33.3370
  0.579       33.2195
  0.538       33.1417
  0.497       33.0989
  0.455       33.0824
  0.414       33.0850
  0.372       33.0977
  0.331       33.1127
  0.290       33.2773
  0.248       33.6650
  0.207       34.0690
  0.166       34.4860
  0.124       34.9126
  0.083       35.3422
  0.041       35.7568
  0.000       36.0878
#Band-index   35
  0.000       36.0883
  0.041       36.3272
  0.083       36.5778
  0.124       36.8394
  0.166       37.0506
  0.207       37.2279
  0.248       37.0757
  0.290       36.6925
  0.331       36.2989
  0.372       35.9087
  0.414       35.5264
  0.455       35.1538
  0.497       34.7925
  0.538       34.4435
  0.579       34.1093
  0.621       33.7963
  0.662       33.6388
  0.704       34.0755
  0.745       34.5190
  0.786       34.9640
  0.828       35.4063
  0.869       35.8381
  0.910       36.2464
  0.952       36.6032
  0.993       36.8633
  1.035       37.0874
  1.076       37.0651
  1.117       36.9538
  1.159       36.8636
  1.200       36.7880
  1.241       36.7222
  1.283       36.6826
  1.324       36.7015
  1.366       36.8350
  1.407       37.2078
  1.448       37.3531
  1.490       37.7997
  1.531       37.8060
  1.573       37.7063
  1.614       37.4398
  1.655       37.2432
  1.697       37.6437
  1.697       37.6433
  1.739       37.3368
  1.781       36.9504
  1.823       36.8817
  1.865       37.3561
  1.907       37.3468
  1.949       36.8397
  1.991       36.9087
  2.033       36.9889
  2.075       37.0793
  2.116       37.1798
  2.158       37.2887
  2.200       37.0200
  2.242       36.7206
  2.284       36.5731
  2.326       36.3931
  2.368       35.9033
  2.410       35.6395
  2.452       35.3983
  2.494       35.1697
  2.536       34.9525
  2.578       34.7455
  2.620       34.5505
  2.662       34.3661
  2.704       34.1918
  2.746       34.0280
  2.788       33.8731
  2.830       33.7277
  2.872       33.5921
  2.914       33.4665
  2.956       33.3527
  2.998       33.2517
  3.040       33.1684
  3.082       33.2653
  3.124       33.5719
  3.166       33.7395
  3.166       33.7395
  3.208       33.7077
  3.251       33.5878
  3.293       33.6056
  3.336       33.7872
  3.378       33.8829
  3.421       34.3388
  3.463       34.3625
  3.505       34.5663
  3.548       34.6901
  3.590       34.6868
  3.633       34.8003
  3.675       35.0025
  3.717       35.1958
  3.760       35.3398
  3.802       35.5008
  3.845       35.6753
  3.887       35.8583
  3.930       36.0372
  3.972       36.1665
  4.014       36.0883
#Band-index   36
  4.014       36.5964
  3.972       36.6316
  3.930       36.7162
  3.887       36.7272
  3.845       36.4478
  3.802       36.0289
  3.760       35.6260
  3.717       35.2800
  3.675       35.0725
  3.633       34.9749
  3.590       34.9105
  3.548       34.8637
  3.505       34.8455
  3.463       35.1536
  3.421       34.6731
  3.378       34.2051
  3.336       33.8311
  3.293       33.7908
  3.251       33.7622
  3.208       33.7452
  3.166       33.8576
  3.166       33.8576
  3.124       33.8642
  3.082       33.8841
  3.040       33.9172
  2.998       33.9635
  2.956       34.0230
  2.914       34.0957
  2.872       34.1815
  2.830       34.2805
  2.788       34.3926
  2.746       34.5176
  2.704       34.6556
  2.662       34.8063
  2.620       34.9697
  2.578       35.1453
  2.536       35.3331
  2.494       35.5319
  2.452       35.7408
  2.410       35.8387
  2.368       36.1097
  2.326       36.5056
  2.284       36.9351
  2.242       37.3058
  2.200       37.3986
  2.158       37.3329
  2.116       37.6574
  2.075       37.9932
  2.033       38.3379
  1.991       38.0202
  1.949       37.4903
  1.907       37.4717
  1.865       37.7013
  1.823       37.4680
  1.781       37.0791
  1.739       37.3724
  1.697       37.6543
  1.697       37.6580
  1.655       37.5397
  1.614       37.4904
  1.573       37.7743
  1.531       37.8721
  1.490       37.8337
  1.448       37.5874
  1.407       37.2209
  1.366       37.0317
  1.324       37.1077
  1.283       37.2095
  1.241       37.3249
  1.200       37.4523
  1.159       37.5899
  1.117       37.7332
  1.076       37.8693
  1.035       37.9528
  0.993       37.8249
  0.952       37.9838
  0.910       37.8849
  0.869       37.8848
  0.828       37.9550
  0.786       38.0708
  0.745       38.2125
  0.704       38.3645
  0.662       38.5130
  0.621       38.6407
  0.579       38.7305
  0.538       38.7632
  0.497       38.7256
  0.455       38.6157
  0.414       38.4475
  0.372       38.2392
  0.331       38.0087
  0.290       37.7705
  0.248       37.5496
  0.207       37.3949
  0.166       37.1120
  0.124       36.8714
  0.083       36.7263
  0.041       36.6303
  0.000       36.5964
