#K-Path  Band-1   Band-2   Band-3   Band-4      ...   Band-n
  0.00  -12.590  -12.590  -10.527   -0.000    0.000   10.613   12.873   12.873   13.468   15.071   15.071   15.141   15.142   15.609   16.268   16.713   16.714   18.137   18.868   18.870   20.722   20.722   20.767   21.949   24.776   24.923   24.924   27.248   27.250   27.702   28.150   32.676   32.677   36.088   36.088   36.596
  0.04  -12.777  -12.423  -10.498   -0.232    0.230   10.622   12.718   12.941   13.459   14.750   14.923   15.299   15.338   15.633   16.335   16.694   16.851   18.133   18.583   19.130   20.509   20.816   20.953   22.000   24.665   24.759   25.161   26.928   27.506   27.740   28.245   32.519   32.793   35.757   36.327   36.630
  0.08  -13.002  -12.249  -10.419   -0.477    0.471   10.649   12.437   12.984   13.437   14.368   14.597   15.469   15.617   15.708   16.471   16.817   17.027   18.103   18.270   19.403   20.369   20.935   21.196   22.126   24.371   24.708   25.407   26.549   27.782   27.840   28.441   32.305   32.896   35.342   36.578   36.726
  0.12  -13.251  -12.067  -10.304   -0.732    0.721   10.687   12.082   13.002   13.386   13.977   14.213   15.657   15.835   15.908   16.599   16.984   17.236   17.989   18.032   19.686   20.346   21.092   21.447   22.299   24.066   24.618   25.660   26.173   27.982   28.074   28.682   32.055   32.982   34.913   36.839   36.871
  0.17  -13.516  -11.877  -10.161   -0.995    0.982   10.727   11.691   12.996   13.285   13.602   13.814   15.866   16.005   16.212   16.635   17.102   17.474   17.820   17.965   19.982   20.445   21.258   21.703   22.501   23.773   24.516   25.827   25.921   28.152   28.383   28.949   31.789   33.049   34.486   37.051   37.112
  0.21  -13.789  -11.680   -9.998   -1.266    1.251   10.754   11.286   12.967   13.104   13.260   13.450   16.097   16.208   16.508   16.527   17.063   17.736   17.840   18.020   20.289   20.635   21.406   21.958   22.716   23.520   24.398   25.531   26.188   28.331   28.705   29.237   31.524   33.094   34.069   37.228   37.395
  0.25  -14.065  -11.475   -9.819   -1.542    1.530   10.750   10.876   12.797   12.920   12.973   13.174   16.257   16.349   16.412   16.854   16.885   18.009   18.019   18.217   20.606   20.865   21.499   22.200   22.926   23.348   24.260   25.307   26.458   28.503   29.041   29.541   31.283   33.117   33.665   37.076   37.550
  0.29  -14.342  -11.264   -9.627   -1.820    1.816   10.467   10.692   12.415   12.759   12.857   12.953   15.959   16.416   16.622   16.855   17.194   18.256   18.320   18.491   20.933   21.094   21.495   22.408   23.115   23.299   24.147   25.189   26.731   28.645   29.390   29.859   31.091   33.121   33.277   36.693   37.771
  0.33  -14.616  -11.044   -9.424   -2.101    2.113   10.064   10.562   12.016   12.630   12.736   12.785   15.658   16.135   16.912   17.101   17.544   18.538   18.636   18.804   21.272   21.277   21.386   22.542   23.279   23.386   24.101   25.197   27.005   28.727   29.751   30.186   30.978   32.910   33.113   36.299   38.009
  0.37  -14.888  -10.818   -9.212   -2.382    2.417    9.668   10.360   11.618   12.512   12.576   12.701   15.379   15.798   17.216   17.410   17.907   18.833   18.963   19.141   21.210   21.373   21.619   22.555   23.441   23.580   24.158   25.330   27.278   28.724   30.124   30.513   30.973   32.572   33.098   35.909   38.239
  0.41  -15.155  -10.585   -8.991   -2.662    2.729    9.281   10.105   11.227   12.283   12.566   12.612   15.141   15.451   17.531   17.747   18.280   19.122   19.298   19.497   21.017   21.365   21.976   22.456   23.640   23.842   24.343   25.561   27.548   28.633   30.508   30.819   31.080   32.285   33.085   35.526   38.448
  0.46  -15.417  -10.345   -8.764   -2.940    3.049    8.903    9.817   10.846   12.050   12.517   12.561   14.965   15.103   17.851   18.104   18.665   19.367   19.633   19.865   20.867   21.262   22.280   22.342   23.887   24.147   24.613   25.850   27.810   28.474   30.904   31.040   31.280   32.113   33.082   35.154   38.616
  0.50  -15.673  -10.098   -8.530   -3.215    3.377    8.537    9.512   10.474   11.815   12.418   12.525   14.759   14.871   18.167   18.478   19.060   19.504   19.956   20.238   20.837   21.101   22.090   22.716   24.174   24.478   24.941   26.169   28.063   28.276   31.058   31.312   31.547   32.172   33.099   34.792   38.726
  0.54  -15.922   -9.844   -8.292   -3.486    3.710    8.181    9.199   10.115   11.582   12.315   12.436   14.422   14.870   18.460   18.868   19.464   19.485   20.243   20.559   20.965   20.983   21.939   23.095   24.486   24.824   25.305   26.498   28.063   28.302   30.894   31.730   31.860   32.444   33.142   34.443   38.763
  0.58  -16.164   -9.585   -8.048   -3.751    4.049    7.836    8.886    9.766   11.351   12.211   12.292   14.093   14.955   18.699   19.268   19.354   19.879   20.462   20.533   21.166   21.269   21.908   23.480   24.809   25.172   25.695   26.825   27.858   28.527   30.664   32.159   32.202   32.809   33.220   34.109   38.730
  0.62  -16.400   -9.319   -7.800   -4.011    4.395    7.503    8.576    9.430   11.124   12.104   12.105   13.774   15.106   18.828   19.177   19.671   20.301   20.324   20.624   21.564   21.632   22.050   23.869   25.131   25.504   26.108   27.142   27.684   28.737   30.425   32.559   32.600   33.214   33.337   33.796   38.641
  0.66  -16.627   -9.048   -7.550   -4.265    4.745    7.182    8.273    9.106   10.901   11.887   11.997   13.465   15.301   18.792   18.998   19.931   20.241   20.732   20.815   21.995   22.037   22.337   24.260   25.434   25.788   26.539   27.438   27.579   28.934   30.196   32.895   33.051   33.497   33.535   33.639   38.513
  0.70  -16.847   -8.771   -7.297   -4.512    5.100    6.873    7.977    8.794   10.685   11.654   11.888   13.166   15.515   18.596   18.840   19.751   20.605   21.092   21.169   22.442   22.469   22.711   24.652   25.714   25.973   26.986   27.597   27.711   29.121   29.993   32.992   33.513   33.536   33.701   34.076   38.365
  0.74  -17.059   -8.488   -7.042   -4.752    5.460    6.576    7.691    8.494   10.478   11.414   11.777   12.878   15.724   18.295   18.724   19.507   21.044   21.451   21.612   22.899   22.918   23.137   25.041   25.961   26.023   27.449   27.774   27.950   29.306   29.837   32.781   33.864   33.948   33.985   34.519   38.213
  0.79  -17.263   -8.201   -6.786   -4.984    5.821    6.291    7.415    8.207   10.279   11.173   11.666   12.601   15.904   17.927   18.671   19.260   21.498   21.862   22.057   23.364   23.376   23.596   25.425   25.970   26.166   27.927   28.086   28.129   29.497   29.761   32.524   34.232   34.250   34.467   34.964   38.071
  0.83  -17.458   -7.910   -6.530   -5.207    6.019    6.183    7.149    7.933   10.088   10.935   11.551   12.336   16.032   17.524   18.702   19.017   21.958   22.312   22.502   23.833   23.835   24.079   25.803   25.872   26.331   28.209   28.419   28.482   29.702   29.810   32.268   34.549   34.636   34.957   35.406   37.955
  0.87  -17.645   -7.615   -6.276   -5.422    5.759    6.545    6.894    7.671    9.905   10.702   11.432   12.083   16.093   17.097   18.782   18.829   22.416   22.788   22.943   24.270   24.298   24.583   25.786   26.172   26.461   28.176   28.925   28.925   29.931   30.001   32.023   34.892   34.998   35.454   35.838   37.885
  0.91  -17.823   -7.317   -6.023   -5.629    5.512    6.651    6.906    7.422    9.733   10.476   11.310   11.841   16.088   16.666   18.556   19.050   22.863   23.288   23.376   24.624   24.752   25.104   25.789   26.535   26.574   28.064   29.396   29.445   30.192   30.310   31.794   35.251   35.307   35.951   36.246   37.885
  0.95  -17.993   -7.017   -5.826   -5.773    5.277    6.420    7.185    7.266    9.570   10.259   11.183   11.611   16.030   16.233   18.338   19.347   23.287   23.798   23.807   24.797   25.179   25.642   25.988   26.693   26.895   27.922   29.880   29.977   30.492   30.696   31.589   35.538   35.614   36.437   36.603   37.984
  0.99  -18.154   -6.715   -6.013   -5.526    5.055    6.200    6.961    7.623    9.417   10.052   11.049   11.393   15.806   15.937   18.132   19.701   23.661   24.200   24.343   24.799   25.569   26.195   26.382   26.829   27.259   27.808   30.349   30.523   30.833   31.134   31.427   35.675   35.961   36.860   36.863   37.825
  1.03  -18.306   -6.412   -6.191   -5.285    4.845    5.993    6.750    7.975    9.276    9.855   10.908   11.187   15.395   15.823   17.935   20.095   23.955   24.578   24.726   24.895   25.926   26.763   26.876   26.927   27.636   27.827   30.704   31.081   31.215   31.407   31.610   35.728   36.258   36.978   37.087   37.953
  1.08  -18.449   -6.358   -6.109   -5.049    4.648    5.797    6.552    8.323    9.145    9.668   10.757   10.993   14.999   15.699   17.749   20.514   24.139   24.639   24.928   25.462   26.271   26.919   27.345   27.416   28.035   28.071   30.759   31.635   31.652   31.708   32.113   35.725   36.457   36.985   37.065   37.869
  1.12  -18.583   -6.516   -5.808   -4.820    4.463    5.614    6.366    8.665    9.024    9.492   10.595   10.811   14.626   15.570   17.575   20.945   24.204   24.562   25.249   26.044   26.521   26.962   27.941   27.981   28.463   28.486   30.659   32.091   32.185   32.235   32.637   35.695   36.507   36.935   36.954   37.733
  1.16  -18.708   -6.663   -5.510   -4.600    4.292    5.444    6.194    8.914    8.993    9.328   10.424   10.642   14.280   15.442   17.412   21.372   24.170   24.513   25.539   26.480   26.640   27.324   28.551   28.558   28.924   28.992   30.538   32.575   32.695   32.830   33.177   35.664   36.394   36.825   36.864   37.590
  1.20  -18.824   -6.800   -5.217   -4.390    4.132    5.285    6.034    8.815    9.175    9.307   10.237   10.484   13.963   15.318   17.260   21.775   24.064   24.512   25.802   26.346   27.249   27.827   29.131   29.175   29.420   29.549   30.438   33.080   33.191   33.436   33.727   35.659   36.151   36.696   36.788   37.452
  1.24  -18.931   -6.926   -4.930   -4.190    3.986    5.140    5.887    8.725    9.034    9.608   10.038   10.338   13.678   15.200   17.120   22.130   23.911   24.583   26.046   26.206   27.872   28.384   29.642   29.812   29.950   30.140   30.423   33.592   33.632   34.052   34.279   35.720   35.826   36.575   36.722   37.325
  1.28  -19.029   -7.042   -4.652   -4.003    3.852    5.006    5.752    8.647    8.905    9.829    9.894   10.205   13.427   15.090   16.991   22.411   23.733   24.750   26.073   26.278   28.508   28.975   29.893   30.462   30.510   30.690   30.755   33.966   34.071   34.674   34.817   35.489   35.899   36.466   36.683   37.210
  1.32  -19.117   -7.147   -4.386   -3.828    3.731    4.886    5.631    8.580    8.788    9.615   10.084   10.163   13.209   14.989   16.875   22.601   23.542   25.026   25.953   26.504   29.157   29.591   29.900   31.098   31.125   31.223   31.390   34.157   34.338   35.293   35.308   35.341   36.230   36.382   36.702   37.108
  1.37  -19.197   -7.241   -4.134   -3.669    3.623    4.778    5.522    8.520    8.683    9.398    9.975   10.410   13.021   14.896   16.770   22.711   23.346   25.398   25.847   26.726   29.818   29.856   30.226   31.710   31.801   31.821   32.041   34.140   34.223   35.646   35.677   35.845   36.385   36.692   36.835   37.032
  1.41  -19.267   -7.324   -3.900   -3.525    3.528    4.682    5.426    8.468    8.591    9.186    9.879   10.632   12.864   14.813   16.677   22.762   23.157   25.754   25.836   26.948   29.815   30.491   30.878   32.343   32.408   32.490   32.705   33.733   34.223   35.865   36.041   36.154   36.758   36.903   37.208   37.221
  1.45  -19.327   -7.397   -3.687   -3.398    3.445    4.600    5.343    8.427    8.510    8.983    9.795   10.831   12.734   14.741   16.596   22.780   22.983   25.674   26.308   27.171   29.796   31.176   31.543   32.900   32.986   33.190   33.296   33.380   34.250   35.927   36.017   36.683   36.842   37.078   37.353   37.587
  1.49  -19.379   -7.458   -3.498   -3.289    3.375    4.530    5.273    8.392    8.442    8.798    9.724   11.003   12.630   14.680   16.528   22.779   22.828   25.607   26.786   27.394   29.813   31.871   32.219   32.845   33.114   33.665   33.902   34.058   34.474   35.942   35.969   36.637   36.785   37.130   37.800   37.834
  1.53  -19.421   -7.508   -3.336   -3.198    3.318    4.472    5.215    8.366    8.386    8.636    9.665   11.149   12.548   14.629   16.472   22.695   22.770   25.552   27.238   27.612   29.885   32.441   32.577   32.900   32.985   34.339   34.622   34.726   34.929   35.926   35.958   36.309   36.736   37.379   37.806   37.872
  1.57  -19.454   -7.547   -3.207   -3.126    3.273    4.428    5.171    8.343    8.347    8.502    9.619   11.263   12.486   14.590   16.428   22.589   22.758   25.510   27.626   27.813   30.033   32.085   32.657   33.289   33.581   35.014   35.319   35.337   35.361   35.899   36.047   36.235   36.696   37.460   37.706   37.774
  1.61  -19.477   -7.575   -3.110   -3.075    3.241    4.396    5.139    8.312    8.333    8.403    9.586   11.347   12.443   14.561   16.397   22.511   22.748   25.480   27.914   27.983   30.277   31.802   32.234   34.003   34.245   35.474   35.626   35.670   35.794   36.120   36.403   36.625   36.662   37.232   37.440   37.490
  1.66  -19.491   -7.591   -3.052   -3.044    3.222    4.377    5.120    8.293    8.324    8.342    9.567   11.396   12.418   14.544   16.378   22.464   22.741   25.462   28.085   28.099   30.592   31.616   31.799   34.695   34.841   35.444   35.678   35.778   36.240   36.359   36.609   36.781   37.046   37.236   37.243   37.540
  1.70  -19.496   -7.596   -3.034   -3.033    3.216    4.371    5.113    8.287    8.320    8.321    9.560   11.410   12.409   14.540   16.372   22.448   22.741   25.456   28.140   28.140   30.802   31.551   31.551   35.154   35.154   35.427   35.656   35.656   36.087   36.505   36.512   36.733   37.614   37.615   37.644   37.658
  1.70  -19.496   -7.596   -3.034   -3.033    3.216    4.371    5.113    8.287    8.320    8.321    9.560   11.410   12.409   14.540   16.372   22.448   22.741   25.456   28.140   28.140   30.802   31.551   31.551   35.154   35.154   35.427   35.656   35.656   36.087   36.505   36.512   36.733   37.614   37.615   37.643   37.654
  1.74  -19.491   -7.591   -3.053   -3.044    3.222    4.377    5.120    8.293    8.324    8.340    9.567   11.394   12.418   14.545   16.378   22.464   22.741   25.462   28.085   28.096   30.588   31.617   31.805   34.654   34.890   35.444   35.539   35.928   36.231   36.310   36.617   36.799   37.053   37.235   37.337   37.372
  1.78  -19.477   -7.574   -3.113   -3.076    3.242    4.397    5.139    8.312    8.333    8.404    9.587   11.346   12.444   14.562   16.397   22.513   22.749   25.481   27.931   27.954   30.271   31.806   32.248   33.869   34.483   35.187   35.427   35.693   35.870   36.352   36.654   36.813   36.910   36.918   36.950   37.079
  1.82  -19.452   -7.545   -3.213   -3.127    3.275    4.430    5.172    8.344    8.344    8.508    9.621   11.260   12.488   14.591   16.430   22.593   22.759   25.512   27.704   27.704   30.037   32.090   32.679   33.047   34.068   34.763   34.818   35.084   35.647   36.326   36.500   36.605   36.641   36.692   36.882   37.468
  1.86  -19.419   -7.505   -3.349   -3.199    3.321    4.476    5.218    8.357    8.389    8.652    9.668   11.141   12.551   14.632   16.475   22.702   22.771   25.555   27.357   27.431   29.914   32.220   32.441   33.009   33.659   34.076   34.123   34.488   35.648   35.923   36.096   36.240   36.548   36.729   37.356   37.701
  1.91  -19.375   -7.454   -3.519   -3.287    3.380    4.534    5.278    8.368    8.447    8.834    9.728   10.993   12.634   14.684   16.532   22.781   22.838   25.611   26.946   27.131   29.882   31.398   32.835   32.968   33.260   33.308   33.583   34.075   35.495   35.520   35.711   35.863   36.686   36.778   37.347   37.472
  1.95  -19.323   -7.391   -3.722   -3.390    3.452    4.606    5.350    8.378    8.517    9.052    9.801   10.816   12.738   14.748   16.603   22.785   22.998   25.680   26.508   26.818   29.909   30.586   32.312   32.482   32.873   33.250   33.594   33.693   35.128   35.265   35.356   35.488   36.462   36.661   36.840   37.490
  1.99  -19.260   -7.316   -3.953   -3.506    3.537    4.692    5.435    8.384    8.599    9.304    9.887   10.611   12.864   14.822   16.686   22.774   23.177   25.762   26.073   26.499   29.786   29.965   31.558   31.664   32.498   33.326   33.611   33.645   34.749   34.986   35.062   35.113   35.923   35.927   36.909   38.020
  2.03  -19.188   -7.231   -4.209   -3.633    3.635    4.790    5.534    8.381    8.695    9.587    9.986   10.380   13.011   14.908   16.781   22.738   23.367   25.666   25.858   26.180   29.003   29.999   30.839   30.858   32.135   32.970   33.555   33.906   34.382   34.573   34.722   34.937   35.211   35.521   36.989   38.338
  2.07  -19.106   -7.134   -4.489   -3.770    3.746    4.901    5.646    8.372    8.802    9.899   10.097   10.127   13.177   15.004   16.889   22.663   23.562   25.309   25.865   25.968   28.240   29.775   30.068   30.385   31.785   32.624   33.442   33.864   34.011   34.029   34.225   34.618   35.142   35.324   37.079   37.993
  2.12  -19.015   -7.026   -4.789   -3.913    3.871    5.025    5.771    8.355    8.921    9.852   10.220   10.239   13.363   15.110   17.009   22.534   23.750   25.019   25.556   26.090   27.505   29.144   29.296   30.330   31.447   32.286   33.236   33.465   33.569   33.633   33.688   34.212   35.233   35.556   37.180   37.657
  2.16  -18.915   -6.907   -5.105   -4.061    4.008    5.162    5.909    8.329    9.048    9.561   10.356   10.603   13.567   15.226   17.142   22.341   23.912   24.804   25.256   26.217   26.816   28.446   28.547   30.310   31.122   31.949   32.713   32.880   33.257   33.351   33.360   33.876   35.181   36.017   37.289   37.333
  2.20  -18.805   -6.777   -5.437   -4.212    4.159    5.312    6.060    8.295    9.133    9.304   10.504   10.987   13.784   15.352   17.286   22.087   24.006   24.656   24.964   26.102   26.442   27.759   27.833   30.214   30.809   31.590   32.158   32.227   33.046   33.061   33.160   33.565   35.139   36.427   37.020   37.399
  2.24  -18.685   -6.636   -5.780   -4.366    4.322    5.474    6.224    8.257    8.881    9.383   10.665   11.397   14.014   15.486   17.442   21.787   23.970   24.552   24.682   25.605   26.551   27.109   27.193   29.997   30.510   31.145   31.684   31.686   32.745   32.775   33.106   33.272   35.097   36.632   36.721   37.306
  2.28  -18.557   -6.485   -6.134   -4.519    4.499    5.649    6.401    8.211    8.542    9.547   10.838   11.821   14.251   15.628   17.610   21.456   23.708   24.411   24.452   25.228   26.431   26.520   26.914   29.645   30.223   30.576   31.302   31.312   32.457   32.497   32.994   33.078   35.050   36.432   36.573   36.935
  2.33  -18.419   -6.496   -6.323   -4.671    4.689    5.835    6.591    8.161    8.186    9.728   11.024   12.258   14.495   15.777   17.790   21.108   23.243   24.151   24.297   24.880   26.033   26.083   27.062   29.192   29.948   29.962   31.002   31.019   32.181   32.229   32.728   33.052   35.001   36.156   36.393   36.506
  2.37  -18.271   -6.864   -6.151   -4.821    4.891    6.033    6.794    7.819    8.108    9.922   11.223   12.711   14.739   15.930   17.981   20.753   22.677   23.902   24.025   24.405   25.696   25.919   27.264   28.696   29.360   29.687   30.741   30.767   31.919   31.973   32.475   32.994   34.936   35.892   35.903   36.110
  2.41  -18.115   -7.236   -5.969   -4.968    5.107    6.238    7.009    7.450    8.054   10.130   11.433   13.175   14.976   16.087   18.184   20.397   22.076   23.626   23.666   23.830   25.502   25.875   27.456   28.206   28.814   29.438   30.505   30.532   31.671   31.729   32.234   32.879   34.819   35.280   35.639   35.839
  2.45  -17.949   -7.612   -5.778   -5.110    5.335    6.435    7.094    7.234    8.000   10.349   11.657   13.646   15.209   16.243   18.396   20.045   21.472   23.148   23.222   23.441   25.376   25.849   27.559   27.763   28.413   29.201   30.290   30.303   31.435   31.498   32.003   32.687   34.617   34.667   35.398   35.741
  2.49  -17.775   -7.989   -5.577   -5.248    5.576    6.487    6.890    7.467    7.952   10.580   11.892   14.128   15.421   16.394   18.619   19.699   20.880   22.613   22.645   23.229   25.236   25.773   27.411   27.424   28.330   28.977   30.073   30.096   31.212   31.279   31.782   32.422   34.071   34.370   35.170   35.532
  2.54  -17.591   -8.368   -5.379   -5.367    5.830    6.192    7.041    7.682    7.935   10.823   12.140   14.616   15.602   16.533   18.851   19.361   20.310   22.018   22.146   23.029   25.020   25.587   27.183   27.187   28.464   28.766   29.840   29.929   31.002   31.073   31.567   32.102   33.498   34.129   34.953   35.333
  2.58  -17.399   -8.747   -5.507   -5.149    5.812    6.096    7.286    7.760    8.070   11.076   12.401   15.105   15.735   16.648   19.035   19.087   19.773   21.449   21.671   22.841   24.714   25.268   27.012   27.094   28.566   28.634   29.600   29.797   30.805   30.881   31.355   31.755   32.957   33.908   34.746   35.145
  2.62  -17.198   -9.124   -5.625   -4.923    5.422    6.375    7.557    7.732    8.326   11.342   12.673   15.599   15.809   16.725   18.733   19.199   19.402   20.924   21.232   22.666   24.342   24.860   26.921   27.099   28.380   28.768   29.355   29.724   30.621   30.701   31.140   31.406   32.463   33.711   34.551   34.970
  2.66  -16.988   -9.499   -5.737   -4.690    5.029    6.665    7.689    7.845    8.614   11.617   12.958   15.796   16.088   16.734   18.468   18.773   19.606   20.466   20.839   22.504   23.941   24.408   26.871   27.156   28.206   28.821   29.105   29.729   30.450   30.535   30.907   31.079   32.040   33.531   34.366   34.806
  2.70  -16.770   -9.872   -5.840   -4.452    4.638    6.964    7.647    8.146    8.919   11.903   13.254   15.680   16.572   16.646   18.260   18.335   19.798   20.146   20.500   22.354   23.540   23.949   26.826   27.222   28.044   28.788   28.866   29.791   30.293   30.382   30.646   30.790   31.721   33.366   34.192   34.656
  2.75  -16.544  -10.241   -5.936   -4.209    4.253    7.262    7.621    8.461    9.238   12.197   13.562   15.456   16.449   17.048   17.900   18.111   19.694   20.221   20.225   22.218   23.162   23.508   26.775   27.245   27.895   28.667   28.699   29.828   30.148   30.242   30.385   30.549   31.536   33.212   34.028   34.518
  2.79  -16.310  -10.605   -6.024   -3.963    3.876    7.465    7.707    8.788    9.571   12.499   13.880   15.144   16.158   17.452   17.507   17.993   19.513   20.002   20.472   22.094   22.825   23.105   26.710   27.173   27.757   28.555   28.582   29.703   30.016   30.115   30.232   30.362   31.492   33.068   33.873   34.393
  2.83  -16.069  -10.964   -6.103   -3.716    3.509    7.474    8.001    9.127    9.918   12.808   14.207   14.768   15.803   16.984   17.870   17.947   19.372   19.838   20.731   21.983   22.546   22.761   26.617   26.982   27.631   28.451   28.546   29.428   29.896   30.002   30.180   30.232   31.575   32.929   33.728   34.281
  2.87  -15.821  -11.317   -6.173   -3.472    3.157    7.449    8.346    9.479   10.277   13.118   14.322   14.572   15.412   16.500   17.720   18.364   19.239   19.714   20.976   21.886   22.339   22.502   26.493   26.705   27.518   28.309   28.604   29.132   29.790   29.902   30.135   30.164   31.755   32.794   33.592   34.182
  2.91  -15.567  -11.662   -6.233   -3.234    2.825    7.422    8.709    9.841   10.649   13.422   13.889   14.910   15.011   16.009   17.535   18.751   19.077   19.612   21.185   21.801   22.214   22.360   26.342   26.387   27.417   28.162   28.680   28.871   29.697   29.815   30.079   30.161   32.001   32.660   33.466   34.096
  2.96  -15.308  -11.999   -6.285   -3.007    2.519    7.397    9.087   10.215   11.034   13.433   13.688   14.638   15.268   15.519   17.318   18.864   19.095   19.519   21.335   21.729   22.170   22.354   26.058   26.156   27.329   28.015   28.661   28.745   29.617   29.742   30.021   30.223   32.288   32.525   33.353   34.023
  3.00  -15.048  -12.323   -6.328   -2.800    2.243    7.375    9.476   10.599   11.431   12.970   13.763   14.449   15.026   15.639   17.073   18.592   19.385   19.431   21.418   21.670   22.194   22.462   25.739   25.942   27.254   27.876   28.501   28.785   29.551   29.682   29.968   30.339   32.385   32.602   33.252   33.963
  3.04  -14.791  -12.630   -6.361   -2.620    2.011    7.358    9.878   10.992   11.840   12.510   13.490   14.543   14.602   16.015   16.812   18.277   19.353   19.629   21.473   21.625   22.263   22.636   25.454   25.731   27.194   27.760   28.388   28.807   29.498   29.635   29.924   30.492   32.243   32.932   33.168   33.917
  3.08  -14.549  -12.907   -6.385   -2.479    1.832    7.346   10.291   11.393   12.046   12.268   13.097   14.068   14.860   16.396   16.552   17.928   19.292   19.813   21.512   21.592   22.347   22.813   25.222   25.539   27.150   27.675   28.314   28.816   29.461   29.601   29.891   30.650   32.106   33.105   33.265   33.884
  3.12  -14.353  -13.124   -6.399   -2.388    1.718    7.340   10.712   11.602   11.794   12.689   12.696   13.604   15.090   16.330   16.779   17.562   19.254   19.923   21.542   21.572   22.416   22.947   25.067   25.401   27.124   27.622   28.270   28.818   29.438   29.581   29.871   30.778   31.998   33.066   33.572   33.864
  3.17  -14.270  -13.215   -6.404   -2.356    1.679    7.337   11.079   11.225   12.090   12.389   13.088   13.200   15.192   16.231   17.099   17.247   19.240   19.960   21.551   21.566   22.443   22.997   25.013   25.349   27.115   27.605   28.256   28.819   29.430   29.575   29.864   30.829   31.954   33.052   33.740   33.858
  3.17  -14.270  -13.215   -6.404   -2.356    1.679    7.337   11.079   11.225   12.090   12.389   13.088   13.200   15.192   16.231   17.099   17.247   19.240   19.960   21.551   21.566   22.443   22.997   25.013   25.349   27.115   27.605   28.256   28.819   29.430   29.575   29.864   30.829   31.954   33.052   33.740   33.858
  3.21  -14.266  -13.210   -6.426   -2.350    1.678    7.367   11.085   11.232   12.089   12.396   13.094   13.206   15.180   16.238   17.099   17.252   19.187   19.933   21.584   21.625   22.449   22.991   25.047   25.353   26.633   27.822   28.328   28.378   29.040   29.982   30.424   30.835   31.846   32.763   33.708   33.745
  3.25  -14.254  -13.198   -6.493   -2.332    1.674    7.457   11.103   11.250   12.085   12.416   13.112   13.226   15.144   16.258   17.099   17.266   19.048   19.856   21.676   21.776   22.469   22.973   25.153   25.366   25.927   27.695   27.704   28.041   29.327   30.457   30.852   31.141   31.672   32.270   33.588   33.762
  3.29  -14.232  -13.177   -6.602   -2.303    1.665    7.604   11.132   11.281   12.075   12.449   13.143   13.258   15.083   16.291   17.098   17.289   18.867   19.754   21.813   21.970   22.500   22.941   25.202   25.331   25.387   26.997   27.112   27.809   29.960   30.405   30.879   31.404   31.883   32.254   33.606   33.791
  3.34  -14.203  -13.148   -6.749   -2.261    1.654    7.806   11.173   11.324   12.060   12.497   13.186   13.302   15.003   16.337   17.095   17.321   18.682   19.651   21.983   22.160   22.545   22.891   24.482   25.417   25.582   26.315   26.400   27.621   29.940   30.292   30.918   31.301   32.361   32.967   33.787   33.831
  3.38  -14.165  -13.112   -6.931   -2.206    1.637    8.057   11.225   11.380   12.033   12.557   13.241   13.359   14.906   16.398   17.088   17.362   18.517   19.549   22.177   22.308   22.603   22.812   23.780   25.455   25.654   25.680   25.912   27.419   29.372   29.888   30.969   31.862   32.727   33.767   33.883   34.205
  3.42  -14.119  -13.067   -7.145   -2.141    1.616    8.354   11.288   11.447   11.992   12.631   13.307   13.429   14.803   16.470   17.072   17.410   18.384   19.454   22.384   22.385   22.655   22.672   23.142   24.968   25.061   25.501   26.276   27.208   28.797   29.287   31.027   32.611   32.903   33.946   34.339   34.673
  3.46  -14.064  -13.015   -7.385   -2.064    1.587    8.691   11.362   11.527   11.933   12.719   13.385   13.512   14.703   16.556   17.047   17.465   18.288   19.378   22.223   22.353   22.600   22.754   22.768   24.270   24.548   25.552   26.647   27.000   28.275   28.664   31.098   32.943   33.338   34.021   34.363   35.154
  3.51  -14.001  -12.956   -7.646   -1.974    1.551    9.064   11.447   11.618   11.851   12.820   13.475   13.606   14.619   16.656   17.014   17.525   18.228   19.334   21.589   22.175   22.573   22.829   22.849   23.594   24.158   25.614   26.795   26.862   27.963   28.059   31.180   32.866   33.723   34.108   34.566   34.846
  3.55  -13.929  -12.890   -7.926   -1.873    1.506    9.465   11.541   11.721   11.747   12.934   13.576   13.713   14.559   16.769   16.968   17.589   18.199   19.309   20.934   21.841   22.355   22.957   22.967   23.054   23.896   25.682   26.565   26.677   27.515   28.094   31.270   32.672   33.507   34.206   34.690   34.864
  3.59  -13.849  -12.819   -8.218   -1.759    1.449    9.890   11.622   11.646   11.835   13.062   13.687   13.832   14.531   16.895   16.910   17.654   18.193   19.314   20.285   21.394   21.994   22.486   23.077   23.279   23.710   25.757   26.240   26.298   27.115   28.450   31.371   32.403   33.047   34.317   34.687   34.911
  3.63  -13.760  -12.743   -8.520   -1.635    1.380   10.333   11.481   11.759   11.961   13.203   13.809   13.962   14.538   16.844   17.034   17.717   18.202   19.350   19.651   20.896   21.444   22.198   23.209   23.506   23.525   25.775   25.841   25.938   26.908   28.798   31.480   32.140   32.504   34.439   34.800   34.975
  3.68  -13.664  -12.664   -8.826   -1.499    1.296   10.785   11.332   11.880   12.097   13.357   13.939   14.104   14.577   16.775   17.186   17.772   18.209   19.035   19.415   20.392   20.840   21.976   23.284   23.353   23.729   25.235   25.664   25.934   26.829   29.026   31.597   31.934   31.970   34.573   35.003   35.073
  3.72  -13.558  -12.584   -9.131   -1.351    1.197   11.183   11.237   12.008   12.246   13.525   14.078   14.256   14.646   16.702   17.351   17.806   18.188   18.450   19.505   19.927   20.237   21.776   22.969   23.510   23.937   24.676   25.492   26.035   26.824   29.070   31.358   31.721   31.957   34.719   35.196   35.280
  3.76  -13.445  -12.506   -9.431   -1.192    1.081   11.041   11.676   12.141   12.409   13.706   14.223   14.419   14.741   16.635   17.529   17.710   18.002   18.087   19.556   19.620   19.651   21.596   22.589   23.677   24.123   24.142   25.406   26.151   26.866   28.933   30.788   31.851   32.089   34.878   35.340   35.626
  3.80  -13.323  -12.437   -9.717   -1.020    0.946   10.914   12.079   12.277   12.596   13.901   14.373   14.591   14.857   16.582   17.249   17.720   17.854   17.919   19.097   19.334   19.759   21.442   22.174   23.587   23.858   24.324   25.373   26.280   26.945   28.682   30.228   31.988   32.296   35.049   35.501   36.029
  3.84  -13.193  -12.384   -9.981   -0.838    0.793   10.806   12.407   12.412   12.824   14.108   14.526   14.771   14.986   16.545   16.747   17.497   17.855   17.924   18.611   19.249   19.917   21.315   21.755   23.083   24.049   24.486   25.359   26.428   27.051   28.390   29.685   32.128   32.503   35.232   35.675   36.448
  3.89  -13.055  -12.358  -10.209   -0.645    0.621   10.720   12.545   12.638   13.084   14.329   14.680   14.952   15.116   16.288   16.534   17.084   17.652   18.141   18.292   19.226   20.094   21.208   21.363   22.627   24.252   24.615   25.332   26.597   27.176   28.111   29.165   32.269   32.666   35.427   35.858   36.727
  3.93  -12.908  -12.377  -10.384   -0.441    0.431   10.660   12.669   12.795   13.308   14.563   14.834   15.119   15.222   15.909   16.555   16.681   17.293   18.175   18.371   19.191   20.288   21.040   21.098   22.255   24.465   24.702   25.263   26.790   27.301   27.887   28.686   32.409   32.756   35.635   36.037   36.716
  3.97  -12.753  -12.452  -10.492   -0.226    0.223   10.624   12.780   12.885   13.437   14.811   14.986   15.214   15.239   15.668   16.375   16.613   16.936   18.142   18.613   19.083   20.498   20.833   20.940   22.021   24.689   24.758   25.129   27.007   27.373   27.748   28.300   32.546   32.760   35.855   36.166   36.632
  4.01  -12.590  -12.590  -10.527   -0.000    0.000   10.613   12.873   12.873   13.468   15.071   15.071   15.141   15.142   15.609   16.268   16.713   16.714   18.137   18.868   18.870   20.722   20.722   20.767   21.949   24.776   24.923   24.924   27.248   27.250   27.702   28.150   32.676   32.677   36.088   36.088   36.596
