# comment line (in GPa)
    228.38   85.741   81.503        0   -0.737        0  
    85.741   217.47   94.201        0  -20.213        0  
    81.503   94.201   178.81        0   -9.472        0  
         0        0        0   35.094        0  -17.851  
    -0.737  -20.213   -9.472        0   37.778        0  
         0        0        0  -17.851        0   42.708  



   1050.640    126.640    126.640      0.000      0.000      0.000
    126.640   1050.640    126.640      0.000      0.000      0.000
    126.640    126.640   1050.640      0.000      0.000      0.000
      0.000      0.000      0.000    559.861      0.000      0.000
      0.000      0.000      0.000      0.000    559.861      0.000
      0.000      0.000      0.000      0.000      0.000    559.861
