  PAW Fe                                 
 100
Core Pot   L  =         .00000   -.31252
  -.30000000E+01  .14376258E+01
  -.29500000E+01  .14203369E+01
  -.29000000E+01  .14028755E+01
  -.28500000E+01  .13852368E+01
  -.28000000E+01  .13674157E+01
  -.27500000E+01  .13494072E+01
  -.27000000E+01  .13312059E+01
  -.26500000E+01  .13128063E+01
  -.26000000E+01  .12942026E+01
  -.25500000E+01  .12753889E+01
  -.25000000E+01  .12563589E+01
  -.24500000E+01  .12371062E+01
  -.24000000E+01  .12176240E+01
  -.23500000E+01  .11979053E+01
  -.23000000E+01  .11779428E+01
  -.22500000E+01  .11577289E+01
  -.22000000E+01  .11372555E+01
  -.21500000E+01  .11165144E+01
  -.21000000E+01  .10954968E+01
  -.20500000E+01  .10741936E+01
  -.20000000E+01  .10525954E+01
  -.19500000E+01  .10306920E+01
  -.19000000E+01  .10084731E+01
  -.18500000E+01  .98592769E+00
  -.18000000E+01  .96304424E+00
  -.17500000E+01  .93981066E+00
  -.17000000E+01  .91621426E+00
  -.16500000E+01  .89224168E+00
  -.16000000E+01  .86787886E+00
  -.15500000E+01  .84311099E+00
  -.15000000E+01  .81792246E+00
  -.14500000E+01  .79229683E+00
  -.14000000E+01  .76621671E+00
  -.13500000E+01  .73966375E+00
  -.13000000E+01  .71261854E+00
  -.12500000E+01  .68506055E+00
  -.12000000E+01  .65696801E+00
  -.11500000E+01  .62831786E+00
  -.11000000E+01  .59908564E+00
  -.10500000E+01  .56924534E+00
  -.10000000E+01  .53876932E+00
  -.95000000E+00  .50762818E+00
  -.90000000E+00  .47579057E+00
  -.85000000E+00  .44322308E+00
  -.80000000E+00  .40989001E+00
  -.75000000E+00  .37575321E+00
  -.70000000E+00  .34077186E+00
  -.65000000E+00  .30490222E+00
  -.60000000E+00  .26809734E+00
  -.55000000E+00  .23030682E+00
  -.50000000E+00  .19147640E+00
  -.45000000E+00  .15154766E+00
  -.40000000E+00  .11045756E+00
  -.35000000E+00  .68137999E-01
  -.30000000E+00  .24515265E-01
  -.25000000E+00 -.20490530E-01
  -.20000000E+00 -.66966127E-01
  -.15000000E+00 -.11500588E+00
  -.10000000E+00 -.16471260E+00
  -.50000000E-01 -.21619854E+00
  -.22898350E-14 -.26958650E+00
   .50000000E-01 -.32501113E+00
   .10000000E+00 -.38262035E+00
   .15000000E+00 -.44257706E+00
   .20000000E+00 -.50506111E+00
   .25000000E+00 -.57027153E+00
   .30000000E+00 -.63842921E+00
   .35000000E+00 -.70977992E+00
   .40000000E+00 -.78459803E+00
   .45000000E+00 -.86319070E+00
   .50000000E+00 -.94590302E+00
   .55000000E+00 -.10331240E+01
   .60000000E+00 -.11252938E+01
   .65000000E+00 -.12229126E+01
   .70000000E+00 -.13265509E+01
   .75000000E+00 -.14368625E+01
   .80000000E+00 -.15546005E+01
   .85000000E+00 -.16806365E+01
   .90000000E+00 -.18159853E+01
   .95000000E+00 -.19618354E+01
   .10000000E+01 -.21195875E+01
   .10500000E+01 -.22909050E+01
   .11000000E+01 -.24777776E+01
   .11500000E+01 -.26826064E+01
   .12000000E+01 -.29083153E+01
   .12500000E+01 -.31585021E+01
   .13000000E+01 -.34376443E+01
   .13500000E+01 -.37513856E+01
   .14000000E+01 -.41069419E+01
   .14500000E+01 -.45136906E+01
   .15000000E+01 -.49840445E+01
   .15500000E+01 -.55347890E+01
   .16000000E+01 -.61891933E+01
   .16500000E+01 -.69804761E+01
   .17000000E+01 -.79577601E+01
   .17500000E+01 -.91968842E+01
   .18000000E+01 -.10821425E+02
   .18500000E+01 -.13047273E+02
   .19000000E+01 -.16288629E+02
   .19500000E+01 -.21453592E+02
   .20000000E+01 -.30992959E+02
Potential  L  =         .00000   -.31252
  -.30000000E+01  .14640868E+01
  -.29500000E+01  .14474103E+01
  -.29000000E+01  .14305616E+01
  -.28500000E+01  .14135358E+01
  -.28000000E+01  .13963277E+01
  -.27500000E+01  .13789319E+01
  -.27000000E+01  .13613428E+01
  -.26500000E+01  .13435546E+01
  -.26000000E+01  .13255610E+01
  -.25500000E+01  .13073558E+01
  -.25000000E+01  .12889321E+01
  -.24500000E+01  .12702827E+01
  -.24000000E+01  .12514004E+01
  -.23500000E+01  .12322772E+01
  -.23000000E+01  .12129049E+01
  -.22500000E+01  .11932748E+01
  -.22000000E+01  .11733779E+01
  -.21500000E+01  .11532044E+01
  -.21000000E+01  .11327443E+01
  -.20500000E+01  .11119869E+01
  -.20000000E+01  .10909207E+01
  -.19500000E+01  .10695338E+01
  -.19000000E+01  .10478135E+01
  -.18500000E+01  .10257463E+01
  -.18000000E+01  .10033179E+01
  -.17500000E+01  .98051324E+00
  -.17000000E+01  .95731604E+00
  -.16500000E+01  .93370915E+00
  -.16000000E+01  .90967426E+00
  -.15500000E+01  .88519181E+00
  -.15000000E+01  .86024091E+00
  -.14500000E+01  .83479921E+00
  -.14000000E+01  .80884276E+00
  -.13500000E+01  .78234589E+00
  -.13000000E+01  .75528100E+00
  -.12500000E+01  .72761841E+00
  -.12000000E+01  .69932615E+00
  -.11500000E+01  .67036969E+00
  -.11000000E+01  .64071174E+00
  -.10500000E+01  .61031192E+00
  -.10000000E+01  .57912639E+00
  -.95000000E+00  .54710756E+00
  -.90000000E+00  .51420359E+00
  -.85000000E+00  .48035793E+00
  -.80000000E+00  .44550874E+00
  -.75000000E+00  .40958830E+00
  -.70000000E+00  .37252220E+00
  -.65000000E+00  .33422855E+00
  -.60000000E+00  .29461697E+00
  -.55000000E+00  .25358745E+00
  -.50000000E+00  .21102902E+00
  -.45000000E+00  .16681818E+00
  -.40000000E+00  .12081707E+00
  -.35000000E+00  .72871267E-01
  -.30000000E+00  .22807246E-01
  -.25000000E+00 -.29570739E-01
  -.20000000E+00 -.84484343E-01
  -.15000000E+00 -.14218560E+00
  -.10000000E+00 -.20296236E+00
  -.50000000E-01 -.26714492E+00
  -.22898350E-14 -.33511421E+00
   .50000000E-01 -.40731191E+00
   .10000000E+00 -.48425317E+00
   .15000000E+00 -.56654260E+00
   .20000000E+00 -.65489465E+00
   .25000000E+00 -.75015984E+00
   .30000000E+00 -.85335890E+00
   .35000000E+00 -.96572771E+00
   .40000000E+00 -.10887773E+01
   .45000000E+00 -.12243750E+01
   .50000000E+00 -.13748565E+01
   .55000000E+00 -.15431827E+01
   .60000000E+00 -.17331638E+01
   .65000000E+00 -.19497884E+01
   .70000000E+00 -.21997170E+01
   .75000000E+00 -.24920477E+01
   .80000000E+00 -.28395440E+01
   .85000000E+00 -.32606880E+01
   .90000000E+00 -.37832893E+01
   .95000000E+00 -.44512200E+01
   .10000000E+01 -.53379710E+01
   .10500000E+01 -.65767274E+01
   .11000000E+01 -.84364265E+01
   .11500000E+01 -.11553878E+02
   .12000000E+01 -.17889683E+02
   .12500000E+01 -.37890157E+02
   .13000000E+01  .46914643E+03
   .13500000E+01  .33532373E+02
   .14000000E+01  .17600650E+02
   .14500000E+01  .12013290E+02
   .15000000E+01  .91561207E+01
   .15500000E+01  .74153182E+01
   .16000000E+01  .62395101E+01
   .16500000E+01  .53890114E+01
   .17000000E+01  .47428529E+01
   .17500000E+01  .42333738E+01
   .18000000E+01  .38197703E+01
   .18500000E+01  .34759706E+01
   .19000000E+01  .31845352E+01
   .19500000E+01  .29333554E+01
   .20000000E+01  .27137601E+01
Core Pot   L  =        1.00000   -.20000
  -.30000000E+01  .16779849E+01
  -.29500000E+01  .16592800E+01
  -.29000000E+01  .16407676E+01
  -.28500000E+01  .16224065E+01
  -.28000000E+01  .16041612E+01
  -.27500000E+01  .15860015E+01
  -.27000000E+01  .15679010E+01
  -.26500000E+01  .15498365E+01
  -.26000000E+01  .15317876E+01
  -.25500000E+01  .15137361E+01
  -.25000000E+01  .14956654E+01
  -.24500000E+01  .14775608E+01
  -.24000000E+01  .14594087E+01
  -.23500000E+01  .14411966E+01
  -.23000000E+01  .14229128E+01
  -.22500000E+01  .14045465E+01
  -.22000000E+01  .13860874E+01
  -.21500000E+01  .13675259E+01
  -.21000000E+01  .13488527E+01
  -.20500000E+01  .13300588E+01
  -.20000000E+01  .13111356E+01
  -.19500000E+01  .12920747E+01
  -.19000000E+01  .12728679E+01
  -.18500000E+01  .12535070E+01
  -.18000000E+01  .12339839E+01
  -.17500000E+01  .12142908E+01
  -.17000000E+01  .11944195E+01
  -.16500000E+01  .11743621E+01
  -.16000000E+01  .11541104E+01
  -.15500000E+01  .11336564E+01
  -.15000000E+01  .11129915E+01
  -.14500000E+01  .10921075E+01
  -.14000000E+01  .10709957E+01
  -.13500000E+01  .10496473E+01
  -.13000000E+01  .10280532E+01
  -.12500000E+01  .10062040E+01
  -.12000000E+01  .98409028E+00
  -.11500000E+01  .96170204E+00
  -.11000000E+01  .93902905E+00
  -.10500000E+01  .91606070E+00
  -.10000000E+01  .89278597E+00
  -.95000000E+00  .86919343E+00
  -.90000000E+00  .84527118E+00
  -.85000000E+00  .82100680E+00
  -.80000000E+00  .79638735E+00
  -.75000000E+00  .77139931E+00
  -.70000000E+00  .74602855E+00
  -.65000000E+00  .72026027E+00
  -.60000000E+00  .69407894E+00
  -.55000000E+00  .66746830E+00
  -.50000000E+00  .64041124E+00
  -.45000000E+00  .61288979E+00
  -.40000000E+00  .58488503E+00
  -.35000000E+00  .55637703E+00
  -.30000000E+00  .52734475E+00
  -.25000000E+00  .49776601E+00
  -.20000000E+00  .46761736E+00
  -.15000000E+00  .43687399E+00
  -.10000000E+00  .40550962E+00
  -.50000000E-01  .37349639E+00
  -.22898350E-14  .34080477E+00
   .50000000E-01  .30740336E+00
   .10000000E+00  .27325877E+00
   .15000000E+00  .23833546E+00
   .20000000E+00  .20259554E+00
   .25000000E+00  .16599861E+00
   .30000000E+00  .12850146E+00
   .35000000E+00  .90057909E-01
   .40000000E+00  .50618479E-01
   .45000000E+00  .10130115E-01
   .50000000E+00 -.31464155E-01
   .55000000E+00 -.74225594E-01
   .60000000E+00 -.11822017E+00
   .65000000E+00 -.16351903E+00
   .70000000E+00 -.21019901E+00
   .75000000E+00 -.25834324E+00
   .80000000E+00 -.30804179E+00
   .85000000E+00 -.35939242E+00
   .90000000E+00 -.41250143E+00
   .95000000E+00 -.46748462E+00
   .10000000E+01 -.52446837E+00
   .10500000E+01 -.58359092E+00
   .11000000E+01 -.64500374E+00
   .11500000E+01 -.70887322E+00
   .12000000E+01 -.77538251E+00
   .12500000E+01 -.84473374E+00
   .13000000E+01 -.91715053E+00
   .13500000E+01 -.99288091E+00
   .14000000E+01 -.10722008E+01
   .14500000E+01 -.11554181E+01
   .15000000E+01 -.12428772E+01
   .15500000E+01 -.13349651E+01
   .16000000E+01 -.14321174E+01
   .16500000E+01 -.15348273E+01
   .17000000E+01 -.16436543E+01
   .17500000E+01 -.17592367E+01
   .18000000E+01 -.18823051E+01
   .18500000E+01 -.20137008E+01
   .19000000E+01 -.21543966E+01
   .19500000E+01 -.23055240E+01
   .20000000E+01 -.24684073E+01
Potential  L  =        1.00000   -.20000
  -.30000000E+01  .16086609E+01
  -.29500000E+01  .15937836E+01
  -.29000000E+01  .15787880E+01
  -.28500000E+01  .15636716E+01
  -.28000000E+01  .15484320E+01
  -.27500000E+01  .15330663E+01
  -.27000000E+01  .15175718E+01
  -.26500000E+01  .15019456E+01
  -.26000000E+01  .14861847E+01
  -.25500000E+01  .14702861E+01
  -.25000000E+01  .14542465E+01
  -.24500000E+01  .14380627E+01
  -.24000000E+01  .14217312E+01
  -.23500000E+01  .14052485E+01
  -.23000000E+01  .13886109E+01
  -.22500000E+01  .13718146E+01
  -.22000000E+01  .13548556E+01
  -.21500000E+01  .13377298E+01
  -.21000000E+01  .13204331E+01
  -.20500000E+01  .13029609E+01
  -.20000000E+01  .12853086E+01
  -.19500000E+01  .12674715E+01
  -.19000000E+01  .12494446E+01
  -.18500000E+01  .12312227E+01
  -.18000000E+01  .12128005E+01
  -.17500000E+01  .11941722E+01
  -.17000000E+01  .11753322E+01
  -.16500000E+01  .11562742E+01
  -.16000000E+01  .11369919E+01
  -.15500000E+01  .11174787E+01
  -.15000000E+01  .10977277E+01
  -.14500000E+01  .10777315E+01
  -.14000000E+01  .10574827E+01
  -.13500000E+01  .10369733E+01
  -.13000000E+01  .10161950E+01
  -.12500000E+01  .99513915E+00
  -.12000000E+01  .97379664E+00
  -.11500000E+01  .95215794E+00
  -.11000000E+01  .93021303E+00
  -.10500000E+01  .90795141E+00
  -.10000000E+01  .88536203E+00
  -.95000000E+00  .86243329E+00
  -.90000000E+00  .83915298E+00
  -.85000000E+00  .81550823E+00
  -.80000000E+00  .79148550E+00
  -.75000000E+00  .76707051E+00
  -.70000000E+00  .74224817E+00
  -.65000000E+00  .71700255E+00
  -.60000000E+00  .69131684E+00
  -.55000000E+00  .66517321E+00
  -.50000000E+00  .63855280E+00
  -.45000000E+00  .61143564E+00
  -.40000000E+00  .58380051E+00
  -.35000000E+00  .55562491E+00
  -.30000000E+00  .52688488E+00
  -.25000000E+00  .49755498E+00
  -.20000000E+00  .46760808E+00
  -.15000000E+00  .43701524E+00
  -.10000000E+00  .40574559E+00
  -.50000000E-01  .37376615E+00
  -.22898350E-14  .34104159E+00
   .50000000E-01  .30753407E+00
   .10000000E+00  .27320303E+00
   .15000000E+00  .23800486E+00
   .20000000E+00  .20189268E+00
   .25000000E+00  .16481597E+00
   .30000000E+00  .12672024E+00
   .35000000E+00  .87546630E-01
   .40000000E+00  .47231403E-01
   .45000000E+00  .57055039E-02
   .50000000E+00 -.37106062E-01
   .55000000E+00 -.81284876E-01
   .60000000E+00 -.12691985E+00
   .65000000E+00 -.17410809E+00
   .70000000E+00 -.22295583E+00
   .75000000E+00 -.27357959E+00
   .80000000E+00 -.32610743E+00
   .85000000E+00 -.38068041E+00
   .90000000E+00 -.43745433E+00
   .95000000E+00 -.49660171E+00
   .10000000E+01 -.55831407E+00
   .10500000E+01 -.62280469E+00
   .11000000E+01 -.69031173E+00
   .11500000E+01 -.76110207E+00
   .12000000E+01 -.83547574E+00
   .12500000E+01 -.91377124E+00
   .13000000E+01 -.99637197E+00
   .13500000E+01 -.10837139E+01
   .14000000E+01 -.11762950E+01
   .14500000E+01 -.12746867E+01
   .15000000E+01 -.13795478E+01
   .15500000E+01 -.14916422E+01
   .16000000E+01 -.16118603E+01
   .16500000E+01 -.17412469E+01
   .17000000E+01 -.18810359E+01
   .17500000E+01 -.20326953E+01
   .18000000E+01 -.21979854E+01
   .18500000E+01 -.23790355E+01
   .19000000E+01 -.25784461E+01
   .19500000E+01 -.27994269E+01
   .20000000E+01 -.30459868E+01
Core Pot   L  =        2.00000   -.28119
  -.30000000E+01  .17729106E+01
  -.29500000E+01  .17583697E+01
  -.29000000E+01  .17436869E+01
  -.28500000E+01  .17288572E+01
  -.28000000E+01  .17138754E+01
  -.27500000E+01  .16987359E+01
  -.27000000E+01  .16834327E+01
  -.26500000E+01  .16679596E+01
  -.26000000E+01  .16523097E+01
  -.25500000E+01  .16364758E+01
  -.25000000E+01  .16204500E+01
  -.24500000E+01  .16042239E+01
  -.24000000E+01  .15877886E+01
  -.23500000E+01  .15711343E+01
  -.23000000E+01  .15542504E+01
  -.22500000E+01  .15371256E+01
  -.22000000E+01  .15197474E+01
  -.21500000E+01  .15021024E+01
  -.21000000E+01  .14841759E+01
  -.20500000E+01  .14659518E+01
  -.20000000E+01  .14474124E+01
  -.19500000E+01  .14285384E+01
  -.19000000E+01  .14093084E+01
  -.18500000E+01  .13896987E+01
  -.18000000E+01  .13696830E+01
  -.17500000E+01  .13492322E+01
  -.17000000E+01  .13283135E+01
  -.16500000E+01  .13068903E+01
  -.16000000E+01  .12849214E+01
  -.15500000E+01  .12623600E+01
  -.15000000E+01  .12391532E+01
  -.14500000E+01  .12152405E+01
  -.14000000E+01  .11905523E+01
  -.13500000E+01  .11650087E+01
  -.13000000E+01  .11385167E+01
  -.12500000E+01  .11109677E+01
  -.12000000E+01  .10822344E+01
  -.11500000E+01  .10521656E+01
  -.11000000E+01  .10205811E+01
  -.10500000E+01  .98726386E+00
  -.10000000E+01  .95195018E+00
  -.95000000E+00  .91431605E+00
  -.90000000E+00  .87395890E+00
  -.85000000E+00  .83037206E+00
  -.80000000E+00  .78290842E+00
  -.75000000E+00  .73072802E+00
  -.70000000E+00  .67272000E+00
  -.65000000E+00  .60738341E+00
  -.60000000E+00  .53263892E+00
  -.55000000E+00  .44551988E+00
  -.50000000E+00  .34164148E+00
  -.45000000E+00  .21423717E+00
  -.40000000E+00  .52285587E-01
  -.35000000E+00 -.16346016E+00
  -.30000000E+00 -.46991049E+00
  -.25000000E+00 -.94794306E+00
  -.20000000E+00 -.18156489E+01
  -.15000000E+00 -.39336918E+01
  -.10000000E+00 -.17790306E+02
  -.50000000E-01  .11430850E+02
  -.22898350E-14  .50446437E+01
   .50000000E-01  .34766807E+01
   .10000000E+00  .27583229E+01
   .15000000E+00  .23403834E+01
   .20000000E+00  .20629977E+01
   .25000000E+00  .18625656E+01
   .30000000E+00  .17087709E+01
   .35000000E+00  .15853251E+01
   .40000000E+00  .14826932E+01
   .45000000E+00  .13949205E+01
   .50000000E+00  .13180950E+01
   .55000000E+00  .12495391E+01
   .60000000E+00  .11873575E+01
   .65000000E+00  .11301694E+01
   .70000000E+00  .10769441E+01
   .75000000E+00  .10268957E+01
   .80000000E+00  .97941350E+00
   .85000000E+00  .93401473E+00
   .90000000E+00  .89031202E+00
   .95000000E+00  .84799000E+00
   .10000000E+01  .80678848E+00
   .10500000E+01  .76649012E+00
   .11000000E+01  .72691118E+00
   .11500000E+01  .68789444E+00
   .12000000E+01  .64930391E+00
   .12500000E+01  .61102058E+00
   .13000000E+01  .57293915E+00
   .13500000E+01  .53496538E+00
   .14000000E+01  .49701400E+00
   .14500000E+01  .45900701E+00
   .15000000E+01  .42087222E+00
   .15500000E+01  .38254211E+00
   .16000000E+01  .34395283E+00
   .16500000E+01  .30504334E+00
   .17000000E+01  .26575470E+00
   .17500000E+01  .22602943E+00
   .18000000E+01  .18581090E+00
   .18500000E+01  .14504285E+00
   .19000000E+01  .10366891E+00
   .19500000E+01  .61632131E-01
   .20000000E+01  .18874545E-01
Potential  L  =        2.00000   -.28119
  -.30000000E+01  .16276486E+01
  -.29500000E+01  .16098664E+01
  -.29000000E+01  .15918363E+01
  -.28500000E+01  .15735490E+01
  -.28000000E+01  .15549943E+01
  -.27500000E+01  .15361617E+01
  -.27000000E+01  .15170400E+01
  -.26500000E+01  .14976174E+01
  -.26000000E+01  .14778811E+01
  -.25500000E+01  .14578178E+01
  -.25000000E+01  .14374133E+01
  -.24500000E+01  .14166524E+01
  -.24000000E+01  .13955189E+01
  -.23500000E+01  .13739956E+01
  -.23000000E+01  .13520642E+01
  -.22500000E+01  .13297050E+01
  -.22000000E+01  .13068968E+01
  -.21500000E+01  .12836172E+01
  -.21000000E+01  .12598419E+01
  -.20500000E+01  .12355450E+01
  -.20000000E+01  .12106984E+01
  -.19500000E+01  .11852718E+01
  -.19000000E+01  .11592329E+01
  -.18500000E+01  .11325462E+01
  -.18000000E+01  .11051738E+01
  -.17500000E+01  .10770742E+01
  -.17000000E+01  .10482024E+01
  -.16500000E+01  .10185096E+01
  -.16000000E+01  .98794246E+00
  -.15500000E+01  .95644255E+00
  -.15000000E+01  .92394604E+00
  -.14500000E+01  .89038284E+00
  -.14000000E+01  .85567582E+00
  -.13500000E+01  .81973995E+00
  -.13000000E+01  .78248124E+00
  -.12500000E+01  .74379545E+00
  -.12000000E+01  .70356676E+00
  -.11500000E+01  .66166607E+00
  -.11000000E+01  .61794896E+00
  -.10500000E+01  .57225343E+00
  -.10000000E+01  .52439710E+00
  -.95000000E+00  .47417393E+00
  -.90000000E+00  .42134995E+00
  -.85000000E+00  .36565892E+00
  -.80000000E+00  .30679605E+00
  -.75000000E+00  .24441085E+00
  -.70000000E+00  .17809858E+00
  -.65000000E+00  .10738869E+00
  -.60000000E+00  .31731266E-01
  -.55000000E+00 -.49520549E-01
  -.50000000E+00 -.13713294E+00
  -.45000000E+00 -.23202033E+00
  -.40000000E+00 -.33528305E+00
  -.35000000E+00 -.44825720E+00
  -.30000000E+00 -.57258140E+00
  -.25000000E+00 -.71028761E+00
  -.20000000E+00 -.86392680E+00
  -.15000000E+00 -.10367460E+01
  -.10000000E+00 -.12329432E+01
  -.50000000E-01 -.14580431E+01
  -.22898350E-14 -.17194665E+01
   .50000000E-01 -.20274199E+01
   .10000000E+00 -.23963385E+01
   .15000000E+00 -.28473297E+01
   .20000000E+00 -.34125320E+01
   .25000000E+00 -.41434048E+01
   .30000000E+00 -.51278163E+01
   .35000000E+00 -.65291647E+01
   .40000000E+00 -.86897493E+01
   .45000000E+00 -.12467893E+02
   .50000000E+00 -.20798482E+02
   .55000000E+00 -.54584647E+02
   .60000000E+00  .10647162E+03
   .65000000E+00  .28309982E+02
   .70000000E+00  .16750751E+02
   .75000000E+00  .12090192E+02
   .80000000E+00  .95668594E+01
   .85000000E+00  .79814958E+01
   .90000000E+00  .68906797E+01
   .95000000E+00  .60924172E+01
   .10000000E+01  .54815122E+01
   .10500000E+01  .49977913E+01
   .11000000E+01  .46043416E+01
   .11500000E+01  .42772624E+01
   .12000000E+01  .40003956E+01
   .12500000E+01  .37624250E+01
   .13000000E+01  .35551887E+01
   .13500000E+01  .33726516E+01
   .14000000E+01  .32102548E+01
   .14500000E+01  .30644898E+01
   .15000000E+01  .29326128E+01
   .15500000E+01  .28124464E+01
   .16000000E+01  .27022408E+01
   .16500000E+01  .26005735E+01
   .17000000E+01  .25062762E+01
   .17500000E+01  .24183799E+01
   .18000000E+01  .23360746E+01
   .18500000E+01  .22586774E+01
   .19000000E+01  .21856085E+01
   .19500000E+01  .21163725E+01
   .20000000E+01  .20505432E+01
Core Pot   L  =        3.00000    .00000
  -.30000000E+01  .21041472E+01
  -.29500000E+01  .20926598E+01
  -.29000000E+01  .20811159E+01
  -.28500000E+01  .20695149E+01
  -.28000000E+01  .20578557E+01
  -.27500000E+01  .20461378E+01
  -.27000000E+01  .20343601E+01
  -.26500000E+01  .20225219E+01
  -.26000000E+01  .20106224E+01
  -.25500000E+01  .19986606E+01
  -.25000000E+01  .19866356E+01
  -.24500000E+01  .19745465E+01
  -.24000000E+01  .19623924E+01
  -.23500000E+01  .19501723E+01
  -.23000000E+01  .19378852E+01
  -.22500000E+01  .19255302E+01
  -.22000000E+01  .19131060E+01
  -.21500000E+01  .19006118E+01
  -.21000000E+01  .18880464E+01
  -.20500000E+01  .18754087E+01
  -.20000000E+01  .18626976E+01
  -.19500000E+01  .18499118E+01
  -.19000000E+01  .18370503E+01
  -.18500000E+01  .18241118E+01
  -.18000000E+01  .18110949E+01
  -.17500000E+01  .17979985E+01
  -.17000000E+01  .17848213E+01
  -.16500000E+01  .17715617E+01
  -.16000000E+01  .17582186E+01
  -.15500000E+01  .17447903E+01
  -.15000000E+01  .17312756E+01
  -.14500000E+01  .17176728E+01
  -.14000000E+01  .17039804E+01
  -.13500000E+01  .16901969E+01
  -.13000000E+01  .16763206E+01
  -.12500000E+01  .16623498E+01
  -.12000000E+01  .16482828E+01
  -.11500000E+01  .16341178E+01
  -.11000000E+01  .16198531E+01
  -.10500000E+01  .16054867E+01
  -.10000000E+01  .15910168E+01
  -.95000000E+00  .15764413E+01
  -.90000000E+00  .15617582E+01
  -.85000000E+00  .15469653E+01
  -.80000000E+00  .15320607E+01
  -.75000000E+00  .15170419E+01
  -.70000000E+00  .15019067E+01
  -.65000000E+00  .14866528E+01
  -.60000000E+00  .14712777E+01
  -.55000000E+00  .14557789E+01
  -.50000000E+00  .14401537E+01
  -.45000000E+00  .14243996E+01
  -.40000000E+00  .14085137E+01
  -.35000000E+00  .13924933E+01
  -.30000000E+00  .13763352E+01
  -.25000000E+00  .13600366E+01
  -.20000000E+00  .13435942E+01
  -.15000000E+00  .13270047E+01
  -.10000000E+00  .13102649E+01
  -.50000000E-01  .12933713E+01
  -.22898350E-14  .12763201E+01
   .50000000E-01  .12591078E+01
   .10000000E+00  .12417304E+01
   .15000000E+00  .12241839E+01
   .20000000E+00  .12064642E+01
   .25000000E+00  .11885670E+01
   .30000000E+00  .11704877E+01
   .35000000E+00  .11522219E+01
   .40000000E+00  .11337646E+01
   .45000000E+00  .11151108E+01
   .50000000E+00  .10962555E+01
   .55000000E+00  .10771931E+01
   .60000000E+00  .10579182E+01
   .65000000E+00  .10384248E+01
   .70000000E+00  .10187068E+01
   .75000000E+00  .99875807E+00
   .80000000E+00  .97857189E+00
   .85000000E+00  .95814142E+00
   .90000000E+00  .93745952E+00
   .95000000E+00  .91651873E+00
   .10000000E+01  .89531124E+00
   .10500000E+01  .87382894E+00
   .11000000E+01  .85206331E+00
   .11500000E+01  .83000548E+00
   .12000000E+01  .80764614E+00
   .12500000E+01  .78497557E+00
   .13000000E+01  .76198358E+00
   .13500000E+01  .73865950E+00
   .14000000E+01  .71499213E+00
   .14500000E+01  .69096974E+00
   .15000000E+01  .66657998E+00
   .15500000E+01  .64180991E+00
   .16000000E+01  .61664591E+00
   .16500000E+01  .59107367E+00
   .17000000E+01  .56507809E+00
   .17500000E+01  .53864331E+00
   .18000000E+01  .51175257E+00
   .18500000E+01  .48438819E+00
   .19000000E+01  .45653154E+00
   .19500000E+01  .42816287E+00
   .20000000E+01  .39926137E+00
Potential  L  =        3.00000    .00000
  -.30000000E+01  .21059676E+01
  -.29500000E+01  .20945250E+01
  -.29000000E+01  .20830272E+01
  -.28500000E+01  .20714736E+01
  -.28000000E+01  .20598634E+01
  -.27500000E+01  .20481957E+01
  -.27000000E+01  .20364700E+01
  -.26500000E+01  .20246853E+01
  -.26000000E+01  .20128408E+01
  -.25500000E+01  .20009358E+01
  -.25000000E+01  .19889694E+01
  -.24500000E+01  .19769406E+01
  -.24000000E+01  .19648488E+01
  -.23500000E+01  .19526928E+01
  -.23000000E+01  .19404719E+01
  -.22500000E+01  .19281850E+01
  -.22000000E+01  .19158313E+01
  -.21500000E+01  .19034096E+01
  -.21000000E+01  .18909191E+01
  -.20500000E+01  .18783587E+01
  -.20000000E+01  .18657274E+01
  -.19500000E+01  .18530240E+01
  -.19000000E+01  .18402475E+01
  -.18500000E+01  .18273967E+01
  -.18000000E+01  .18144705E+01
  -.17500000E+01  .18014677E+01
  -.17000000E+01  .17883871E+01
  -.16500000E+01  .17752274E+01
  -.16000000E+01  .17619874E+01
  -.15500000E+01  .17486658E+01
  -.15000000E+01  .17352613E+01
  -.14500000E+01  .17217724E+01
  -.14000000E+01  .17081978E+01
  -.13500000E+01  .16945360E+01
  -.13000000E+01  .16807857E+01
  -.12500000E+01  .16669451E+01
  -.12000000E+01  .16530129E+01
  -.11500000E+01  .16389875E+01
  -.11000000E+01  .16248671E+01
  -.10500000E+01  .16106501E+01
  -.10000000E+01  .15963348E+01
  -.95000000E+00  .15819194E+01
  -.90000000E+00  .15674021E+01
  -.85000000E+00  .15527811E+01
  -.80000000E+00  .15380544E+01
  -.75000000E+00  .15232201E+01
  -.70000000E+00  .15082761E+01
  -.65000000E+00  .14932204E+01
  -.60000000E+00  .14780507E+01
  -.55000000E+00  .14627650E+01
  -.50000000E+00  .14473609E+01
  -.45000000E+00  .14318361E+01
  -.40000000E+00  .14161882E+01
  -.35000000E+00  .14004148E+01
  -.30000000E+00  .13845132E+01
  -.25000000E+00  .13684809E+01
  -.20000000E+00  .13523151E+01
  -.15000000E+00  .13360131E+01
  -.10000000E+00  .13195719E+01
  -.50000000E-01  .13029886E+01
  -.22898350E-14  .12862602E+01
   .50000000E-01  .12693835E+01
   .10000000E+00  .12523552E+01
   .15000000E+00  .12351719E+01
   .20000000E+00  .12178302E+01
   .25000000E+00  .12003265E+01
   .30000000E+00  .11826570E+01
   .35000000E+00  .11648179E+01
   .40000000E+00  .11468053E+01
   .45000000E+00  .11286150E+01
   .50000000E+00  .11102428E+01
   .55000000E+00  .10916842E+01
   .60000000E+00  .10729347E+01
   .65000000E+00  .10539896E+01
   .70000000E+00  .10348439E+01
   .75000000E+00  .10154926E+01
   .80000000E+00  .99593047E+00
   .85000000E+00  .97615197E+00
   .90000000E+00  .95615145E+00
   .95000000E+00  .93592302E+00
   .10000000E+01  .91546056E+00
   .10500000E+01  .89475772E+00
   .11000000E+01  .87380787E+00
   .11500000E+01  .85260417E+00
   .12000000E+01  .83113944E+00
   .12500000E+01  .80940624E+00
   .13000000E+01  .78739683E+00
   .13500000E+01  .76510313E+00
   .14000000E+01  .74251672E+00
   .14500000E+01  .71962882E+00
   .15000000E+01  .69643027E+00
   .15500000E+01  .67291152E+00
   .16000000E+01  .64906258E+00
   .16500000E+01  .62487301E+00
   .17000000E+01  .60033192E+00
   .17500000E+01  .57542790E+00
   .18000000E+01  .55014900E+00
   .18500000E+01  .52448273E+00
   .19000000E+01  .49841598E+00
   .19500000E+01  .47193503E+00
   .20000000E+01  .44502545E+00
Core Pot   L  =        4.00000    .00000
  -.30000000E+01  .24441646E+01
  -.29500000E+01  .24343763E+01
  -.29000000E+01  .24245536E+01
  -.28500000E+01  .24146962E+01
  -.28000000E+01  .24048037E+01
  -.27500000E+01  .23948759E+01
  -.27000000E+01  .23849123E+01
  -.26500000E+01  .23749127E+01
  -.26000000E+01  .23648766E+01
  -.25500000E+01  .23548037E+01
  -.25000000E+01  .23446937E+01
  -.24500000E+01  .23345461E+01
  -.24000000E+01  .23243606E+01
  -.23500000E+01  .23141367E+01
  -.23000000E+01  .23038742E+01
  -.22500000E+01  .22935725E+01
  -.22000000E+01  .22832313E+01
  -.21500000E+01  .22728502E+01
  -.21000000E+01  .22624287E+01
  -.20500000E+01  .22519664E+01
  -.20000000E+01  .22414629E+01
  -.19500000E+01  .22309178E+01
  -.19000000E+01  .22203306E+01
  -.18500000E+01  .22097008E+01
  -.18000000E+01  .21990280E+01
  -.17500000E+01  .21883117E+01
  -.17000000E+01  .21775514E+01
  -.16500000E+01  .21667467E+01
  -.16000000E+01  .21558970E+01
  -.15500000E+01  .21450018E+01
  -.15000000E+01  .21340607E+01
  -.14500000E+01  .21230730E+01
  -.14000000E+01  .21120384E+01
  -.13500000E+01  .21009561E+01
  -.13000000E+01  .20898258E+01
  -.12500000E+01  .20786467E+01
  -.12000000E+01  .20674185E+01
  -.11500000E+01  .20561403E+01
  -.11000000E+01  .20448118E+01
  -.10500000E+01  .20334322E+01
  -.10000000E+01  .20220010E+01
  -.95000000E+00  .20105176E+01
  -.90000000E+00  .19989812E+01
  -.85000000E+00  .19873913E+01
  -.80000000E+00  .19757472E+01
  -.75000000E+00  .19640482E+01
  -.70000000E+00  .19522936E+01
  -.65000000E+00  .19404828E+01
  -.60000000E+00  .19286150E+01
  -.55000000E+00  .19166894E+01
  -.50000000E+00  .19047055E+01
  -.45000000E+00  .18926623E+01
  -.40000000E+00  .18805592E+01
  -.35000000E+00  .18683954E+01
  -.30000000E+00  .18561699E+01
  -.25000000E+00  .18438821E+01
  -.20000000E+00  .18315312E+01
  -.15000000E+00  .18191161E+01
  -.10000000E+00  .18066361E+01
  -.50000000E-01  .17940904E+01
  -.22898350E-14  .17814779E+01
   .50000000E-01  .17687978E+01
   .10000000E+00  .17560491E+01
   .15000000E+00  .17432309E+01
   .20000000E+00  .17303422E+01
   .25000000E+00  .17173819E+01
   .30000000E+00  .17043491E+01
   .35000000E+00  .16912427E+01
   .40000000E+00  .16780617E+01
   .45000000E+00  .16648048E+01
   .50000000E+00  .16514711E+01
   .55000000E+00  .16380594E+01
   .60000000E+00  .16245685E+01
   .65000000E+00  .16109972E+01
   .70000000E+00  .15973444E+01
   .75000000E+00  .15836086E+01
   .80000000E+00  .15697887E+01
   .85000000E+00  .15558834E+01
   .90000000E+00  .15418913E+01
   .95000000E+00  .15278110E+01
   .10000000E+01  .15136412E+01
   .10500000E+01  .14993803E+01
   .11000000E+01  .14850270E+01
   .11500000E+01  .14705798E+01
   .12000000E+01  .14560370E+01
   .12500000E+01  .14413971E+01
   .13000000E+01  .14266585E+01
   .13500000E+01  .14118195E+01
   .14000000E+01  .13968784E+01
   .14500000E+01  .13818334E+01
   .15000000E+01  .13666829E+01
   .15500000E+01  .13514248E+01
   .16000000E+01  .13360575E+01
   .16500000E+01  .13205788E+01
   .17000000E+01  .13049869E+01
   .17500000E+01  .12892796E+01
   .18000000E+01  .12734550E+01
   .18500000E+01  .12575108E+01
   .19000000E+01  .12414448E+01
   .19500000E+01  .12252548E+01
   .20000000E+01  .12089385E+01
Potential  L  =        4.00000    .00000
  -.30000000E+01  .24446088E+01
  -.29500000E+01  .24348296E+01
  -.29000000E+01  .24250149E+01
  -.28500000E+01  .24151646E+01
  -.28000000E+01  .24052810E+01
  -.27500000E+01  .23953626E+01
  -.27000000E+01  .23854082E+01
  -.26500000E+01  .23754166E+01
  -.26000000E+01  .23653906E+01
  -.25500000E+01  .23553257E+01
  -.25000000E+01  .23452259E+01
  -.24500000E+01  .23350895E+01
  -.24000000E+01  .23249126E+01
  -.23500000E+01  .23146996E+01
  -.23000000E+01  .23044480E+01
  -.22500000E+01  .22941587E+01
  -.22000000E+01  .22838275E+01
  -.21500000E+01  .22734580E+01
  -.21000000E+01  .22630481E+01
  -.20500000E+01  .22525981E+01
  -.20000000E+01  .22421076E+01
  -.19500000E+01  .22315748E+01
  -.19000000E+01  .22210010E+01
  -.18500000E+01  .22103847E+01
  -.18000000E+01  .21997269E+01
  -.17500000E+01  .21890233E+01
  -.17000000E+01  .21782776E+01
  -.16500000E+01  .21674877E+01
  -.16000000E+01  .21566532E+01
  -.15500000E+01  .21457736E+01
  -.15000000E+01  .21348485E+01
  -.14500000E+01  .21238776E+01
  -.14000000E+01  .21128607E+01
  -.13500000E+01  .21017947E+01
  -.13000000E+01  .20906830E+01
  -.12500000E+01  .20795211E+01
  -.12000000E+01  .20683115E+01
  -.11500000E+01  .20570524E+01
  -.11000000E+01  .20457435E+01
  -.10500000E+01  .20343840E+01
  -.10000000E+01  .20229734E+01
  -.95000000E+00  .20115110E+01
  -.90000000E+00  .19999965E+01
  -.85000000E+00  .19884285E+01
  -.80000000E+00  .19768073E+01
  -.75000000E+00  .19651318E+01
  -.70000000E+00  .19534013E+01
  -.65000000E+00  .19416153E+01
  -.60000000E+00  .19297727E+01
  -.55000000E+00  .19178731E+01
  -.50000000E+00  .19059160E+01
  -.45000000E+00  .18939001E+01
  -.40000000E+00  .18818250E+01
  -.35000000E+00  .18696901E+01
  -.30000000E+00  .18574943E+01
  -.25000000E+00  .18452370E+01
  -.20000000E+00  .18329174E+01
  -.15000000E+00  .18205345E+01
  -.10000000E+00  .18080875E+01
  -.50000000E-01  .17955757E+01
  -.22898350E-14  .17829980E+01
   .50000000E-01  .17703537E+01
   .10000000E+00  .17576418E+01
   .15000000E+00  .17448614E+01
   .20000000E+00  .17320115E+01
   .25000000E+00  .17190911E+01
   .30000000E+00  .17060993E+01
   .35000000E+00  .16930351E+01
   .40000000E+00  .16798974E+01
   .45000000E+00  .16666851E+01
   .50000000E+00  .16533972E+01
   .55000000E+00  .16400326E+01
   .60000000E+00  .16265902E+01
   .65000000E+00  .16130688E+01
   .70000000E+00  .15994671E+01
   .75000000E+00  .15857841E+01
   .80000000E+00  .15720185E+01
   .85000000E+00  .15581690E+01
   .90000000E+00  .15442344E+01
   .95000000E+00  .15302133E+01
   .10000000E+01  .15161044E+01
   .10500000E+01  .15019062E+01
   .11000000E+01  .14876175E+01
   .11500000E+01  .14732367E+01
   .12000000E+01  .14587624E+01
   .12500000E+01  .14441930E+01
   .13000000E+01  .14295270E+01
   .13500000E+01  .14147629E+01
   .14000000E+01  .13998989E+01
   .14500000E+01  .13849335E+01
   .15000000E+01  .13698649E+01
   .15500000E+01  .13546913E+01
   .16000000E+01  .13394110E+01
   .16500000E+01  .13240221E+01
   .17000000E+01  .13085228E+01
   .17500000E+01  .12929111E+01
   .18000000E+01  .12771849E+01
   .18500000E+01  .12613424E+01
   .19000000E+01  .12453814E+01
   .19500000E+01  .12292997E+01
   .20000000E+01  .12130951E+01
KBPotential  L  =      2.00000   -.56238
  -.30000000E+01  .17731303E+01
  -.29500000E+01  .17585881E+01
  -.29000000E+01  .17439039E+01
  -.28500000E+01  .17290726E+01
  -.28000000E+01  .17140890E+01
  -.27500000E+01  .16989476E+01
  -.27000000E+01  .16836423E+01
  -.26500000E+01  .16681669E+01
  -.26000000E+01  .16525144E+01
  -.25500000E+01  .16366769E+01
  -.25000000E+01  .16206481E+01
  -.24500000E+01  .16044188E+01
  -.24000000E+01  .15879800E+01
  -.23500000E+01  .15713220E+01
  -.23000000E+01  .15544343E+01
  -.22500000E+01  .15373055E+01
  -.22000000E+01  .15199231E+01
  -.21500000E+01  .15022737E+01
  -.21000000E+01  .14843426E+01
  -.20500000E+01  .14661137E+01
  -.20000000E+01  .14475693E+01
  -.19500000E+01  .14286902E+01
  -.19000000E+01  .14094549E+01
  -.18500000E+01  .13898397E+01
  -.18000000E+01  .13698185E+01
  -.17500000E+01  .13493619E+01
  -.17000000E+01  .13284375E+01
  -.16500000E+01  .13070084E+01
  -.16000000E+01  .12850334E+01
  -.15500000E+01  .12624659E+01
  -.15000000E+01  .12392530E+01
  -.14500000E+01  .12153341E+01
  -.14000000E+01  .11906398E+01
  -.13500000E+01  .11650901E+01
  -.13000000E+01  .11385920E+01
  -.12500000E+01  .11110371E+01
  -.12000000E+01  .10822979E+01
  -.11500000E+01  .10522235E+01
  -.11000000E+01  .10206335E+01
  -.10500000E+01  .98731109E+00
  -.10000000E+01  .95199250E+00
  -.95000000E+00  .91435381E+00
  -.90000000E+00  .87399250E+00
  -.85000000E+00  .83040194E+00
  -.80000000E+00  .78293509E+00
  -.75000000E+00  .73075206E+00
  -.70000000E+00  .67274205E+00
  -.65000000E+00  .60740414E+00
  -.60000000E+00  .53265908E+00
  -.55000000E+00  .44554024E+00
  -.50000000E+00  .34166285E+00
  -.45000000E+00  .21426035E+00
  -.40000000E+00  .52311347E-01
  -.35000000E+00 -.16343113E+00
  -.30000000E+00 -.46987756E+00
  -.25000000E+00 -.94790517E+00
  -.20000000E+00 -.18156009E+01
  -.15000000E+00 -.39335860E+01
  -.10000000E+00 -.17788982E+02
  -.50000000E-01  .11433084E+02
  -.22898350E-14  .50452887E+01
   .50000000E-01  .34771658E+01
   .10000000E+00  .27587503E+01
   .15000000E+00  .23408048E+01
   .20000000E+00  .20634519E+01
   .25000000E+00  .18630457E+01
   .30000000E+00  .17092791E+01
   .35000000E+00  .15858906E+01
   .40000000E+00  .14833152E+01
   .45000000E+00  .13956127E+01
   .50000000E+00  .13188555E+01
   .55000000E+00  .12503825E+01
   .60000000E+00  .11882932E+01
   .65000000E+00  .11312075E+01
   .70000000E+00  .10780954E+01
   .75000000E+00  .10281702E+01
   .80000000E+00  .98081862E+00
   .85000000E+00  .93557114E+00
   .90000000E+00  .89203688E+00
   .95000000E+00  .84989623E+00
   .10000000E+01  .80889307E+00
   .10500000E+01  .76881473E+00
   .11000000E+01  .72947294E+00
   .11500000E+01  .69071576E+00
   .12000000E+01  .65240531E+00
   .12500000E+01  .61443011E+00
   .13000000E+01  .57668462E+00
   .13500000E+01  .53907482E+00
   .14000000E+01  .50151975E+00
   .14500000E+01  .46394639E+00
   .15000000E+01  .42627870E+00
   .15500000E+01  .38845928E+00
   .16000000E+01  .35042569E+00
   .16500000E+01  .31212064E+00
   .17000000E+01  .27348956E+00
   .17500000E+01  .23448559E+00
   .18000000E+01  .19504553E+00
   .18500000E+01  .15512454E+00
   .19000000E+01  .11467242E+00
   .19500000E+01  .73639015E-01
   .20000000E+01  .31973823E-01
KBPotential  L  =       .00000   -.62503
  -.30000000E+01  .14345401E+01
  -.29500000E+01  .14173917E+01
  -.29000000E+01  .14000662E+01
  -.28500000E+01  .13825590E+01
  -.28000000E+01  .13648653E+01
  -.27500000E+01  .13469799E+01
  -.27000000E+01  .13288978E+01
  -.26500000E+01  .13106135E+01
  -.26000000E+01  .12921213E+01
  -.25500000E+01  .12734153E+01
  -.25000000E+01  .12544895E+01
  -.24500000E+01  .12353373E+01
  -.24000000E+01  .12159523E+01
  -.23500000E+01  .11963273E+01
  -.23000000E+01  .11764553E+01
  -.22500000E+01  .11563285E+01
  -.22000000E+01  .11359391E+01
  -.21500000E+01  .11152788E+01
  -.21000000E+01  .10943390E+01
  -.20500000E+01  .10731106E+01
  -.20000000E+01  .10515842E+01
  -.19500000E+01  .10297497E+01
  -.19000000E+01  .10075968E+01
  -.18500000E+01  .98511452E+00
  -.18000000E+01  .96229145E+00
  -.17500000E+01  .93911552E+00
  -.17000000E+01  .91557406E+00
  -.16500000E+01  .89165376E+00
  -.16000000E+01  .86734060E+00
  -.15500000E+01  .84261980E+00
  -.15000000E+01  .81747578E+00
  -.14500000E+01  .79189217E+00
  -.14000000E+01  .76585160E+00
  -.13500000E+01  .73933575E+00
  -.13000000E+01  .71232528E+00
  -.12500000E+01  .68479968E+00
  -.12000000E+01  .65673723E+00
  -.11500000E+01  .62811493E+00
  -.11000000E+01  .59890834E+00
  -.10500000E+01  .56909153E+00
  -.10000000E+01  .53863690E+00
  -.95000000E+00  .50751510E+00
  -.90000000E+00  .47569484E+00
  -.85000000E+00  .44314279E+00
  -.80000000E+00  .40982330E+00
  -.75000000E+00  .37569832E+00
  -.70000000E+00  .34072710E+00
  -.65000000E+00  .30486597E+00
  -.60000000E+00  .26806809E+00
  -.55000000E+00  .23028316E+00
  -.50000000E+00  .19145701E+00
  -.45000000E+00  .15153135E+00
  -.40000000E+00  .11044325E+00
  -.35000000E+00  .68124722E-01
  -.30000000E+00  .24502209E-01
  -.25000000E+00 -.20504048E-01
  -.20000000E+00 -.66980640E-01
  -.15000000E+00 -.11502178E+00
  -.10000000E+00 -.16473012E+00
  -.50000000E-01 -.21621777E+00
  -.22898350E-14 -.26960739E+00
   .50000000E-01 -.32503346E+00
   .10000000E+00 -.38264379E+00
   .15000000E+00 -.44260117E+00
   .20000000E+00 -.50508538E+00
   .25000000E+00 -.57029540E+00
   .30000000E+00 -.63845215E+00
   .35000000E+00 -.70980154E+00
   .40000000E+00 -.78461813E+00
   .45000000E+00 -.86320949E+00
   .50000000E+00 -.94592126E+00
   .55000000E+00 -.10331433E+01
   .60000000E+00 -.11253170E+01
   .65000000E+00 -.12229441E+01
   .70000000E+00 -.13265975E+01
   .75000000E+00 -.14369340E+01
   .80000000E+00 -.15547108E+01
   .85000000E+00 -.16808052E+01
   .90000000E+00 -.18162395E+01
   .95000000E+00 -.19622120E+01
   .10000000E+01 -.21201372E+01
   .10500000E+01 -.22916968E+01
   .11000000E+01 -.24789050E+01
   .11500000E+01 -.26841968E+01
   .12000000E+01 -.29105426E+01
   .12500000E+01 -.31616049E+01
   .13000000E+01 -.34419518E+01
   .13500000E+01 -.37573563E+01
   .14000000E+01 -.41152210E+01
   .14500000E+01 -.45251974E+01
   .15000000E+01 -.50001111E+01
   .15500000E+01 -.55573827E+01
   .16000000E+01 -.62212900E+01
   .16500000E+01 -.70267096E+01
   .17000000E+01 -.80256105E+01
   .17500000E+01 -.92989905E+01
   .18000000E+01 -.10980434E+02
   .18500000E+01 -.13307060E+02
   .19000000E+01 -.16743943E+02
   .19500000E+01 -.22344720E+02
   .20000000E+01 -.33113544E+02
KBPotential  L  =      1.00000   -.40000
  -.30000000E+01  .16296325E+01
  -.29500000E+01  .16144947E+01
  -.29000000E+01  .15992327E+01
  -.28500000E+01  .15838441E+01
  -.28000000E+01  .15683259E+01
  -.27500000E+01  .15526756E+01
  -.27000000E+01  .15368902E+01
  -.26500000E+01  .15209669E+01
  -.26000000E+01  .15049025E+01
  -.25500000E+01  .14886940E+01
  -.25000000E+01  .14723382E+01
  -.24500000E+01  .14558316E+01
  -.24000000E+01  .14391709E+01
  -.23500000E+01  .14223524E+01
  -.23000000E+01  .14053725E+01
  -.22500000E+01  .13882274E+01
  -.22000000E+01  .13709132E+01
  -.21500000E+01  .13534256E+01
  -.21000000E+01  .13357606E+01
  -.20500000E+01  .13179136E+01
  -.20000000E+01  .12998803E+01
  -.19500000E+01  .12816558E+01
  -.19000000E+01  .12632352E+01
  -.18500000E+01  .12446136E+01
  -.18000000E+01  .12257856E+01
  -.17500000E+01  .12067458E+01
  -.17000000E+01  .11874885E+01
  -.16500000E+01  .11680078E+01
  -.16000000E+01  .11482976E+01
  -.15500000E+01  .11283515E+01
  -.15000000E+01  .11081629E+01
  -.14500000E+01  .10877248E+01
  -.14000000E+01  .10670301E+01
  -.13500000E+01  .10460713E+01
  -.13000000E+01  .10248406E+01
  -.12500000E+01  .10033298E+01
  -.12000000E+01  .98153041E+00
  -.11500000E+01  .95943357E+00
  -.11000000E+01  .93703001E+00
  -.10500000E+01  .91431002E+00
  -.10000000E+01  .89126347E+00
  -.95000000E+00  .86787977E+00
  -.90000000E+00  .84414777E+00
  -.85000000E+00  .82005585E+00
  -.80000000E+00  .79559181E+00
  -.75000000E+00  .77074284E+00
  -.70000000E+00  .74549553E+00
  -.65000000E+00  .71983575E+00
  -.60000000E+00  .69374868E+00
  -.55000000E+00  .66721869E+00
  -.50000000E+00  .64022936E+00
  -.45000000E+00  .61276338E+00
  -.40000000E+00  .58480249E+00
  -.35000000E+00  .55632745E+00
  -.30000000E+00  .52731790E+00
  -.25000000E+00  .49775236E+00
  -.20000000E+00  .46760807E+00
  -.15000000E+00  .43686096E+00
  -.10000000E+00  .40548550E+00
  -.50000000E-01  .37345459E+00
  -.22898350E-14  .34073951E+00
   .50000000E-01  .30730966E+00
   .10000000E+00  .27313252E+00
   .15000000E+00  .23817340E+00
   .20000000E+00  .20239532E+00
   .25000000E+00  .16575874E+00
   .30000000E+00  .12822157E+00
   .35000000E+00  .89738455E-01
   .40000000E+00  .50260965E-01
   .45000000E+00  .97370515E-02
   .50000000E+00 -.31889228E-01
   .55000000E+00 -.74678126E-01
   .60000000E+00 -.11869463E+00
   .65000000E+00 -.16400893E+00
   .70000000E+00 -.21069697E+00
   .75000000E+00 -.25884108E+00
   .80000000E+00 -.30853070E+00
   .85000000E+00 -.35986311E+00
   .90000000E+00 -.41294440E+00
   .95000000E+00 -.46789050E+00
   .10000000E+01 -.52482834E+00
   .10500000E+01 -.58389731E+00
   .11000000E+01 -.64525076E+00
   .11500000E+01 -.70905788E+00
   .12000000E+01 -.77550584E+00
   .12500000E+01 -.84480233E+00
   .13000000E+01 -.91717847E+00
   .13500000E+01 -.99289231E+00
   .14000000E+01 -.10722332E+01
   .14500000E+01 -.11555260E+01
   .15000000E+01 -.12431380E+01
   .15500000E+01 -.13354849E+01
   .16000000E+01 -.14330406E+01
   .16500000E+01 -.15363466E+01
   .17000000E+01 -.16460258E+01
   .17500000E+01 -.17627979E+01
   .18000000E+01 -.18874998E+01
   .18500000E+01 -.20211107E+01
   .19000000E+01 -.21647839E+01
   .19500000E+01 -.23198882E+01
   .20000000E+01 -.24880611E+01
KBPotential  L  =      3.00000    .00000
  -.30000000E+01  .21059676E+01
  -.29500000E+01  .20945250E+01
  -.29000000E+01  .20830272E+01
  -.28500000E+01  .20714736E+01
  -.28000000E+01  .20598634E+01
  -.27500000E+01  .20481957E+01
  -.27000000E+01  .20364700E+01
  -.26500000E+01  .20246853E+01
  -.26000000E+01  .20128408E+01
  -.25500000E+01  .20009358E+01
  -.25000000E+01  .19889694E+01
  -.24500000E+01  .19769406E+01
  -.24000000E+01  .19648488E+01
  -.23500000E+01  .19526928E+01
  -.23000000E+01  .19404719E+01
  -.22500000E+01  .19281850E+01
  -.22000000E+01  .19158313E+01
  -.21500000E+01  .19034096E+01
  -.21000000E+01  .18909191E+01
  -.20500000E+01  .18783587E+01
  -.20000000E+01  .18657274E+01
  -.19500000E+01  .18530240E+01
  -.19000000E+01  .18402475E+01
  -.18500000E+01  .18273967E+01
  -.18000000E+01  .18144705E+01
  -.17500000E+01  .18014677E+01
  -.17000000E+01  .17883871E+01
  -.16500000E+01  .17752274E+01
  -.16000000E+01  .17619874E+01
  -.15500000E+01  .17486658E+01
  -.15000000E+01  .17352613E+01
  -.14500000E+01  .17217724E+01
  -.14000000E+01  .17081978E+01
  -.13500000E+01  .16945360E+01
  -.13000000E+01  .16807857E+01
  -.12500000E+01  .16669451E+01
  -.12000000E+01  .16530129E+01
  -.11500000E+01  .16389875E+01
  -.11000000E+01  .16248671E+01
  -.10500000E+01  .16106501E+01
  -.10000000E+01  .15963348E+01
  -.95000000E+00  .15819194E+01
  -.90000000E+00  .15674021E+01
  -.85000000E+00  .15527811E+01
  -.80000000E+00  .15380544E+01
  -.75000000E+00  .15232201E+01
  -.70000000E+00  .15082761E+01
  -.65000000E+00  .14932204E+01
  -.60000000E+00  .14780507E+01
  -.55000000E+00  .14627650E+01
  -.50000000E+00  .14473609E+01
  -.45000000E+00  .14318361E+01
  -.40000000E+00  .14161882E+01
  -.35000000E+00  .14004148E+01
  -.30000000E+00  .13845132E+01
  -.25000000E+00  .13684809E+01
  -.20000000E+00  .13523151E+01
  -.15000000E+00  .13360131E+01
  -.10000000E+00  .13195719E+01
  -.50000000E-01  .13029886E+01
  -.22898350E-14  .12862602E+01
   .50000000E-01  .12693835E+01
   .10000000E+00  .12523552E+01
   .15000000E+00  .12351719E+01
   .20000000E+00  .12178302E+01
   .25000000E+00  .12003265E+01
   .30000000E+00  .11826570E+01
   .35000000E+00  .11648179E+01
   .40000000E+00  .11468053E+01
   .45000000E+00  .11286150E+01
   .50000000E+00  .11102428E+01
   .55000000E+00  .10916842E+01
   .60000000E+00  .10729347E+01
   .65000000E+00  .10539896E+01
   .70000000E+00  .10348439E+01
   .75000000E+00  .10154926E+01
   .80000000E+00  .99593047E+00
   .85000000E+00  .97615197E+00
   .90000000E+00  .95615145E+00
   .95000000E+00  .93592302E+00
   .10000000E+01  .91546056E+00
   .10500000E+01  .89475772E+00
   .11000000E+01  .87380787E+00
   .11500000E+01  .85260417E+00
   .12000000E+01  .83113944E+00
   .12500000E+01  .80940624E+00
   .13000000E+01  .78739683E+00
   .13500000E+01  .76510313E+00
   .14000000E+01  .74251672E+00
   .14500000E+01  .71962882E+00
   .15000000E+01  .69643027E+00
   .15500000E+01  .67291152E+00
   .16000000E+01  .64906258E+00
   .16500000E+01  .62487301E+00
   .17000000E+01  .60033192E+00
   .17500000E+01  .57542790E+00
   .18000000E+01  .55014900E+00
   .18500000E+01  .52448273E+00
   .19000000E+01  .49841598E+00
   .19500000E+01  .47193503E+00
   .20000000E+01  .44502545E+00
KBPotential  L  =      4.00000    .00000
  -.30000000E+01  .24446088E+01
  -.29500000E+01  .24348296E+01
  -.29000000E+01  .24250149E+01
  -.28500000E+01  .24151646E+01
  -.28000000E+01  .24052810E+01
  -.27500000E+01  .23953626E+01
  -.27000000E+01  .23854082E+01
  -.26500000E+01  .23754166E+01
  -.26000000E+01  .23653906E+01
  -.25500000E+01  .23553257E+01
  -.25000000E+01  .23452259E+01
  -.24500000E+01  .23350895E+01
  -.24000000E+01  .23249126E+01
  -.23500000E+01  .23146996E+01
  -.23000000E+01  .23044480E+01
  -.22500000E+01  .22941587E+01
  -.22000000E+01  .22838275E+01
  -.21500000E+01  .22734580E+01
  -.21000000E+01  .22630481E+01
  -.20500000E+01  .22525981E+01
  -.20000000E+01  .22421076E+01
  -.19500000E+01  .22315748E+01
  -.19000000E+01  .22210010E+01
  -.18500000E+01  .22103847E+01
  -.18000000E+01  .21997269E+01
  -.17500000E+01  .21890233E+01
  -.17000000E+01  .21782776E+01
  -.16500000E+01  .21674877E+01
  -.16000000E+01  .21566532E+01
  -.15500000E+01  .21457736E+01
  -.15000000E+01  .21348485E+01
  -.14500000E+01  .21238776E+01
  -.14000000E+01  .21128607E+01
  -.13500000E+01  .21017947E+01
  -.13000000E+01  .20906830E+01
  -.12500000E+01  .20795211E+01
  -.12000000E+01  .20683115E+01
  -.11500000E+01  .20570524E+01
  -.11000000E+01  .20457435E+01
  -.10500000E+01  .20343840E+01
  -.10000000E+01  .20229734E+01
  -.95000000E+00  .20115110E+01
  -.90000000E+00  .19999965E+01
  -.85000000E+00  .19884285E+01
  -.80000000E+00  .19768073E+01
  -.75000000E+00  .19651318E+01
  -.70000000E+00  .19534013E+01
  -.65000000E+00  .19416153E+01
  -.60000000E+00  .19297727E+01
  -.55000000E+00  .19178731E+01
  -.50000000E+00  .19059160E+01
  -.45000000E+00  .18939001E+01
  -.40000000E+00  .18818250E+01
  -.35000000E+00  .18696901E+01
  -.30000000E+00  .18574943E+01
  -.25000000E+00  .18452370E+01
  -.20000000E+00  .18329174E+01
  -.15000000E+00  .18205345E+01
  -.10000000E+00  .18080875E+01
  -.50000000E-01  .17955757E+01
  -.22898350E-14  .17829980E+01
   .50000000E-01  .17703537E+01
   .10000000E+00  .17576418E+01
   .15000000E+00  .17448614E+01
   .20000000E+00  .17320115E+01
   .25000000E+00  .17190911E+01
   .30000000E+00  .17060993E+01
   .35000000E+00  .16930351E+01
   .40000000E+00  .16798974E+01
   .45000000E+00  .16666851E+01
   .50000000E+00  .16533972E+01
   .55000000E+00  .16400326E+01
   .60000000E+00  .16265902E+01
   .65000000E+00  .16130688E+01
   .70000000E+00  .15994671E+01
   .75000000E+00  .15857841E+01
   .80000000E+00  .15720185E+01
   .85000000E+00  .15581690E+01
   .90000000E+00  .15442344E+01
   .95000000E+00  .15302133E+01
   .10000000E+01  .15161044E+01
   .10500000E+01  .15019062E+01
   .11000000E+01  .14876175E+01
   .11500000E+01  .14732367E+01
   .12000000E+01  .14587624E+01
   .12500000E+01  .14441930E+01
   .13000000E+01  .14295270E+01
   .13500000E+01  .14147629E+01
   .14000000E+01  .13998989E+01
   .14500000E+01  .13849335E+01
   .15000000E+01  .13698649E+01
   .15500000E+01  .13546913E+01
   .16000000E+01  .13394110E+01
   .16500000E+01  .13240221E+01
   .17000000E+01  .13085228E+01
   .17500000E+01  .12929111E+01
   .18000000E+01  .12771849E+01
   .18500000E+01  .12613424E+01
   .19000000E+01  .12453814E+01
   .19500000E+01  .12292997E+01
   .20000000E+01  .12130951E+01
