Fe:  d7 s1                              
  .132537990E-02  .134550549E-02  .136593633E-02  .138667703E-02  .140773228E-02
  .142910685E-02  .145080557E-02  .147283335E-02  .149519517E-02  .151789608E-02
  .154094121E-02  .156433578E-02  .158808507E-02  .161219445E-02  .163666937E-02
  .166151537E-02  .168673805E-02  .171234311E-02  .173833635E-02  .176472363E-02
  .179151091E-02  .181870424E-02  .184630978E-02  .187433375E-02  .190278247E-02
  .193166239E-02  .196098001E-02  .199074196E-02  .202095495E-02  .205162580E-02
  .208276145E-02  .211436892E-02  .214645533E-02  .217902794E-02  .221209408E-02
  .224566123E-02  .227973696E-02  .231432895E-02  .234944500E-02  .238509304E-02
  .242128111E-02  .245801737E-02  .249531010E-02  .253316771E-02  .257159873E-02
  .261061183E-02  .265021581E-02  .269041958E-02  .273123222E-02  .277266291E-02
  .281472099E-02  .285741595E-02  .290075739E-02  .294475508E-02  .298941893E-02
  .303475901E-02  .308078551E-02  .312750880E-02  .317493941E-02  .322308801E-02
  .327196544E-02  .332158271E-02  .337195097E-02  .342308156E-02  .347498599E-02
  .352767594E-02  .358116325E-02  .363545996E-02  .369057829E-02  .374653062E-02
  .380332954E-02  .386098782E-02  .391951841E-02  .397893449E-02  .403924940E-02
  .410047670E-02  .416263014E-02  .422572370E-02  .428977153E-02  .435478804E-02
  .442078782E-02  .448778570E-02  .455579672E-02  .462483615E-02  .469491949E-02
  .476606247E-02  .483828106E-02  .491159146E-02  .498601012E-02  .506155374E-02
  .513823927E-02  .521608390E-02  .529510509E-02  .537532056E-02  .545674830E-02
  .553940656E-02  .562331386E-02  .570848902E-02  .579495111E-02  .588271952E-02
  .597181389E-02  .606225419E-02  .615406068E-02  .624725390E-02  .634185472E-02
  .643788433E-02  .653536421E-02  .663431618E-02  .673476238E-02  .683672529E-02
  .694022771E-02  .704529278E-02  .715194402E-02  .726020526E-02  .737010070E-02
  .748165490E-02  .759489281E-02  .770983972E-02  .782652130E-02  .794496364E-02
  .806519317E-02  .818723674E-02  .831112161E-02  .843687543E-02  .856452626E-02
  .869410259E-02  .882563333E-02  .895914782E-02  .909467584E-02  .923224761E-02
  .937189381E-02  .951364557E-02  .965753447E-02  .980359258E-02  .995185244E-02
  .101023471E-01  .102551100E-01  .104101753E-01  .105675774E-01  .107273513E-01
  .108895327E-01  .110541576E-01  .112212626E-01  .113908850E-01  .115630623E-01
  .117378330E-01  .119152358E-01  .120953102E-01  .122780962E-01  .124636343E-01
  .126519659E-01  .128431327E-01  .130371772E-01  .132341424E-01  .134340720E-01
  .136370104E-01  .138430027E-01  .140520944E-01  .142643320E-01  .144797625E-01
  .146984337E-01  .149203940E-01  .151456925E-01  .153743792E-01  .156065047E-01
  .158421204E-01  .160812785E-01  .163240318E-01  .165704340E-01  .168205397E-01
  .170744041E-01  .173320834E-01  .175936345E-01  .178591152E-01  .181285841E-01
  .184021008E-01  .186797256E-01  .189615198E-01  .192475456E-01  .195378661E-01
  .198325453E-01  .201316482E-01  .204352407E-01  .207433897E-01  .210561631E-01
  .213736298E-01  .216958597E-01  .220229238E-01  .223548939E-01  .226918432E-01
  .230338457E-01  .233809767E-01  .237333124E-01  .240909303E-01  .244539090E-01
  .248223281E-01  .251962685E-01  .255758124E-01  .259610430E-01  .263520447E-01
  .267489034E-01  .271517061E-01  .275605410E-01  .279754977E-01  .283966670E-01
  .288241412E-01  .292580139E-01  .296983799E-01  .301453357E-01  .305989788E-01
  .310594086E-01  .315267255E-01  .320010318E-01  .324824308E-01  .329710278E-01
  .334669293E-01  .339702436E-01  .344810803E-01  .349995508E-01  .355257681E-01
  .360598468E-01  .366019033E-01  .371520554E-01  .377104229E-01  .382771273E-01
  .388522917E-01  .394360412E-01  .400285026E-01  .406298045E-01  .412400775E-01
  .418594540E-01  .424880683E-01  .431260569E-01  .437735578E-01  .444307115E-01
  .450976603E-01  .457745484E-01  .464615225E-01  .471587310E-01  .478663248E-01
  .485844567E-01  .493132819E-01  .500529577E-01  .508036438E-01  .515655022E-01
  .523386971E-01  .531233952E-01  .539197655E-01  .547279797E-01  .555482115E-01
  .563806376E-01  .572254369E-01  .580827911E-01  .589528842E-01  .598359033E-01
  .607320378E-01  .616414799E-01  .625644248E-01  .635010702E-01  .644516168E-01
  .654162680E-01  .663952305E-01  .673887135E-01  .683969295E-01  .694200939E-01
  .704584252E-01  .715121452E-01  .725814785E-01  .736666532E-01  .747679006E-01
  .758854552E-01  .770195550E-01  .781704413E-01  .793383588E-01  .805235557E-01
  .817262838E-01  .829467985E-01  .841853586E-01  .854422268E-01  .867176695E-01
  .880119568E-01  .893253627E-01  .906581651E-01  .920106456E-01  .933830901E-01
  .947757884E-01  .961890344E-01  .976231262E-01  .990783659E-01  .100555060E+00
  .102053520E+00  .103574060E+00  .105117001E+00  .106682666E+00  .108271384E+00
  .109883488E+00  .111519317E+00  .113179213E+00  .114863524E+00  .116572602E+00
  .118306805E+00  .120066495E+00  .121852039E+00  .123663809E+00  .125502185E+00
  .127367548E+00  .129260288E+00  .131180797E+00  .133129475E+00  .135106727E+00
  .137112964E+00  .139148601E+00  .141214060E+00  .143309770E+00  .145436164E+00
  .147593681E+00  .149782767E+00  .152003875E+00  .154257462E+00  .156543993E+00
  .158863939E+00  .161217777E+00  .163605991E+00  .166029072E+00  .168487518E+00
  .170981831E+00  .173512524E+00  .176080115E+00  .178685128E+00  .181328096E+00
  .184009559E+00  .186730064E+00  .189490165E+00  .192290424E+00  .195131411E+00
  .198013703E+00  .200937886E+00  .203904553E+00  .206914305E+00  .209967751E+00
  .213065509E+00  .216208205E+00  .219396474E+00  .222630959E+00  .225912310E+00
  .229241190E+00  .232618266E+00  .236044217E+00  .239519731E+00  .243045505E+00
  .246622243E+00  .250250662E+00  .253931487E+00  .257665452E+00  .261453301E+00
  .265295789E+00  .269193681E+00  .273147749E+00  .277158781E+00  .281227569E+00
  .285354921E+00  .289541652E+00  .293788590E+00  .298096572E+00  .302466448E+00
  .306899077E+00  .311395331E+00  .315956093E+00  .320582258E+00  .325274730E+00
  .330034429E+00  .334862284E+00  .339759237E+00  .344726243E+00  .349764268E+00
  .354874291E+00  .360057303E+00  .365314311E+00  .370646330E+00  .376054393E+00
  .381539543E+00  .387102836E+00  .392745345E+00  .398468154E+00  .404272361E+00
  .410159079E+00  .416129434E+00  .422184568E+00  .428325636E+00  .434553809E+00
  .440870270E+00  .447276220E+00  .453772875E+00  .460361464E+00  .467043233E+00
  .473819444E+00  .480691374E+00  .487660316E+00  .494727579E+00  .501894489E+00
  .509162389E+00  .516532636E+00  .524006606E+00  .531585692E+00  .539271304E+00
  .547064867E+00  .554967828E+00  .562981648E+00  .571107808E+00  .579347804E+00
  .587703154E+00  .596175393E+00  .604766074E+00  .613476769E+00  .622309069E+00
  .631264584E+00  .640344944E+00  .649551799E+00  .658886816E+00  .668351685E+00
  .677948114E+00  .687677833E+00  .697542590E+00  .707544157E+00  .717684323E+00
  .727964902E+00  .738387726E+00  .748954649E+00  .759667549E+00  .770528323E+00
  .781538890E+00  .792701194E+00  .804017199E+00  .815488891E+00  .827118281E+00
  .838907401E+00  .850858307E+00  .862973078E+00  .875253818E+00  .887702652E+00
  .900321730E+00  .913113228E+00  .926079344E+00  .939222300E+00  .952544345E+00
  .966047751E+00  .979734816E+00  .993607862E+00  .100766924E+01  .102192132E+01
  .103636650E+01  .105100721E+01  .106584590E+01  .108088506E+01  .109612717E+01
  .111157477E+01  .112723043E+01  .114309673E+01  .115917627E+01  .117547170E+01
  .119198569E+01  .120872093E+01  .122568013E+01  .124286606E+01  .126028150E+01
  .127792924E+01  .129581212E+01  .131393301E+01  .133229481E+01  .135090042E+01
  .136975281E+01  .138885495E+01  .140820985E+01  .142782056E+01  .144769013E+01
  .146782167E+01  .148821831E+01  .150888320E+01  .152981953E+01  .155103052E+01
  .157251941E+01  .159428949E+01  .161634407E+01  .163868648E+01  .166132010E+01
  .168424832E+01  .170747458E+01  .173100234E+01  .175483509E+01  .177897636E+01
  .180342970E+01  .182819870E+01  .185328697E+01  .187869817E+01  .190443597E+01
  .193050409E+01  .195690626E+01  .198364626E+01  .201072788E+01  .203815498E+01
  .206593140E+01  .209406106E+01  .212254786E+01  .215139579E+01  .218060881E+01
  .221019096E+01  .224014627E+01  .227047885E+01  .230119278E+01  .233229222E+01
  .236378134E+01  .239566434E+01  .242794544E+01  .246062892E+01  .249371906E+01
  .252722018E+01  .256113662E+01  .259547278E+01  .263023304E+01  .266542186E+01
  .270104368E+01  .273710300E+01  .277360433E+01  .281055223E+01  .284795126E+01
  .288580602E+01  .292412113E+01  .296290124E+01  .300215104E+01  .304187521E+01
  .308207849E+01  .312276562E+01  .316394138E+01  .320561055E+01  .324777796E+01
  .329044844E+01  .333362686E+01  .337731811E+01  .342152707E+01  .346625868E+01
  .351151787E+01  .355730960E+01  .360363886E+01  .365051063E+01  .369792993E+01
  .374590178E+01  .379443123E+01  .384352332E+01  .389318312E+01  .394341572E+01
  .399422621E+01  .404561968E+01  .409760125E+01  .415017605E+01  .420334919E+01
  .425712581E+01  .431151104E+01  .436651005E+01  .442212796E+01  .447836993E+01
  .453524111E+01  .459274665E+01  .465089170E+01  .470968141E+01  .476912091E+01
  .482921534E+01  .488996983E+01  .495138950E+01  .501347947E+01  .507624483E+01
  .513969068E+01  .520382208E+01  .526864409E+01  .533416176E+01  .540038011E+01
  .546730413E+01  .553493881E+01  .560328910E+01  .567235992E+01  .574215619E+01
  .581268276E+01  .588394449E+01  .595594616E+01  .602869256E+01  .610218841E+01
  .617643841E+01  .625144720E+01  .632721939E+01  .640375954E+01  .648107216E+01
  .655916171E+01  .663803259E+01  .671768915E+01  .679813569E+01  .687937643E+01
  .696141555E+01  .704425714E+01  .712790524E+01  .721236381E+01  .729763673E+01
  .738372782E+01  .747064081E+01  .755837935E+01  .764694700E+01  .773634724E+01
  .782658345E+01  .791765892E+01  .800957684E+01  .810234031E+01  .819595231E+01
  .829041572E+01  .838573331E+01  .848190775E+01  .857894157E+01  .867683718E+01
  .877559689E+01  .887522286E+01  .897571713E+01  .907708161E+01  .917931804E+01
  .928242806E+01  .938641315E+01  .949127462E+01  .959701366E+01  .970363127E+01
  .981112832E+01  .991950549E+01  .100287633E+02  .101389021E+02  .102499221E+02
  .103618232E+02  .104746052E+02  .105882679E+02  .107028105E+02  .108182323E+02
  .109345323E+02  .110517094E+02  .111697621E+02  .112886889E+02  .114084878E+02
  .115291569E+02  .116506938E+02  .117730961E+02  .118963609E+02  .120204853E+02
  .121454660E+02  .122712995E+02  .123979821E+02  .125255098E+02  .126538782E+02
  .127830829E+02  .129131189E+02  .130439813E+02  .131756645E+02  .133081630E+02
  .134414708E+02  .135755815E+02  .137104887E+02  .138461855E+02  .139826647E+02
  .141199187E+02  .142579398E+02  .143967198E+02  .145362503E+02  .146765224E+02
  .148175270E+02  .149592546E+02  .151016954E+02  .152448391E+02  .153886753E+02
  .155331931E+02  .156783812E+02  .158242279E+02  .159707212E+02  .161178489E+02
  .162655981E+02  .164139556E+02  .165629080E+02  .167124414E+02  .168625414E+02
  .170131933E+02  .171643821E+02  .173160922E+02  .174683076E+02  .176210121E+02
  .177741890E+02  .179278210E+02  .180818906E+02  .182363798E+02  .183912702E+02
  .185465430E+02  .187021788E+02  .188581581E+02  .190144606E+02  .191710657E+02
  .193279526E+02  .194850998E+02  .196424854E+02  .198000872E+02  .199578823E+02
  .201158477E+02  .202739598E+02  .204321944E+02  .205905271E+02  .207489330E+02
  .209073868E+02  .210658627E+02  .212243345E+02  .213827755E+02  .215411586E+02
  .216994565E+02  .218576411E+02  .220156841E+02  .221735568E+02  .223312300E+02
  .224886741E+02  .226458592E+02  .228027548E+02  .229593302E+02  .231155543E+02
  .232713953E+02  .234268215E+02  .235818006E+02  .237362997E+02  .238902859E+02
  .240437259E+02  .241965858E+02  .243488316E+02  .245004289E+02  .246513429E+02
  .248015387E+02  .249509810E+02  .250996340E+02  .252474619E+02  .253944286E+02
  .255404976E+02  .256856322E+02  .258297956E+02  .259729506E+02  .261150599E+02
  .262560861E+02  .263959913E+02  .265347379E+02  .266722877E+02  .268086026E+02
  .269436444E+02  .270773749E+02  .272097554E+02  .273407476E+02  .274703129E+02
  .275984128E+02  .277250088E+02  .278500622E+02  .279735346E+02  .280953875E+02
  .282155825E+02  .283340814E+02  .284508460E+02  .285658382E+02  .286790202E+02
  .287903544E+02  .288998033E+02  .290073297E+02  .291128966E+02  .292164674E+02
  .293180057E+02  .294174755E+02  .295148412E+02  .296100675E+02  .297031196E+02
  .297939632E+02  .298825643E+02  .299688896E+02  .300529062E+02  .301345818E+02
  .302138848E+02  .302907841E+02  .303652493E+02  .304372506E+02  .305067591E+02
  .305737466E+02  .306381855E+02  .307000492E+02  .307593119E+02  .308159487E+02
  .308699356E+02  .309212494E+02  .309698681E+02  .310157706E+02  .310589367E+02
  .310993476E+02  .311369853E+02  .311718331E+02  .312038753E+02  .312330977E+02
  .312594871E+02  .312830315E+02  .313037204E+02  .313215445E+02  .313364960E+02
  .313485684E+02  .313577565E+02  .313640567E+02  .313674668E+02  .313679863E+02
  .313656161E+02  .313603585E+02  .313522177E+02  .313411994E+02  .313273109E+02
  .313105612E+02  .312909611E+02  .312685230E+02  .312432611E+02  .312151913E+02
  .311843315E+02  .311507012E+02  .311143218E+02  .310752166E+02  .310334108E+02
  .309889314E+02  .309418072E+02  .308920693E+02  .308397502E+02  .307848849E+02
  .307275099E+02  .306676638E+02  .306053874E+02  .305407231E+02  .304737156E+02
  .304044113E+02  .303328588E+02  .302591085E+02  .301832131E+02  .301052268E+02
  .300252062E+02  .299432096E+02  .298592973E+02  .297735317E+02  .296859768E+02
  .295966989E+02  .295057658E+02  .294132475E+02  .293192156E+02  .292237437E+02
  .291269072E+02  .290287830E+02  .289294501E+02  .288289890E+02  .287274819E+02
  .286250126E+02  .285216666E+02  .284175309E+02  .283126939E+02  .282072456E+02
  .281012773E+02  .279948817E+02  .278881529E+02  .277811861E+02  .276740778E+02
  .275669254E+02  .274598277E+02  .273528843E+02  .272461956E+02  .271398632E+02
  .270339891E+02  .269286763E+02  .268240284E+02  .267201493E+02  .266171437E+02
  .265151165E+02  .264141728E+02  .263144182E+02  .262159582E+02  .261188983E+02
  .260233442E+02  .259294011E+02  .258371742E+02  .257467682E+02  .256582873E+02
  .255718354E+02  .254875155E+02  .254054298E+02  .253256797E+02  .252483657E+02
  .251735871E+02  .251014420E+02  .250320272E+02  .249654381E+02  .249017684E+02
  .248411104E+02  .247835545E+02  .247291891E+02  .246781008E+02  .246303740E+02
  .245860909E+02  .245453312E+02  .245081724E+02  .244746892E+02  .244449538E+02
  .244190354E+02  .243970005E+02  .243789124E+02  .243648313E+02  .243548142E+02
  .243489148E+02  .243471832E+02  .243496660E+02  .243564061E+02  .243674427E+02
  .243828112E+02  .244025427E+02  .244266647E+02  .244552001E+02  .244881680E+02
  .245255827E+02  .245674545E+02  .246137889E+02  .246645871E+02  .247198456E+02
  .247795560E+02  .248437053E+02  .249122757E+02  .249852444E+02  .250625837E+02
  .251442610E+02  .252302387E+02  .253204739E+02  .254149188E+02  .255135205E+02
  .256162209E+02  .257229568E+02  .258336598E+02  .259482564E+02  .260666677E+02
  .261888100E+02  .263145943E+02  .264439265E+02  .265767073E+02  .267128325E+02
  .268521930E+02  .269946744E+02  .271401576E+02  .272885188E+02  .274396291E+02
  .275933551E+02  .277495587E+02  .279080974E+02  .280688240E+02  .282315874E+02
  .283962317E+02  .285625973E+02  .287305205E+02  .288998338E+02  .290703657E+02
  .292419415E+02  .294143828E+02  .295875079E+02  .297611322E+02  .299350679E+02
  .301091246E+02  .302831091E+02  .304568260E+02  .306300774E+02  .308026636E+02
  .309743830E+02  .311450323E+02  .313144069E+02  .314823008E+02  .316485073E+02
  .318128187E+02  .319750268E+02  .321349233E+02  .322922997E+02  .324469476E+02
  .325986593E+02  .327472274E+02  .328924458E+02  .330341094E+02  .331720145E+02
  .333059591E+02  .334357433E+02  .335611691E+02  .336820413E+02  .337981673E+02
  .339093573E+02  .340154249E+02  .341161874E+02  .342114655E+02  .343010840E+02
  .343848722E+02  .344626637E+02  .345342968E+02  .345996152E+02  .346584674E+02
  .347107077E+02  .347561960E+02  .347947983E+02  .348263867E+02  .348508397E+02
  .348680425E+02  .348778871E+02  .348802726E+02  .348751052E+02  .348622988E+02
  .348417747E+02  .348134620E+02  .347772978E+02  .347332274E+02  .346812041E+02
  .346211900E+02  .345531553E+02  .344770792E+02  .343929493E+02  .343007625E+02
  .342005241E+02  .340922490E+02  .339759607E+02  .338516921E+02  .337194851E+02
  .335793909E+02  .334314700E+02  .332757920E+02  .331124357E+02  .329414891E+02
  .327630495E+02  .325772230E+02  .323841250E+02  .321838798E+02  .319766205E+02
  .317624891E+02  .315416361E+02  .313142206E+02  .310804102E+02  .308403805E+02
  .305943152E+02  .303424060E+02  .300848522E+02  .298218606E+02  .295536450E+02
  .292804265E+02  .290024327E+02  .287198979E+02  .284330626E+02  .281421729E+02
  .278474809E+02  .275492439E+02  .272477241E+02  .269431885E+02  .266359084E+02
  .263261590E+02  .260142191E+02  .257003710E+02  .253848996E+02  .250680924E+02
  .247502391E+02  .244316310E+02  .241125607E+02  .237933219E+02  .234742085E+02
  .231555147E+02  .228375342E+02  .225205603E+02  .222048846E+02  .218907976E+02
  .215785875E+02  .212685401E+02  .209609384E+02  .206560623E+02  .203541876E+02
  .200555864E+02  .197605260E+02  .194692692E+02  .191820731E+02  .188991894E+02
  .186208636E+02  .183473349E+02  .180788356E+02  .178155911E+02  .175578191E+02
  .173057296E+02  .170595246E+02  .168193975E+02  .165855331E+02  .163581073E+02
  .161372868E+02  .159232287E+02  .157160804E+02  .155159796E+02  .153230535E+02
  .151374194E+02  .149591839E+02  .147884431E+02  .146252822E+02  .144697756E+02
  .143219868E+02  .141819682E+02  .140497608E+02  .139253949E+02  .138088890E+02
  .137002506E+02  .135994759E+02  .135065499E+02  .134214460E+02  .133441266E+02
  .132745428E+02  .132126347E+02  .131583310E+02  .131115498E+02  .130721981E+02
  .130401722E+02  .130153579E+02  .129976304E+02  .129868551E+02  .129828870E+02
  .129855716E+02  .129947449E+02  .130102337E+02  .130318559E+02  .130594213E+02
  .130927312E+02  .131315794E+02  .131757525E+02  .132250303E+02  .132791861E+02
  .133379873E+02  .134011962E+02  .134685698E+02  .135398608E+02  .136148179E+02
  .136931863E+02  .137747082E+02  .138591231E+02  .139461685E+02  .140355802E+02
  .141270928E+02  .142204400E+02  .143153555E+02  .144115726E+02  .145088257E+02
  .146068497E+02  .147053811E+02  .148041581E+02  .149029212E+02  .150014134E+02
  .150993809E+02  .151965729E+02  .152927429E+02  .153876481E+02  .154810506E+02
  .155727170E+02  .156624194E+02  .157499354E+02  .158350485E+02  .159175481E+02
  .159972307E+02  .160738989E+02  .161473627E+02  .162174393E+02  .162839536E+02
  .163467379E+02  .164056326E+02  .164604863E+02  .165111558E+02  .165575063E+02
  .165994117E+02  .166367544E+02  .166694258E+02  .166973260E+02  .167203639E+02
  .167384574E+02  .167515336E+02  .167595282E+02  .167623861E+02  .167600609E+02
  .167525152E+02  .167397202E+02  .167216561E+02  .166983114E+02  .166696832E+02
  .166357768E+02  .165966061E+02  .165521924E+02  .165025655E+02  .164477624E+02
  .163878278E+02  .163228137E+02  .162527790E+02  .161777895E+02  .160979175E+02
  .160132418E+02  .159238471E+02  .158298241E+02  .157312688E+02  .156282827E+02
  .155209722E+02  .154094485E+02  .152938270E+02  .151742275E+02  .150507736E+02
  .149235924E+02  .147928142E+02  .146585726E+02  .145210037E+02  .143802458E+02
  .142364396E+02  .140897277E+02  .139402541E+02  .137881640E+02  .136336038E+02
  .134767206E+02  .133176620E+02  .131565757E+02  .129936094E+02  .128289108E+02
  .126626268E+02  .124949037E+02  .123258867E+02  .121557200E+02  .119845463E+02
  .118125069E+02  .116397411E+02  .114663863E+02  .112925779E+02  .111184490E+02
  .109441300E+02  .107697490E+02  .105954311E+02  .104212989E+02  .102474717E+02
  .100740659E+02  .990119434E+01  .972896712E+01  .955749051E+01  .938686762E+01
  .921719780E+01  .904857705E+01  .888109754E+01  .871484795E+01  .854991308E+01
  .838637418E+01  .822430856E+01  .806378998E+01  .790488821E+01  .774766948E+01
  .759219606E+01  .743852670E+01  .728671621E+01  .713681596E+01  .698887343E+01
  .684293275E+01  .669903424E+01  .655721489E+01  .641750813E+01  .627994406E+01
  .614454940E+01  .601134768E+01  .588035914E+01  .575160102E+01  .562508741E+01
  .550082955E+01  .537883569E+01  .525911134E+01  .514165924E+01  .502647966E+01
  .491357002E+01  .480292593E+01  .469453988E+01  .458840299E+01  .448450338E+01
  .438282799E+01  .428336097E+01  .418608545E+01  .409098197E+01  .399803029E+01
  .390720768E+01  .381849089E+01  .373185434E+01  .364727210E+01  .356471612E+01
  .348415816E+01  .340556802E+01  .332891554E+01  .325416870E+01  .318129571E+01
  .311026311E+01  .304103779E+01  .297358514E+01  .290787104E+01  .284386001E+01
  .278151723E+01  .272080662E+01  .266169290E+01  .260413964E+01  .254811138E+01
  .249357158E+01  .244048478E+01  .238881456E+01  .233852569E+01  .228958204E+01
  .224194879E+01  .219559030E+01  .215047233E+01  .210655987E+01  .206381938E+01
  .202221666E+01  .198171901E+01  .194229310E+01  .190390720E+01  .186652900E+01
  .183012781E+01  .179467240E+01  .176013320E+01  .172648015E+01  .169368489E+01
  .166171855E+01  .163055400E+01  .160016364E+01  .157052164E+01  .154160166E+01
  .151337917E+01  .148582914E+01  .145892838E+01  .143265316E+01  .140698160E+01
  .138189129E+01  .135736167E+01  .133337164E+01  .130990194E+01  .128693275E+01
  .126444610E+01  .124242345E+01  .122084807E+01  .119970266E+01  .117897173E+01
  .115863918E+01  .113869069E+01  .111911135E+01  .109988800E+01  .108100682E+01
  .106245579E+01  .104422217E+01  .102629498E+01  .100866254E+01  .991314869E+00
  .974241281E+00  .957432772E+00  .940879576E+00  .924573611E+00  .908506007E+00
  .892669545E+00  .877056188E+00  .861659533E+00  .846472338E+00  .831488962E+00
  .816702896E+00  .802109215E+00  .787702103E+00  .773477301E+00  .759429627E+00
  .745555436E+00  .731850148E+00  .718310685E+00  .704933007E+00  .691714559E+00
  .678651807E+00  .665742675E+00  .652984077E+00  .640374373E+00  .627910896E+00
  .615592399E+00  .603416581E+00  .591382545E+00  .579488330E+00  .567733352E+00
  .556115937E+00  .544635777E+00  .533291461E+00  .522082919E+00  .511008957E+00
  .500069709E+00  .489264178E+00  .478592667E+00  .468054329E+00  .457649611E+00
  .447377794E+00  .437239438E+00  .427233915E+00  .417361867E+00  .407622745E+00
  .398017245E+00  .388544857E+00  .379206312E+00  .370001126E+00  .360930041E+00
  .351992563E+00  .343189429E+00  .334520129E+00  .325985370E+00  .317584600E+00
  .309318485E+00  .301186412E+00  .293189000E+00  .285325559E+00  .277596637E+00
  .270001470E+00  .262540378E+00  .255212968E+00  .248018978E+00  .240958096E+00
  .234029960E+00  .227234159E+00  .220570229E+00  .214037653E+00  .207635864E+00
  .201364238E+00  .195222101E+00  .189208725E+00  .183323328E+00  .177565079E+00
  .171933093E+00  .166426435E+00  .161044119E+00  .155785114E+00  .150648337E+00
  .145632662E+00  .140736917E+00  .135959887E+00  .131300317E+00  .126756910E+00
  .122328331E+00  .118013210E+00  .113810140E+00  .109717684E+00  .105734373E+00
  .101858708E+00  .980891644E-01  .944241914E-01  .908622153E-01  .874016408E-01
  .840408531E-01  .807782196E-01  .776120918E-01  .745408070E-01  .715626901E-01
  .686760554E-01  .658792078E-01  .631704453E-01  .605480596E-01  .580103384E-01
  .555555664E-01  .531820271E-01  .508880038E-01  .486717815E-01  .465316475E-01
  .444658934E-01  .424728156E-01  .405507172E-01  .386979085E-01  .369127086E-01
  .351934458E-01  .335384595E-01  .319461004E-01  .304147320E-01  .289427310E-01
  .275284886E-01  .261704114E-01  .248669218E-01  .236164591E-01  .224174803E-01
  .212684606E-01  .201678945E-01  .191142961E-01  .181062001E-01  .171421620E-01
  .162207593E-01  .153405917E-01  .145002816E-01  .136984750E-01  .129338416E-01
  .122050757E-01  .115108960E-01  .108500470E-01  .102212982E-01  .962344549E-02
  .905531085E-02  .851574285E-02  .800361686E-02  .751783526E-02  .705732762E-02
  .662105084E-02  .620798922E-02  .581715458E-02  .544758621E-02  .509835093E-02
  .476854301E-02  .445728404E-02  .416372289E-02  .388703550E-02  .362642467E-02
  .338111988E-02  .315037700E-02  .293347799E-02  .272973060E-02  .253846801E-02
  .235904842E-02  .219085471E-02  .203329392E-02  .188579689E-02  .174781772E-02
  .161883329E-02  .149834278E-02  .138586710E-02  .128094838E-02  .118314942E-02
  .109205310E-02  .100726183E-02  .928396975E-03  .855098267E-03  .787023221E-03
  .723846547E-03  .665259567E-03  .610969627E-03  .560699514E-03  .514186878E-03
  .471183660E-03  .431455522E-03  .394781292E-03  .360952409E-03  .329772387E-03
  .301056279E-03  .274630158E-03  .250330614E-03  .228004251E-03  .207507213E-03
  .188704704E-03  .171470543E-03  .155686715E-03  .141242948E-03  .128036297E-03
  .115970748E-03  .104956834E-03  .949112642E-04  .857565715E-04  .774207720E-04
  .698370394E-04  .629433930E-04  .566824012E-04  .510008972E-04  .458497088E-04
  .411834015E-04  .369600345E-04  .331409284E-04  .296904463E-04  .265757856E-04
  .237667817E-04  .212357228E-04  .189571752E-04  .169078185E-04  .150662909E-04
  .134130443E-04  .119302075E-04  .106014587E-04  .941190598E-05  .834797546E-05
  .739730721E-05  .654865791E-05  .579181031E-05  .511748908E-05  .451728248E-05
  .398356985E-05  .350945430E-05  .308870041E-05  .271567668E-05  .238530235E-05
  .209299837E-05  .183464219E-05  .160652622E-05  .140531961E-05  .122803318E-05
  .107198729E-05  .934782353E-06  .814271955E-06  .708538232E-06  .615869427E-06
  .534739442E-06  .463789219E-06  .401809821E-06  .347727061E-06  .300587573E-06
  .259546189E-06  .223854523E-06  .192850656E-06  .165949831E-06  .142636061E-06
  .122454582E-06  .105005062E-06  .899355122E-07  .769368177E-07  .657378465E-07
  .561010718E-07  .478186628E-07  .407089964E-07  .346135503E-07  .293941382E-07
  .249304528E-07  .211178855E-07  .178655946E-07  .150947947E-07  .127372455E-07
  .107339173E-07  .903381514E-08  .759294330E-08  .637339536E-08  .534255515E-08
  .447239644E-08  .373886971E-08  .312136627E-08  .260225027E-08  .216645090E-08
  .180110733E-08  .149526013E-08  .123958340E-08  .102615267E-08  .848243987E-09
  .700160326E-09  .577081810E-09  .474936663E-09  .390290194E-09  .320249447E-09
  .262381419E-09  .214643036E-09  .175321278E-09  .142982070E-09  .116426716E-09
  .946548299E-10  .768328408E-10  .622672748E-10  .503821299E-10  .406997449E-10
  .328246508E-10  .264299618E-10  .212459249E-10  .170503019E-10  .136603082E-10
  .109258544E-10  .872391507E-11  .695381191E-11  .553330229E-11  .439531714E-11
  .348525673E-11  .275875041E-11  .217980387E-11  .171926990E-11  .135358817E-11
  .106374876E-11  .834441220E-12  .653357217E-12  .510620155E-12  .398319481E-12
  .310131193E-12  .241009185E-12  .186934677E-12  .144713196E-12  .111810398E-12
  .862195620E-13  .663548574E-13  .509655364E-13  .390670926E-13  .298861380E-13
  .228163553E-13  .173833721E-13  .132168066E-13  .100280670E-13  .759275665E-14
  .573675948E-14  .432525787E-14  .325408449E-14  .244292599E-14  .182999383E-14
  .136785446E-14  .102017383E-14  .759181344E-15  .563698548E-15  .417610382E-15
  .308682163E-15  .227646254E-15  .167498534E-15  .122957719E-15  .900508009E-16
  .657959284E-16  .479603930E-16  .348763711E-16  .253009723E-16  .183101950E-16
  .132187684E-16  .951970856E-17  .683885320E-17  .490074557E-17  .350309977E-17
  .249773588E-17  .177638174E-17  .126012595E-17  .891602955E-18  .629217672E-18
  .442888207E-18  .310915939E-18  .217690432E-18  .152010977E-18  .105862348E-18
  .735242700E-19  .509253648E-19  .351757491E-19  .242298002E-19  .166435138E-19
  .114004055E-19  .778694289E-20  .530366832E-20  .360196597E-20  .243920265E-20
  .164699497E-20  .110882702E-20  .744309266E-21  .498140725E-21  .332391956E-21
  .221125875E-21  .146659409E-21  .969733155E-22  .639229890E-22  .420063477E-22
  .275179592E-22  .179701347E-22  .116979711E-22  .759073924E-23  .490978031E-23
  .316544353E-23  .203419037E-23  .130293587E-23  .831799666E-24  .529259236E-24
  .335630808E-24  .212123334E-24  .133609648E-24  .838685926E-25  .524641173E-25
  .327051464E-25  .203165365E-25  .125762784E-25  .775733338E-26  .476781576E-26
  .291985929E-26  .178167498E-26  .108319760E-26  .656127123E-27  .395965846E-27
  .238070251E-27  .142599603E-27  .850913266E-28  .505817629E-28  .299524323E-28
  .176679986E-28  .103811935E-28  .607574174E-29  .354185445E-29  .205649980E-29
  .118926937E-29  .684971200E-30  .392908740E-30  .224452796E-30  .127690567E-30
  .723401599E-31  .408106211E-31  .229258866E-31  .128240214E-31  .714255026E-32
  .396094698E-32  .218699068E-32  .120221572E-32  .657946626E-33  .358473293E-33
  .194431111E-33  .104978968E-33  .564223345E-34  .301853689E-34  .160739614E-34
  .851950790E-35  .449422955E-35  .235954891E-35  .123287598E-35  .641076700E-36
  .331729539E-36  .170814623E-36  .875216981E-37  .446209774E-37  .226348588E-37
  .114239005E-37  .573629297E-38  .286556819E-38  .142408114E-38  .704020283E-39
  .346213327E-39  .169352700E-39  .823970366E-40  .398734133E-40  .191906044E-40
  .918561431E-41  .437242942E-41  .206972681E-41  .974224989E-42  .455975768E-42
  .212197662E-42  .981828585E-43  .451654913E-43  .206553890E-43  .939063601E-44
  .424395609E-44  .190651441E-44  .851297907E-45  .377810538E-45  .166646500E-45
  .730510385E-46  .318231330E-46  .137760252E-46  .592580461E-47  .253274180E-47
  .107555426E-47  .453783824E-48  .190203398E-48  .791985529E-49  .327584170E-49
  .134589775E-49  .549239000E-50  .222611347E-50  .896078747E-51  .358207076E-51
  .142195955E-51  .560507269E-52  .219377380E-52  .852500301E-53  .328900642E-53
  .125973044E-53  .478970245E-54  .180772985E-54  .677219293E-55  .251812247E-55
  .929349821E-56  .340445555E-56  .123837762E-56  .447699046E-57  .161489550E-57
  .591191640E-58  .197617147E-58  .696020881E-59  .245759159E-59  .894185687E-60
  .352619843E-60  .173685880E-60  .133554833E-60  .000000000E+00  .000000000E+00
  .000000000E+00  .000000000E+00  .000000000E+00  .000000000E+00  .000000000E+00
  .000000000E+00  .000000000E+00  .000000000E+00  .000000000E+00  .000000000E+00
  .000000000E+00  .000000000E+00  .000000000E+00  .000000000E+00  .000000000E+00
  .000000000E+00  .000000000E+00  .000000000E+00  .000000000E+00  .000000000E+00
  .000000000E+00  .000000000E+00  .000000000E+00  .000000000E+00  .000000000E+00
  .000000000E+00  .000000000E+00  .000000000E+00  .000000000E+00  .000000000E+00
  .000000000E+00  .000000000E+00  .000000000E+00  .000000000E+00  .000000000E+00
  .000000000E+00  .000000000E+00  .000000000E+00  .000000000E+00  .000000000E+00
  .000000000E+00  .000000000E+00  .000000000E+00  .000000000E+00  .000000000E+00
  .000000000E+00  .000000000E+00  .000000000E+00  .000000000E+00  .000000000E+00
  .000000000E+00  .000000000E+00  .000000000E+00  .000000000E+00  .000000000E+00
  .000000000E+00  .000000000E+00  .000000000E+00  .000000000E+00  .000000000E+00
  .000000000E+00  .000000000E+00  .000000000E+00  .000000000E+00  .000000000E+00
  .000000000E+00  .000000000E+00  .000000000E+00  .000000000E+00  .000000000E+00
  .000000000E+00  .000000000E+00  .000000000E+00  .000000000E+00  .000000000E+00
  .000000000E+00  .000000000E+00  .000000000E+00  .000000000E+00  .000000000E+00
  .000000000E+00  .000000000E+00  .000000000E+00  .000000000E+00  .000000000E+00
  .000000000E+00  .000000000E+00  .000000000E+00  .000000000E+00  .000000000E+00
  .000000000E+00  .000000000E+00  .000000000E+00  .000000000E+00  .000000000E+00
  .000000000E+00  .000000000E+00  .000000000E+00  .000000000E+00  .000000000E+00
  .000000000E+00  .000000000E+00  .000000000E+00  .000000000E+00  .000000000E+00
  .000000000E+00  .000000000E+00  .000000000E+00  .000000000E+00  .000000000E+00
  .000000000E+00  .000000000E+00  .000000000E+00  .000000000E+00  .000000000E+00
  .000000000E+00  .000000000E+00  .000000000E+00  .000000000E+00  .000000000E+00
  .000000000E+00  .000000000E+00  .000000000E+00  .000000000E+00  .000000000E+00
  .000000000E+00  .000000000E+00  .000000000E+00  .000000000E+00  .000000000E+00
  .000000000E+00  .000000000E+00  .000000000E+00  .000000000E+00  .000000000E+00
  .000000000E+00  .000000000E+00  .000000000E+00  .000000000E+00  .000000000E+00
