    0.920000    0.000000    0.000000    0.000000
    0.933700    0.000183    0.000183    0.000183
    0.947500    0.000726    0.000726    0.000726
    0.961200    0.001612    0.001612    0.001612
    0.975000    0.002843    0.002843    0.002843
    0.988700    0.004405    0.004405    0.004405
    1.002500    0.006312    0.006312    0.006312
    1.016200    0.008548    0.008548    0.008548
    1.030000    0.011150    0.011150    0.011150
    1.043700    0.014092    0.014092    0.014092
    1.057500    0.017423    0.017423    0.017423
    1.071200    0.021144    0.021144    0.021144
    1.085000    0.025290    0.025290    0.025290
    1.098700    0.029878    0.029878    0.029878
    1.112500    0.034970    0.034970    0.034970
    1.126200    0.040592    0.040592    0.040592
    1.139900    0.046800    0.046800    0.046800
    1.153700    0.053700    0.053700    0.053700
    1.167400    0.061331    0.061331    0.061331
    1.181200    0.069811    0.069811    0.069811
    1.194900    0.079233    0.079233    0.079233
    1.208700    0.089784    0.089784    0.089784
    1.222400    0.101575    0.101575    0.101575
    1.236200    0.114873    0.114873    0.114873
    1.249900    0.129859    0.129859    0.129859
    1.263700    0.146896    0.146896    0.146896
    1.277400    0.166333    0.166333    0.166333
    1.291200    0.188619    0.188619    0.188619
    1.304900    0.214292    0.214292    0.214292
    1.318600    0.244009    0.244009    0.244009
    1.332400    0.278627    0.278627    0.278627
    1.346100    0.318981    0.318981    0.318981
    1.359900    0.366244    0.366244    0.366244
    1.373600    0.421403    0.421403    0.421403
    1.387400    0.485760    0.485760    0.485760
    1.401100    0.560041    0.560041    0.560041
    1.414900    0.644885    0.644885    0.644885
    1.428600    0.739581    0.739581    0.739581
    1.442400    0.842598    0.842598    0.842598
    1.456100    0.950113    0.950113    0.950113
    1.469900    1.057002    1.057002    1.057002
    1.483600    1.155995    1.155995    1.155995
    1.497400    1.239555    1.239555    1.239555
    1.511100    1.299982    1.299982    1.299982
    1.524800    1.331964    1.331964    1.331964
    1.538600    1.333130    1.333130    1.333130
    1.552300    1.304396    1.304396    1.304396
    1.566100    1.250285    1.250285    1.250285
    1.579800    1.177182    1.177182    1.177182
    1.593600    1.092740    1.092740    1.092740
    1.607300    1.003733    1.003733    1.003733
    1.621100    0.916131    0.916131    0.916131
    1.634800    0.833817    0.833817    0.833817
    1.648600    0.759360    0.759360    0.759360
    1.662300    0.693671    0.693671    0.693671
    1.676100    0.636963    0.636963    0.636963
    1.689800    0.588671    0.588671    0.588671
    1.703500    0.548059    0.548059    0.548059
    1.717300    0.514324    0.514324    0.514324
    1.731000    0.486506    0.486506    0.486506
    1.744800    0.463974    0.463974    0.463974
    1.758500    0.445881    0.445881    0.445881
    1.772300    0.431801    0.431801    0.431801
    1.786000    0.421217    0.421217    0.421217
    1.799800    0.413796    0.413796    0.413796
    1.813500    0.409231    0.409231    0.409231
    1.827300    0.407299    0.407299    0.407299
    1.841000    0.407921    0.407921    0.407921
    1.854800    0.410953    0.410953    0.410953
    1.868500    0.416355    0.416355    0.416355
    1.882300    0.424173    0.424173    0.424173
    1.896000    0.434516    0.434516    0.434516
    1.909700    0.447456    0.447456    0.447456
    1.923500    0.463326    0.463326    0.463326
    1.937200    0.482241    0.482241    0.482241
    1.951000    0.504720    0.504720    0.504720
    1.964700    0.531150    0.531150    0.531150
    1.978500    0.562126    0.562126    0.562126
    1.992200    0.598316    0.598316    0.598316
    2.006000    0.640664    0.640664    0.640664
    2.019700    0.690137    0.690137    0.690137
    2.033500    0.747992    0.747992    0.747992
    2.047200    0.815557    0.815557    0.815557
    2.061000    0.894199    0.894199    0.894199
    2.074700    0.985282    0.985282    0.985282
    2.088400    1.089682    1.089682    1.089682
    2.102200    1.207563    1.207563    1.207563
    2.115900    1.337764    1.337764    1.337764
    2.129700    1.477235    1.477235    1.477235
    2.143400    1.620603    1.620603    1.620603
    2.157200    1.760194    1.760194    1.760194
    2.170900    1.886347    1.886347    1.886347
    2.184700    1.989064    1.989064    1.989064
    2.198400    2.059199    2.059199    2.059199
    2.212200    2.090932    2.090932    2.090932
    2.225900    2.082435    2.082435    2.082435
    2.239700    2.036794    2.036794    2.036794
    2.253400    1.960868    1.960868    1.960868
    2.267200    1.864403    1.864403    1.864403
    2.280900    1.757374    1.757374    1.757374
    2.294600    1.649089    1.649089    1.649089
    2.308400    1.547004    1.547004    1.547004
    2.322100    1.455899    1.455899    1.455899
    2.335900    1.378804    1.378804    1.378804
    2.349600    1.316977    1.316977    1.316977
    2.363400    1.270563    1.270563    1.270563
    2.377100    1.239310    1.239310    1.239310
    2.390900    1.222541    1.222541    1.222541
    2.404600    1.219735    1.219735    1.219735
    2.418400    1.230616    1.230616    1.230616
    2.432100    1.254954    1.254954    1.254954
    2.445900    1.292888    1.292888    1.292888
    2.459600    1.344490    1.344490    1.344490
    2.473300    1.409921    1.409921    1.409921
    2.487100    1.489158    1.489158    1.489158
    2.500800    1.581495    1.581495    1.581495
    2.514600    1.685662    1.685662    1.685662
    2.528300    1.799708    1.799708    1.799708
    2.542100    1.920664    1.920664    1.920664
    2.555800    2.045038    2.045038    2.045038
    2.569600    2.168695    2.168695    2.168695
    2.583300    2.287464    2.287464    2.287464
    2.597100    2.397186    2.397186    2.397186
    2.610800    2.494105    2.494105    2.494105
    2.624600    2.575345    2.575345    2.575345
    2.638300    2.639225    2.639225    2.639225
    2.652100    2.686221    2.686221    2.686221
    2.665800    2.718636    2.718636    2.718636
    2.679500    2.741261    2.741261    2.741261
    2.693300    2.759996    2.759996    2.759996
    2.707000    2.781105    2.781105    2.781105
    2.720800    2.810077    2.810077    2.810077
    2.734500    2.849983    2.849983    2.849983
    2.748300    2.901544    2.901544    2.901544
    2.762000    2.962406    2.962406    2.962406
    2.775800    3.028729    3.028729    3.028729
    2.789500    3.095951    3.095951    3.095951
    2.803300    3.160690    3.160690    3.160690
    2.817000    3.221802    3.221802    3.221802
    2.830800    3.281327    3.281327    3.281327
    2.844500    3.344550    3.344550    3.344550
    2.858200    3.419076    3.419076    3.419076
    2.872000    3.514076    3.514076    3.514076
    2.885700    3.638762    3.638762    3.638762
    2.899500    3.801910    3.801910    3.801910
    2.913200    4.010689    4.010689    4.010689
    2.927000    4.271063    4.271063    4.271063
    2.940700    4.586722    4.586722    4.586722
    2.954500    4.959442    4.959442    4.959442
    2.968200    5.388032    5.388032    5.388032
    2.982000    5.868056    5.868056    5.868056
    2.995700    6.390692    6.390692    6.390692
    3.009500    6.942250    6.942250    6.942250
    3.023200    7.503190    7.503190    7.503190
    3.037000    8.049270    8.049270    8.049270
    3.050700    8.552274    8.552274    8.552274
    3.064400    8.983611    8.983611    8.983611
    3.078200    9.318079    9.318079    9.318079
    3.091900    9.537914    9.537914    9.537914
    3.105700    9.637574    9.637574    9.637574
    3.119400    9.623873    9.623873    9.623873
    3.133200    9.516223    9.516223    9.516223
    3.146900    9.341955    9.341955    9.341955
    3.160700    9.131737    9.131737    9.131737
    3.174400    8.913771    8.913771    8.913771
    3.188200    8.710323    8.710323    8.710323
    3.201900    8.534658    8.534658    8.534658
    3.215700    8.392152    8.392152    8.392152
    3.229400    8.281202    8.281202    8.281202
    3.243200    8.196458    8.196458    8.196458
    3.256900    8.130825    8.130825    8.130825
    3.270600    8.078472    8.078472    8.078472
    3.284400    8.035677    8.035677    8.035677
    3.298100    8.000499    8.000499    8.000499
    3.311900    7.972880    7.972880    7.972880
    3.325600    7.953468    7.953468    7.953468
    3.339400    7.943433    7.943433    7.943433
    3.353100    7.943657    7.943657    7.943657
    3.366900    7.955314    7.955314    7.955314
    3.380600    7.979445    7.979445    7.979445
    3.394400    8.017453    8.017453    8.017453
    3.408100    8.070392    8.070392    8.070392
    3.421900    8.139309    8.139309    8.139309
    3.435600    8.224319    8.224319    8.224319
    3.449300    8.324992    8.324992    8.324992
    3.463100    8.440087    8.440087    8.440087
    3.476800    8.567427    8.567427    8.567427
    3.490600    8.704883    8.704883    8.704883
    3.504300    8.850175    8.850175    8.850175
    3.518100    9.001666    9.001666    9.001666
    3.531800    9.158013    9.158013    9.158013
    3.545600    9.318303    9.318303    9.318303
    3.559300    9.480658    9.480658    9.480658
    3.573100    9.641926    9.641926    9.641926
    3.586800    9.796557    9.796557    9.796557
    3.600600    9.937562    9.937562    9.937562
    3.614300   10.056568   10.056568   10.056568
    3.628100   10.146362   10.146362   10.146362
    3.641800   10.201257   10.201257   10.201257
    3.655500   10.218969   10.218969   10.218969
    3.669300   10.200500   10.200500   10.200500
    3.683000   10.148755   10.148755   10.148755
    3.696800   10.068604   10.068604   10.068604
    3.710500    9.965330    9.965330    9.965330
    3.724300    9.845131    9.845131    9.845131
    3.738000    9.714712    9.714712    9.714712
    3.751800    9.582214    9.582214    9.582214
    3.765500    9.456385    9.456385    9.456385
    3.779300    9.346044    9.346044    9.346044
    3.793000    9.258589    9.258589    9.258589
    3.806800    9.199191    9.199191    9.199191
    3.820500    9.169619    9.169619    9.169619
    3.834200    9.168914    9.168914    9.168914
    3.848000    9.193448    9.193448    9.193448
    3.861700    9.237976    9.237976    9.237976
    3.875500    9.296460    9.296460    9.296460
    3.889200    9.362462    9.362462    9.362462
    3.903000    9.430346    9.430346    9.430346
    3.916700    9.495225    9.495225    9.495225
    3.930500    9.553330    9.553330    9.553330
    3.944200    9.602115    9.602115    9.602115
    3.958000    9.640239    9.640239    9.640239
    3.971700    9.666752    9.666752    9.666752
    3.985500    9.682303    9.682303    9.682303
    3.999200    9.688408    9.688408    9.688408
    4.013000    9.688343    9.688343    9.688343
    4.026700    9.686420    9.686420    9.686420
    4.040400    9.687574    9.687574    9.687574
    4.054200    9.695905    9.695905    9.695905
    4.067900    9.713228    9.713228    9.713228
    4.081700    9.738783    9.738783    9.738783
    4.095400    9.768267    9.768267    9.768267
    4.109200    9.795389    9.795389    9.795389
    4.122900    9.812392    9.812392    9.812392
    4.136700    9.811841    9.811841    9.811841
    4.150400    9.786857    9.786857    9.786857
    4.164200    9.732210    9.732210    9.732210
    4.177900    9.643864    9.643864    9.643864
    4.191700    9.520064    9.520064    9.520064
    4.205400    9.361523    9.361523    9.361523
    4.219100    9.172438    9.172438    9.172438
    4.232900    8.961086    8.961086    8.961086
    4.246600    8.738494    8.738494    8.738494
    4.260400    8.518240    8.518240    8.518240
    4.274100    8.313014    8.313014    8.313014
    4.287900    8.133495    8.133495    8.133495
    4.301600    7.985547    7.985547    7.985547
    4.315400    7.870775    7.870775    7.870775
    4.329100    7.785861    7.785861    7.785861
    4.342900    7.725702    7.725702    7.725702
    4.356600    7.684271    7.684271    7.684271
    4.370400    7.657450    7.657450    7.657450
    4.384100    7.643444    7.643444    7.643444
    4.397900    7.643250    7.643250    7.643250
    4.411600    7.659739    7.659739    7.659739
    4.425300    7.697038    7.697038    7.697038
    4.439100    7.760079    7.760079    7.760079
    4.452800    7.853752    7.853752    7.853752
    4.466600    7.983225    7.983225    7.983225
    4.480300    8.153654    8.153654    8.153654
    4.494100    8.369841    8.369841    8.369841
    4.507800    8.634741    8.634741    8.634741
    4.521600    8.948960    8.948960    8.948960
    4.535300    9.309320    9.309320    9.309320
    4.549100    9.708128    9.708128    9.708128
    4.562800   10.133384   10.133384   10.133384
    4.576600   10.570391   10.570391   10.570391
    4.590300   11.002984   11.002984   11.002984
    4.604000   11.416479   11.416479   11.416479
    4.617800   11.800000   11.800000   11.800000
    4.631500   12.147339   12.147339   12.147339
    4.645300   12.458459   12.458459   12.458459
    4.659000   12.738040   12.738040   12.738040
    4.672800   12.994656   12.994656   12.994656
    4.686500   13.238004   13.238004   13.238004
    4.700300   13.477518   13.477518   13.477518
    4.714000   13.720292   13.720292   13.720292
    4.727800   13.970820   13.970820   13.970820
    4.741500   14.230826   14.230826   14.230826
    4.755300   14.500552   14.500552   14.500552
    4.769000   14.778820   14.778820   14.778820
    4.782800   15.064904   15.064904   15.064904
    4.796500   15.357858   15.357858   15.357858
    4.810200   15.657930   15.657930   15.657930
    4.824000   15.965612   15.965612   15.965612
    4.837700   16.282300   16.282300   16.282300
    4.851500   16.610355   16.610355   16.610355
    4.865200   16.953121   16.953121   16.953121
    4.879000   17.315655   17.315655   17.315655
    4.892700   17.703430   17.703430   17.703430
    4.906500   18.122345   18.122345   18.122345
    4.920200   18.576027   18.576027   18.576027
    4.934000   19.065524   19.065524   19.065524
    4.947700   19.587629   19.587629   19.587629
    4.961500   20.135166   20.135166   20.135166
    4.975200   20.697887   20.697887   20.697887
    4.989000   21.264256   21.264256   21.264256
    5.002700   21.821679   21.821679   21.821679
    5.016400   22.357979   22.357979   22.357979
    5.030200   22.860873   22.860873   22.860873
    5.043900   23.316685   23.316685   23.316685
    5.057700   23.711049   23.711049   23.711049
    5.071400   24.026778   24.026778   24.026778
    5.085200   24.245507   24.245507   24.245507
    5.098900   24.347426   24.347426   24.347426
    5.112700   24.314085   24.314085   24.314085
    5.126400   24.129937   24.129937   24.129937
    5.140200   23.787373   23.787373   23.787373
    5.153900   23.288873   23.288873   23.288873
    5.167700   22.650646   22.650646   22.650646
    5.181400   21.901954   21.901954   21.901954
    5.195100   21.083038   21.083038   21.083038
    5.208900   20.240226   20.240226   20.240226
    5.222600   19.418875   19.418875   19.418875
    5.236400   18.658596   18.658596   18.658596
    5.250100   17.988542   17.988542   17.988542
    5.263900   17.426846   17.426846   17.426846
    5.277600   16.980983   16.980983   16.980983
    5.291400   16.650380   16.650380   16.650380
    5.305100   16.428813   16.428813   16.428813
    5.318900   16.306588   16.306588   16.306588
    5.332600   16.271742   16.271742   16.271742
    5.346400   16.311877   16.311877   16.311877
    5.360100   16.414230   16.414230   16.414230
    5.373900   16.567424   16.567424   16.567424
    5.387600   16.761461   16.761461   16.761461
    5.401300   16.987755   16.987755   16.987755
    5.415100   17.238867   17.238867   17.238867
    5.428800   17.507064   17.507064   17.507064
    5.442600   17.783941   17.783941   17.783941
    5.456300   18.059484   18.059484   18.059484
    5.470100   18.322510   18.322510   18.322510
    5.483800   18.559048   18.559048   18.559048
    5.497600   18.752956   18.752956   18.752956
    5.511300   18.884953   18.884953   18.884953
    5.525100   18.933828   18.933828   18.933828
    5.538800   18.878307   18.878307   18.878307
    5.552600   18.701100   18.701100   18.701100
    5.566300   18.393465   18.393465   18.393465
    5.580000   17.958454   17.958454   17.958454
    5.593800   17.412658   17.412658   17.412658
    5.607500   16.783465   16.783465   16.783465
    5.621300   16.105672   16.105672   16.105672
    5.635000   15.415080   15.415080   15.415080
    5.648800   14.743680   14.743680   14.743680
    5.662500   14.115439   14.115439   14.115439
    5.676300   13.545521   13.545521   13.545521
    5.690000   13.039872   13.039872   13.039872
    5.703800   12.597586   12.597586   12.597586
    5.717500   12.212291   12.212291   12.212291
    5.731300   11.874835   11.874835   11.874835
    5.745000   11.574457   11.574457   11.574457
    5.758800   11.301288   11.301288   11.301288
    5.772500   11.047056   11.047056   11.047056
    5.786200   10.805685   10.805685   10.805685
    5.800000   10.573361   10.573361   10.573361
    5.813700   10.347250   10.347250   10.347250
    5.827500   10.125240   10.125240   10.125240
    5.841200    9.904155    9.904155    9.904155
    5.855000    9.680354    9.680354    9.680354
    5.868700    9.449389    9.449389    9.449389
    5.882500    9.207768    9.207768    9.207768
    5.896200    8.954071    8.954071    8.954071
    5.910000    8.689608    8.689608    8.689608
    5.923700    8.419042    8.419042    8.419042
    5.937500    8.149688    8.149688    8.149688
    5.951200    7.889867    7.889867    7.889867
    5.964900    7.647994    7.647994    7.647994
    5.978700    7.430968    7.430968    7.430968
    5.992400    7.243601    7.243601    7.243601
    6.006200    7.088433    7.088433    7.088433
    6.019900    6.966308    6.966308    6.966308
    6.033700    6.876802    6.876802    6.876802
    6.047400    6.818643    6.818643    6.818643
    6.061200    6.790215    6.790215    6.790215
    6.074900    6.789391    6.789391    6.789391
    6.088700    6.813699    6.813699    6.813699
    6.102400    6.860243    6.860243    6.860243
    6.116200    6.925690    6.925690    6.925690
    6.129900    7.006537    7.006537    7.006537
    6.143700    7.098848    7.098848    7.098848
    6.157400    7.198597    7.198597    7.198597
    6.171100    7.302068    7.302068    7.302068
    6.184900    7.406136    7.406136    7.406136
    6.198600    7.508631    7.508631    7.508631
    6.212400    7.608996    7.608996    7.608996
    6.226100    7.708209    7.708209    7.708209
    6.239900    7.807931    7.807931    7.807931
    6.253600    7.910591    7.910591    7.910591
    6.267400    8.017858    8.017858    8.017858
    6.281100    8.130801    8.130801    8.130801
    6.294900    8.249300    8.249300    8.249300
    6.308600    8.372548    8.372548    8.372548
    6.322400    8.499056    8.499056    8.499056
    6.336100    8.626815    8.626815    8.626815
    6.349800    8.753712    8.753712    8.753712
    6.363600    8.877287    8.877287    8.877287
    6.377300    8.994666    8.994666    8.994666
    6.391100    9.102549    9.102549    9.102549
    6.404800    9.197796    9.197796    9.197796
    6.418600    9.277956    9.277956    9.277956
    6.432300    9.341936    9.341936    9.341936
    6.446100    9.390881    9.390881    9.390881
    6.459800    9.428500    9.428500    9.428500
    6.473600    9.461006    9.461006    9.461006
    6.487300    9.496583    9.496583    9.496583
    6.501100    9.544384    9.544384    9.544384
    6.514800    9.612531    9.612531    9.612531
    6.528600    9.706849    9.706849    9.706849
    6.542300    9.829378    9.829378    9.829378
    6.556000    9.977336    9.977336    9.977336
    6.569800   10.143119   10.143119   10.143119
    6.583500   10.314650   10.314650   10.314650
    6.597300   10.476926   10.476926   10.476926
    6.611000   10.614219   10.614219   10.614219
    6.624800   10.711914   10.711914   10.711914
    6.638500   10.758981   10.758981   10.758981
    6.652300   10.748698   10.748698   10.748698
    6.666000   10.679750   10.679750   10.679750
    6.679800   10.555322   10.555322   10.555322
    6.693500   10.382381   10.382381   10.382381
    6.707300   10.170162   10.170162   10.170162
    6.721000    9.929109    9.929109    9.929109
    6.734700    9.669582    9.669582    9.669582
    6.748500    9.401085    9.401085    9.401085
    6.762200    9.131515    9.131515    9.131515
    6.776000    8.866966    8.866966    8.866966
    6.789700    8.610859    8.610859    8.610859
    6.803500    8.364973    8.364973    8.364973
    6.817200    8.129022    8.129022    8.129022
    6.831000    7.902101    7.902101    7.902101
    6.844700    7.683491    7.683491    7.683491
    6.858500    7.473583    7.473583    7.473583
    6.872200    7.274430    7.274430    7.274430
    6.886000    7.089628    7.089628    7.089628
    6.899700    6.923407    6.923407    6.923407
    6.913500    6.779976    6.779976    6.779976
    6.927200    6.661929    6.661929    6.661929
    6.940900    6.569737    6.569737    6.569737
    6.954700    6.501444    6.501444    6.501444
    6.968400    6.452616    6.452616    6.452616
    6.982200    6.417222    6.417222    6.417222
    6.995900    6.388384    6.388384    6.388384
    7.009700    6.359535    6.359535    6.359535
    7.023400    6.325606    6.325606    6.325606
    7.037200    6.283056    6.283056    6.283056
    7.050900    6.230808    6.230808    6.230808
    7.064700    6.169750    6.169750    6.169750
    7.078400    6.101848    6.101848    6.101848
    7.092200    6.030083    6.030083    6.030083
    7.105900    5.956602    5.956602    5.956602
    7.119700    5.883084    5.883084    5.883084
    7.133400    5.809591    5.809591    5.809591
    7.147100    5.735264    5.735264    5.735264
    7.160900    5.658809    5.658809    5.658809
    7.174600    5.578804    5.578804    5.578804
    7.188400    5.494311    5.494311    5.494311
    7.202100    5.405218    5.405218    5.405218
    7.215900    5.311716    5.311716    5.311716
    7.229600    5.215003    5.215003    5.215003
    7.243400    5.116494    5.116494    5.116494
    7.257100    5.018177    5.018177    5.018177
    7.270900    4.922255    4.922255    4.922255
    7.284600    4.831071    4.831071    4.831071
    7.298400    4.746483    4.746483    4.746483
    7.312100    4.670138    4.670138    4.670138
    7.325800    4.602928    4.602928    4.602928
    7.339600    4.544957    4.544957    4.544957
    7.353300    4.496127    4.496127    4.496127
    7.367100    4.455501    4.455501    4.455501
    7.380800    4.421842    4.421842    4.421842
    7.394600    4.393422    4.393422    4.393422
    7.408300    4.368215    4.368215    4.368215
    7.422100    4.343786    4.343786    4.343786
    7.435800    4.317841    4.317841    4.317841
    7.449600    4.288644    4.288644    4.288644
    7.463300    4.255122    4.255122    4.255122
    7.477100    4.217465    4.217465    4.217465
    7.490800    4.176968    4.176968    4.176968
    7.504600    4.135577    4.135577    4.135577
    7.518300    4.095382    4.095382    4.095382
    7.532000    4.058585    4.058585    4.058585
    7.545800    4.026865    4.026865    4.026865
    7.559500    4.001090    4.001090    4.001090
    7.573300    3.981455    3.981455    3.981455
    7.587000    3.967599    3.967599    3.967599
    7.600800    3.957957    3.957957    3.957957
    7.614500    3.950850    3.950850    3.950850
    7.628300    3.944005    3.944005    3.944005
    7.642000    3.935299    3.935299    3.935299
    7.655800    3.922985    3.922985    3.922985
    7.669500    3.906429    3.906429    3.906429
    7.683300    3.886171    3.886171    3.886171
    7.697000    3.863955    3.863955    3.863955
    7.710700    3.842518    3.842518    3.842518
    7.724500    3.824949    3.824949    3.824949
    7.738200    3.814234    3.814234    3.814234
    7.752000    3.812594    3.812594    3.812594
    7.765700    3.820993    3.820993    3.820993
    7.779500    3.839186    3.839186    3.839186
    7.793200    3.866109    3.866109    3.866109
    7.807000    3.899752    3.899752    3.899752
    7.820700    3.938076    3.938076    3.938076
    7.834500    3.978717    3.978717    3.978717
    7.848200    4.019542    4.019542    4.019542
    7.862000    4.058183    4.058183    4.058183
    7.875700    4.092326    4.092326    4.092326
    7.889500    4.120128    4.120128    4.120128
    7.903200    4.139979    4.139979    4.139979
    7.916900    4.151706    4.151706    4.151706
    7.930700    4.155926    4.155926    4.155926
    7.944400    4.154656    4.154656    4.154656
    7.958200    4.150293    4.150293    4.150293
    7.971900    4.145034    4.145034    4.145034
    7.985700    4.140128    4.140128    4.140128
    7.999400    4.135476    4.135476    4.135476
    8.013200    4.129320    4.129320    4.129320
    8.026900    4.118636    4.118636    4.118636
    8.040700    4.099891    4.099891    4.099891
    8.054400    4.069613    4.069613    4.069613
    8.068200    4.025148    4.025148    4.025148
    8.081900    3.965058    3.965058    3.965058
    8.095600    3.889782    3.889782    3.889782
    8.109400    3.801001    3.801001    3.801001
    8.123100    3.701885    3.701885    3.701885
    8.136900    3.596432    3.596432    3.596432
    8.150600    3.489151    3.489151    3.489151
    8.164400    3.384577    3.384577    3.384577
    8.178100    3.286784    3.286784    3.286784
    8.191900    3.199338    3.199338    3.199338
    8.205600    3.124810    3.124810    3.124810
    8.219400    3.065173    3.065173    3.065173
    8.233100    3.021136    3.021136    3.021136
    8.246900    2.992453    2.992453    2.992453
    8.260600    2.977703    2.977703    2.977703
    8.274400    2.974326    2.974326    2.974326
    8.288100    2.979297    2.979297    2.979297
    8.301800    2.989159    2.989159    2.989159
    8.315600    3.000894    3.000894    3.000894
    8.329300    3.011649    3.011649    3.011649
    8.343100    3.019296    3.019296    3.019296
    8.356800    3.022045    3.022045    3.022045
    8.370600    3.018211    3.018211    3.018211
    8.384300    3.006000    3.006000    3.006000
    8.398100    2.983903    2.983903    2.983903
    8.411800    2.950389    2.950389    2.950389
    8.425600    2.904750    2.904750    2.904750
    8.439300    2.847325    2.847325    2.847325
    8.453100    2.779185    2.779185    2.779185
    8.466800    2.702722    2.702722    2.702722
    8.480500    2.620967    2.620967    2.620967
    8.494300    2.537399    2.537399    2.537399
    8.508000    2.455487    2.455487    2.455487
    8.521800    2.378183    2.378183    2.378183
    8.535500    2.307981    2.307981    2.307981
    8.549300    2.246232    2.246232    2.246232
    8.563000    2.193469    2.193469    2.193469
    8.576800    2.149346    2.149346    2.149346
    8.590500    2.112970    2.112970    2.112970
    8.604300    2.082655    2.082655    2.082655
    8.618000    2.057058    2.057058    2.057058
    8.631800    2.034490    2.034490    2.034490
    8.645500    2.013965    2.013965    2.013965
    8.659300    1.994684    1.994684    1.994684
    8.673000    1.976286    1.976286    1.976286
    8.686700    1.958774    1.958774    1.958774
    8.700500    1.942688    1.942688    1.942688
    8.714200    1.928470    1.928470    1.928470
    8.728000    1.916843    1.916843    1.916843
    8.741700    1.908428    1.908428    1.908428
    8.755500    1.903949    1.903949    1.903949
    8.769200    1.904119    1.904119    1.904119
    8.783000    1.909304    1.909304    1.909304
    8.796700    1.919681    1.919681    1.919681
    8.810500    1.935078    1.935078    1.935078
    8.824200    1.954776    1.954776    1.954776
    8.838000    1.977977    1.977977    1.977977
    8.851700    2.003154    2.003154    2.003154
    8.865500    2.028968    2.028968    2.028968
    8.879200    2.053981    2.053981    2.053981
    8.892900    2.077030    2.077030    2.077030
    8.906700    2.097308    2.097308    2.097308
    8.920400    2.114719    2.114719    2.114719
    8.934200    2.129447    2.129447    2.129447
    8.947900    2.142293    2.142293    2.142293
    8.961700    2.154067    2.154067    2.154067
    8.975400    2.165751    2.165751    2.165751
    8.989200    2.178070    2.178070    2.178070
    9.002900    2.191107    2.191107    2.191107
    9.016700    2.204509    2.204509    2.204509
    9.030400    2.217643    2.217643    2.217643
    9.044200    2.229345    2.229345    2.229345
    9.057900    2.238531    2.238531    2.238531
    9.071600    2.244125    2.244125    2.244125
    9.085400    2.245678    2.245678    2.245678
    9.099100    2.242733    2.242733    2.242733
    9.112900    2.235653    2.235653    2.235653
    9.126600    2.224970    2.224970    2.224970
    9.140400    2.211407    2.211407    2.211407
    9.154100    2.195856    2.195856    2.195856
    9.167900    2.179312    2.179312    2.179312
    9.181600    2.162758    2.162758    2.162758
    9.195400    2.147191    2.147191    2.147191
    9.209100    2.133234    2.133234    2.133234
    9.222900    2.121885    2.121885    2.121885
    9.236600    2.113500    2.113500    2.113500
    9.250400    2.108536    2.108536    2.108536
    9.264100    2.106808    2.106808    2.106808
    9.277800    2.108052    2.108052    2.108052
    9.291600    2.111370    2.111370    2.111370
    9.305300    2.115677    2.115677    2.115677
    9.319100    2.119355    2.119355    2.119355
    9.332800    2.120868    2.120868    2.120868
    9.346600    2.118596    2.118596    2.118596
    9.360300    2.111270    2.111270    2.111270
    9.374100    2.097900    2.097900    2.097900
    9.387800    2.078209    2.078209    2.078209
    9.401600    2.052378    2.052378    2.052378
    9.415300    2.021212    2.021212    2.021212
    9.429100    1.986248    1.986248    1.986248
    9.442800    1.949103    1.949103    1.949103
    9.456500    1.911764    1.911764    1.911764
    9.470300    1.875680    1.875680    1.875680
    9.484000    1.842109    1.842109    1.842109
    9.497800    1.812051    1.812051    1.812051
    9.511500    1.785865    1.785865    1.785865
    9.525300    1.763557    1.763557    1.763557
    9.539000    1.745124    1.745124    1.745124
    9.552800    1.730301    1.730301    1.730301
    9.566500    1.718544    1.718544    1.718544
    9.580300    1.709316    1.709316    1.709316
    9.594000    1.701891    1.701891    1.701891
    9.607800    1.695639    1.695639    1.695639
    9.621500    1.689655    1.689655    1.689655
    9.635300    1.683308    1.683308    1.683308
    9.649000    1.675961    1.675961    1.675961
    9.662700    1.667163    1.667163    1.667163
    9.676500    1.656645    1.656645    1.656645
    9.690200    1.644311    1.644311    1.644311
    9.704000    1.630254    1.630254    1.630254
    9.717700    1.614832    1.614832    1.614832
    9.731500    1.598502    1.598502    1.598502
    9.745200    1.581440    1.581440    1.581440
    9.759000    1.563921    1.563921    1.563921
    9.772700    1.546122    1.546122    1.546122
    9.786500    1.527957    1.527957    1.527957
    9.800200    1.509150    1.509150    1.509150
    9.814000    1.489523    1.489523    1.489523
    9.827700    1.468800    1.468800    1.468800
    9.841400    1.446802    1.446802    1.446802
    9.855200    1.423347    1.423347    1.423347
    9.868900    1.398342    1.398342    1.398342
    9.882700    1.371698    1.371698    1.371698
    9.896400    1.343775    1.343775    1.343775
    9.910200    1.315210    1.315210    1.315210
    9.923900    1.286907    1.286907    1.286907
    9.937700    1.259866    1.259866    1.259866
    9.951400    1.235267    1.235267    1.235267
    9.965200    1.214111    1.214111    1.214111
    9.978900    1.196760    1.196760    1.196760
    9.992700    1.183400    1.183400    1.183400
   10.006400    1.173303    1.173303    1.173303
   10.020200    1.165656    1.165656    1.165656
   10.033900    1.159277    1.159277    1.159277
   10.047600    1.153259    1.153259    1.153259
   10.061400    1.146877    1.146877    1.146877
   10.075100    1.139674    1.139674    1.139674
   10.088900    1.131651    1.131651    1.131651
   10.102600    1.123079    1.123079    1.123079
   10.116400    1.114051    1.114051    1.114051
   10.130100    1.105019    1.105019    1.105019
   10.143900    1.095895    1.095895    1.095895
   10.157600    1.086857    1.086857    1.086857
   10.171400    1.077999    1.077999    1.077999
   10.185100    1.069228    1.069228    1.069228
   10.198900    1.060729    1.060729    1.060729
   10.212600    1.052590    1.052590    1.052590
   10.226300    1.044721    1.044721    1.044721
   10.240100    1.037306    1.037306    1.037306
   10.253800    1.030252    1.030252    1.030252
   10.267600    1.023742    1.023742    1.023742
   10.281300    1.018140    1.018140    1.018140
   10.295100    1.013812    1.013812    1.013812
   10.308800    1.011121    1.011121    1.011121
   10.322600    1.010252    1.010252    1.010252
   10.336300    1.011385    1.011385    1.011385
   10.350100    1.014068    1.014068    1.014068
   10.363800    1.017752    1.017752    1.017752
   10.377600    1.021621    1.021621    1.021621
   10.391300    1.024851    1.024851    1.024851
   10.405100    1.026623    1.026623    1.026623
   10.418800    1.026390    1.026390    1.026390
   10.432500    1.023967    1.023967    1.023967
   10.446300    1.019447    1.019447    1.019447
   10.460000    1.013101    1.013101    1.013101
   10.473800    1.005202    1.005202    1.005202
   10.487500    0.996388    0.996388    0.996388
   10.501300    0.986934    0.986934    0.986934
   10.515000    0.977203    0.977203    0.977203
   10.528800    0.967743    0.967743    0.967743
   10.542500    0.958736    0.958736    0.958736
   10.556300    0.950640    0.950640    0.950640
   10.570000    0.943637    0.943637    0.943637
   10.583800    0.937545    0.937545    0.937545
   10.597500    0.932455    0.932455    0.932455
   10.611200    0.927912    0.927912    0.927912
   10.625000    0.923733    0.923733    0.923733
   10.638700    0.919461    0.919461    0.919461
   10.652500    0.915006    0.915006    0.915006
   10.666200    0.910274    0.910274    0.910274
   10.680000    0.905267    0.905267    0.905267
   10.693700    0.900076    0.900076    0.900076
   10.707500    0.894700    0.894700    0.894700
   10.721200    0.889049    0.889049    0.889049
   10.735000    0.882847    0.882847    0.882847
   10.748700    0.876003    0.876003    0.876003
   10.762500    0.868152    0.868152    0.868152
   10.776200    0.859475    0.859475    0.859475
   10.790000    0.849973    0.849973    0.849973
   10.803700    0.840010    0.840010    0.840010
   10.817400    0.829953    0.829953    0.829953
   10.831200    0.820168    0.820168    0.820168
   10.844900    0.810838    0.810838    0.810838
   10.858700    0.802147    0.802147    0.802147
   10.872400    0.793819    0.793819    0.793819
   10.886200    0.785948    0.785948    0.785948
   10.899900    0.778073    0.778073    0.778073
   10.913700    0.770106    0.770106    0.770106
   10.927400    0.762044    0.762044    0.762044
   10.941200    0.753981    0.753981    0.753981
   10.954900    0.746098    0.746098    0.746098
   10.968700    0.738763    0.738763    0.738763
   10.982400    0.732342    0.732342    0.732342
   10.996200    0.727112    0.727112    0.727112
   11.009900    0.723162    0.723162    0.723162
   11.023600    0.720311    0.720311    0.720311
   11.037400    0.718376    0.718376    0.718376
   11.051100    0.716715    0.716715    0.716715
   11.064900    0.714963    0.714963    0.714963
   11.078600    0.712567    0.712567    0.712567
   11.092400    0.709346    0.709346    0.709346
   11.106100    0.705023    0.705023    0.705023
   11.119900    0.699690    0.699690    0.699690
   11.133600    0.693254    0.693254    0.693254
   11.147400    0.686084    0.686084    0.686084
   11.161100    0.678177    0.678177    0.678177
   11.174900    0.669809    0.669809    0.669809
   11.188600    0.661348    0.661348    0.661348
   11.202300    0.653067    0.653067    0.653067
   11.216100    0.645245    0.645245    0.645245
   11.229800    0.638154    0.638154    0.638154
   11.243600    0.632072    0.632072    0.632072
   11.257300    0.626907    0.626907    0.626907
   11.271100    0.622475    0.622475    0.622475
   11.284800    0.618593    0.618593    0.618593
   11.298600    0.614710    0.614710    0.614710
   11.312300    0.610274    0.610274    0.610274
   11.326100    0.604736    0.604736    0.604736
   11.339800    0.597633    0.597633    0.597633
   11.353600    0.588875    0.588875    0.588875
   11.367300    0.578460    0.578460    0.578460
   11.381100    0.566665    0.566665    0.566665
   11.394800    0.553763    0.553763    0.553763
   11.408500    0.540399    0.540399    0.540399
   11.422300    0.527032    0.527032    0.527032
   11.436000    0.514214    0.514214    0.514214
   11.449800    0.502312    0.502312    0.502312
   11.463500    0.491696    0.491696    0.491696
   11.477300    0.482365    0.482365    0.482365
   11.491000    0.474320    0.474320    0.474320
   11.504800    0.467377    0.467377    0.467377
   11.518500    0.461444    0.461444    0.461444
   11.532300    0.456247    0.456247    0.456247
   11.546000    0.451600    0.451600    0.451600
   11.559800    0.447413    0.447413    0.447413
   11.573500    0.443501    0.443501    0.443501
   11.587200    0.439680    0.439680    0.439680
   11.601000    0.436042    0.436042    0.436042
   11.614700    0.432311    0.432311    0.432311
   11.628500    0.428579    0.428579    0.428579
   11.642200    0.424755    0.424755    0.424755
   11.656000    0.420929    0.420929    0.420929
   11.669700    0.417195    0.417195    0.417195
   11.683500    0.413828    0.413828    0.413828
   11.697200    0.411106    0.411106    0.411106
   11.711000    0.409028    0.409028    0.409028
   11.724700    0.407778    0.407778    0.407778
   11.738500    0.407543    0.407543    0.407543
   11.752200    0.408228    0.408228    0.408228
   11.766000    0.409836    0.409836    0.409836
   11.779700    0.412181    0.412181    0.412181
   11.793400    0.414988    0.414988    0.414988
   11.807200    0.418072    0.418072    0.418072
   11.820900    0.420971    0.420971    0.420971
   11.834700    0.423411    0.423411    0.423411
   11.848400    0.425204    0.425204    0.425204
   11.862200    0.426076    0.426076    0.426076
   11.875900    0.425933    0.425933    0.425933
   11.889700    0.424775    0.424775    0.424775
   11.903400    0.422602    0.422602    0.422602
   11.917200    0.419782    0.419782    0.419782
   11.930900    0.416315    0.416315    0.416315
   11.944700    0.412571    0.412571    0.412571
   11.958400    0.408826    0.408826    0.408826
   11.972100    0.405173    0.405173    0.405173
   11.985900    0.401980    0.401980    0.401980
   11.999600    0.399433    0.399433    0.399433
   12.013400    0.397901    0.397901    0.397901
   12.027100    0.397477    0.397477    0.397477
   12.040900    0.398346    0.398346    0.398346
   12.054600    0.400693    0.400693    0.400693
   12.068400    0.404426    0.404426    0.404426
   12.082100    0.409452    0.409452    0.409452
   12.095900    0.415589    0.415589    0.415589
   12.109600    0.422650    0.422650    0.422650
   12.123400    0.430267    0.430267    0.430267
   12.137100    0.438163    0.438163    0.438163
   12.150900    0.445875    0.445875    0.445875
   12.164600    0.453034    0.453034    0.453034
   12.178300    0.459177    0.459177    0.459177
   12.192100    0.463750    0.463750    0.463750
   12.205800    0.466474    0.466474    0.466474
   12.219600    0.466887    0.466887    0.466887
   12.233300    0.465172    0.465172    0.465172
   12.247100    0.461423    0.461423    0.461423
   12.260800    0.456007    0.456007    0.456007
   12.274600    0.449481    0.449481    0.449481
   12.288300    0.442306    0.442306    0.442306
   12.302100    0.434944    0.434944    0.434944
   12.315800    0.427488    0.427488    0.427488
   12.329600    0.420124    0.420124    0.420124
   12.343300    0.412850    0.412850    0.412850
   12.357000    0.405668    0.405668    0.405668
   12.370800    0.398577    0.398577    0.398577
   12.384500    0.391484    0.391484    0.391484
   12.398300    0.384391    0.384391    0.384391
   12.412000    0.377110    0.377110    0.377110
   12.425800    0.369643    0.369643    0.369643
   12.439500    0.361619    0.361619    0.361619
   12.453300    0.353224    0.353224    0.353224
   12.467000    0.344270    0.344270    0.344270
   12.480800    0.334945    0.334945    0.334945
   12.494500    0.325526    0.325526    0.325526
   12.508300    0.316290    0.316290    0.316290
   12.522000    0.307515    0.307515    0.307515
   12.535800    0.299295    0.299295    0.299295
   12.549500    0.291907    0.291907    0.291907
   12.563200    0.285445    0.285445    0.285445
   12.577000    0.279724    0.279724    0.279724
   12.590700    0.274835    0.274835    0.274835
   12.604500    0.270687    0.270687    0.270687
   12.618200    0.267002    0.267002    0.267002
   12.632000    0.263872    0.263872    0.263872
   12.645700    0.261020    0.261020    0.261020
   12.659500    0.258353    0.258353    0.258353
   12.673200    0.255871    0.255871    0.255871
   12.687000    0.253389    0.253389    0.253389
   12.700700    0.250999    0.250999    0.250999
   12.714500    0.248701    0.248701    0.248701
   12.728200    0.246310    0.246310    0.246310
   12.742000    0.244104    0.244104    0.244104
   12.755700    0.241990    0.241990    0.241990
   12.769400    0.239969    0.239969    0.239969
   12.783200    0.238225    0.238225    0.238225
   12.796900    0.236575    0.236575    0.236575
   12.810700    0.235109    0.235109    0.235109
   12.824400    0.233643    0.233643    0.233643
   12.838200    0.232178    0.232178    0.232178
   12.851900    0.230618    0.230618    0.230618
   12.865700    0.228873    0.228873    0.228873
   12.879400    0.226942    0.226942    0.226942
   12.893200    0.224825    0.224825    0.224825
   12.906900    0.222521    0.222521    0.222521
   12.920700    0.220032    0.220032    0.220032
   12.934400    0.217635    0.217635    0.217635
   12.948100    0.215237    0.215237    0.215237
   12.961900    0.212932    0.212932    0.212932
   12.975600    0.210812    0.210812    0.210812
   12.989400    0.208785    0.208785    0.208785
   13.003100    0.206851    0.206851    0.206851
   13.016900    0.205102    0.205102    0.205102
   13.030600    0.203352    0.203352    0.203352
   13.044400    0.201695    0.201695    0.201695
   13.058100    0.200224    0.200224    0.200224
   13.071900    0.198846    0.198846    0.198846
   13.085600    0.197653    0.197653    0.197653
   13.099400    0.196739    0.196739    0.196739
   13.113100    0.195825    0.195825    0.195825
   13.126900    0.195096    0.195096    0.195096
   13.140600    0.194274    0.194274    0.194274
   13.154300    0.193453    0.193453    0.193453
   13.168100    0.192631    0.192631    0.192631
   13.181800    0.191716    0.191716    0.191716
   13.195600    0.190800    0.190800    0.190800
   13.209300    0.189978    0.189978    0.189978
   13.223100    0.189434    0.189434    0.189434
   13.236800    0.189077    0.189077    0.189077
   13.250600    0.189092    0.189092    0.189092
   13.264300    0.189478    0.189478    0.189478
   13.278100    0.190145    0.190145    0.190145
   13.291800    0.190997    0.190997    0.190997
   13.305600    0.191849    0.191849    0.191849
   13.319300    0.192516    0.192516    0.192516
   13.333000    0.192810    0.192810    0.192810
   13.346800    0.192731    0.192731    0.192731
   13.360500    0.192001    0.192001    0.192001
   13.374300    0.190805    0.190805    0.190805
   13.388000    0.189236    0.189236    0.189236
   13.401800    0.187202    0.187202    0.187202
   13.415500    0.185074    0.185074    0.185074
   13.429300    0.182945    0.182945    0.182945
   13.443000    0.180816    0.180816    0.180816
   13.456800    0.178967    0.178967    0.178967
   13.470500    0.177303    0.177303    0.177303
   13.484300    0.175825    0.175825    0.175825
   13.498000    0.174534    0.174534    0.174534
   13.511800    0.173429    0.173429    0.173429
   13.525500    0.172230    0.172230    0.172230
   13.539200    0.170938    0.170938    0.170938
   13.553000    0.169366    0.169366    0.169366
   13.566700    0.167514    0.167514    0.167514
   13.580500    0.165289    0.165289    0.165289
   13.594200    0.162691    0.162691    0.162691
   13.608000    0.159905    0.159905    0.159905
   13.621700    0.156933    0.156933    0.156933
   13.635500    0.154054    0.154054    0.154054
   13.649200    0.151360    0.151360    0.151360
   13.663000    0.148947    0.148947    0.148947
   13.676700    0.147092    0.147092    0.147092
   13.690500    0.145610    0.145610    0.145610
   13.704200    0.144594    0.144594    0.144594
   13.717900    0.144045    0.144045    0.144045
   13.731700    0.143869    0.143869    0.143869
   13.745400    0.143972    0.143972    0.143972
   13.759200    0.144263    0.144263    0.144263
   13.772900    0.144926    0.144926    0.144926
   13.786700    0.145870    0.145870    0.145870
   13.800400    0.147000    0.147000    0.147000
   13.814200    0.148504    0.148504    0.148504
   13.827900    0.150288    0.150288    0.150288
   13.841700    0.152353    0.152353    0.152353
   13.855400    0.154604    0.154604    0.154604
   13.869200    0.157043    0.157043    0.157043
   13.882900    0.159575    0.159575    0.159575
   13.896700    0.162014    0.162014    0.162014
   13.910400    0.164266    0.164266    0.164266
   13.924100    0.166332    0.166332    0.166332
   13.937900    0.167839    0.167839    0.167839
   13.951600    0.168971    0.168971    0.168971
   13.965400    0.169450    0.169450    0.169450
   13.979100    0.169275    0.169275    0.169275
   13.992900    0.168539    0.168539    0.168539
   14.006600    0.167243    0.167243    0.167243
   14.020400    0.165572    0.165572    0.165572
   14.034100    0.163715    0.163715    0.163715
   14.047900    0.161764    0.161764    0.161764
   14.061600    0.159906    0.159906    0.159906
   14.075400    0.158234    0.158234    0.158234
   14.089100    0.157030    0.157030    0.157030
   14.102800    0.156199    0.156199    0.156199
   14.116600    0.155836    0.155836    0.155836
   14.130300    0.155940    0.155940    0.155940
   14.144100    0.156418    0.156418    0.156418
   14.157800    0.157270    0.157270    0.157270
   14.171600    0.158403    0.158403    0.158403
   14.185300    0.159816    0.159816    0.159816
   14.199100    0.161417    0.161417    0.161417
   14.212800    0.163205    0.163205    0.163205
   14.226600    0.165086    0.165086    0.165086
   14.240300    0.166874    0.166874    0.166874
   14.254100    0.168663    0.168663    0.168663
   14.267800    0.170171    0.170171    0.170171
   14.281600    0.171399    0.171399    0.171399
   14.295300    0.172252    0.172252    0.172252
   14.309000    0.172731    0.172731    0.172731
   14.322800    0.172743    0.172743    0.172743
   14.336500    0.172380    0.172380    0.172380
   14.350300    0.171549    0.171549    0.171549
   14.364000    0.170437    0.170437    0.170437
   14.377800    0.168950    0.168950    0.168950
   14.391500    0.167183    0.167183    0.167183
   14.405300    0.165228    0.165228    0.165228
   14.419000    0.163179    0.163179    0.163179
   14.432800    0.160942    0.160942    0.160942
   14.446500    0.158799    0.158799    0.158799
   14.460300    0.156562    0.156562    0.156562
   14.474000    0.154419    0.154419    0.154419
   14.487700    0.152368    0.152368    0.152368
   14.501500    0.150411    0.150411    0.150411
   14.515200    0.148641    0.148641    0.148641
   14.529000    0.147059    0.147059    0.147059
   14.542700    0.145663    0.145663    0.145663
   14.556500    0.144642    0.144642    0.144642
   14.570200    0.143901    0.143901    0.143901
   14.584000    0.143536    0.143536    0.143536
   14.597700    0.143545    0.143545    0.143545
   14.611500    0.143835    0.143835    0.143835
   14.625200    0.144406    0.144406    0.144406
   14.639000    0.145071    0.145071    0.145071
   14.652700    0.145830    0.145830    0.145830
   14.666500    0.146496    0.146496    0.146496
   14.680200    0.146973    0.146973    0.146973
   14.693900    0.147170    0.147170    0.147170
   14.707700    0.146992    0.146992    0.146992
   14.721400    0.146626    0.146626    0.146626
   14.735200    0.146073    0.146073    0.146073
   14.748900    0.145238    0.145238    0.145238
   14.762700    0.144215    0.144215    0.144215
   14.776400    0.143193    0.143193    0.143193
   14.790200    0.142170    0.142170    0.142170
   14.803900    0.141147    0.141147    0.141147
   14.817700    0.140218    0.140218    0.140218
   14.831400    0.139382    0.139382    0.139382
   14.845200    0.138828    0.138828    0.138828
   14.858900    0.138461    0.138461    0.138461
   14.872700    0.138376    0.138376    0.138376
   14.886400    0.138666    0.138666    0.138666
   14.900100    0.139143    0.139143    0.139143
   14.913900    0.139902    0.139902    0.139902
   14.927600    0.140849    0.140849    0.140849
   14.941400    0.141890    0.141890    0.141890
   14.955100    0.142931    0.142931    0.142931
   14.968900    0.143878    0.143878    0.143878
   14.982600    0.144825    0.144825    0.144825
   14.996400    0.145585    0.145585    0.145585
   15.010100    0.146063    0.146063    0.146063
   15.023900    0.146259    0.146259    0.146259
   15.037600    0.146174    0.146174    0.146174
   15.051400    0.145620    0.145620    0.145620
   15.065100    0.144783    0.144783    0.144783
   15.078800    0.143477    0.143477    0.143477
   15.092600    0.141889    0.141889    0.141889
   15.106300    0.140020    0.140020    0.140020
   15.120100    0.137962    0.137962    0.137962
   15.133800    0.135904    0.135904    0.135904
   15.147600    0.133751    0.133751    0.133751
   15.161300    0.131599    0.131599    0.131599
   15.175100    0.129540    0.129540    0.129540
   15.188800    0.127574    0.127574    0.127574
   15.202600    0.125703    0.125703    0.125703
   15.216300    0.123831    0.123831    0.123831
   15.230100    0.122053    0.122053    0.122053
   15.243800    0.120369    0.120369    0.120369
   15.257600    0.118590    0.118590    0.118590
   15.271300    0.116812    0.116812    0.116812
   15.285000    0.115033    0.115033    0.115033
   15.298800    0.113254    0.113254    0.113254
   15.312500    0.111286    0.111286    0.111286
   15.326300    0.109319    0.109319    0.109319
   15.340000    0.107257    0.107257    0.107257
   15.353800    0.105195    0.105195    0.105195
   15.367500    0.103133    0.103133    0.103133
   15.381300    0.101164    0.101164    0.101164
   15.395000    0.099289    0.099289    0.099289
   15.408800    0.097508    0.097508    0.097508
   15.422500    0.095915    0.095915    0.095915
   15.436300    0.094322    0.094322    0.094322
   15.450000    0.092917    0.092917    0.092917
   15.463700    0.091699    0.091699    0.091699
   15.477500    0.090576    0.090576    0.090576
   15.491200    0.089734    0.089734    0.089734
   15.505000    0.088987    0.088987    0.088987
   15.518700    0.088333    0.088333    0.088333
   15.532500    0.087868    0.087868    0.087868
   15.546200    0.087308    0.087308    0.087308
   15.560000    0.086749    0.086749    0.086749
   15.573700    0.085907    0.085907    0.085907
   15.587500    0.084782    0.084782    0.084782
   15.601200    0.083375    0.083375    0.083375
   15.615000    0.081686    0.081686    0.081686
   15.628700    0.079808    0.079808    0.079808
   15.642500    0.077836    0.077836    0.077836
   15.656200    0.075770    0.075770    0.075770
   15.669900    0.073703    0.073703    0.073703
   15.683700    0.071730    0.071730    0.071730
   15.697400    0.069945    0.069945    0.069945
   15.711200    0.068349    0.068349    0.068349
   15.724900    0.066846    0.066846    0.066846
   15.738700    0.065626    0.065626    0.065626
   15.752400    0.064593    0.064593    0.064593
   15.766200    0.063844    0.063844    0.063844
   15.779900    0.063188    0.063188    0.063188
   15.793700    0.062720    0.062720    0.062720
   15.807400    0.062347    0.062347    0.062347
   15.821200    0.062162    0.062162    0.062162
   15.834900    0.061977    0.061977    0.061977
   15.848600    0.061886    0.061886    0.061886
   15.862400    0.061795    0.061795    0.061795
   15.876100    0.061799    0.061799    0.061799
   15.889900    0.061802    0.061802    0.061802
   15.903600    0.061899    0.061899    0.061899
   15.917400    0.061997    0.061997    0.061997
   15.931100    0.062094    0.062094    0.062094
   15.944900    0.062286    0.062286    0.062286
   15.958600    0.062384    0.062384    0.062384
   15.972400    0.062575    0.062575    0.062575
   15.986100    0.062767    0.062767    0.062767
   15.999900    0.063053    0.063053    0.063053
   16.013600    0.063434    0.063434    0.063434
   16.027400    0.063908    0.063908    0.063908
   16.041100    0.064571    0.064571    0.064571
   16.054800    0.065235    0.065235    0.065235
   16.068600    0.065898    0.065898    0.065898
   16.082300    0.066656    0.066656    0.066656
   16.096100    0.067319    0.067319    0.067319
   16.109800    0.067983    0.067983    0.067983
   16.123600    0.068552    0.068552    0.068552
   16.137300    0.069027    0.069027    0.069027
   16.151100    0.069313    0.069313    0.069313
   16.164800    0.069505    0.069505    0.069505
   16.178600    0.069603    0.069603    0.069603
   16.192300    0.069513    0.069513    0.069513
   16.206100    0.069327    0.069327    0.069327
   16.219800    0.068954    0.068954    0.068954
   16.233500    0.068486    0.068486    0.068486
   16.247300    0.068017    0.068017    0.068017
   16.261000    0.067455    0.067455    0.067455
   16.274800    0.067081    0.067081    0.067081
   16.288500    0.066801    0.066801    0.066801
   16.302300    0.066710    0.066710    0.066710
   16.316000    0.066808    0.066808    0.066808
   16.329800    0.067094    0.067094    0.067094
   16.343500    0.067570    0.067570    0.067570
   16.357300    0.068045    0.068045    0.068045
   16.371000    0.068520    0.068520    0.068520
   16.384800    0.068901    0.068901    0.068901
   16.398500    0.069093    0.069093    0.069093
   16.412300    0.069002    0.069002    0.069002
   16.426000    0.068628    0.068628    0.068628
   16.439700    0.067971    0.067971    0.067971
   16.453500    0.067124    0.067124    0.067124
   16.467200    0.066089    0.066089    0.066089
   16.481000    0.064959    0.064959    0.064959
   16.494700    0.063924    0.063924    0.063924
   16.508500    0.062983    0.062983    0.062983
   16.522200    0.062136    0.062136    0.062136
   16.536000    0.061573    0.061573    0.061573
   16.549700    0.061198    0.061198    0.061198
   16.563500    0.061012    0.061012    0.061012
   16.577200    0.060920    0.060920    0.060920
   16.591000    0.060923    0.060923    0.060923
   16.604700    0.060926    0.060926    0.060926
   16.618500    0.060929    0.060929    0.060929
   16.632200    0.060932    0.060932    0.060932
   16.645900    0.060841    0.060841    0.060841
   16.659700    0.060844    0.060844    0.060844
   16.673400    0.060847    0.060847    0.060847
   16.687200    0.060849    0.060849    0.060849
   16.700900    0.060852    0.060852    0.060852
   16.714700    0.060950    0.060950    0.060950
   16.728400    0.060953    0.060953    0.060953
   16.742200    0.060956    0.060956    0.060956
   16.755900    0.060959    0.060959    0.060959
   16.769700    0.060772    0.060772    0.060772
   16.783400    0.060586    0.060586    0.060586
   16.797200    0.060306    0.060306    0.060306
   16.810900    0.059930    0.059930    0.059930
   16.824600    0.059555    0.059555    0.059555
   16.838400    0.059085    0.059085    0.059085
   16.852100    0.058615    0.058615    0.058615
   16.865900    0.058051    0.058051    0.058051
   16.879600    0.057486    0.057486    0.057486
   16.893400    0.056827    0.056827    0.056827
   16.907100    0.056168    0.056168    0.056168
   16.920900    0.055603    0.055603    0.055603
   16.934600    0.055038    0.055038    0.055038
   16.948400    0.054568    0.054568    0.054568
   16.962100    0.054287    0.054287    0.054287
   16.975900    0.054005    0.054005    0.054005
   16.989600    0.053913    0.053913    0.053913
   17.003400    0.053916    0.053916    0.053916
   17.017100    0.053918    0.053918    0.053918
   17.030800    0.054015    0.054015    0.054015
   17.044600    0.054018    0.054018    0.054018
   17.058300    0.054020    0.054020    0.054020
   17.072100    0.053834    0.053834    0.053834
   17.085800    0.053647    0.053647    0.053647
   17.099600    0.053271    0.053271    0.053271
   17.113300    0.052800    0.052800    0.052800
   17.127100    0.052330    0.052330    0.052330
   17.140800    0.051764    0.051764    0.051764
   17.154600    0.051199    0.051199    0.051199
   17.168300    0.050728    0.050728    0.050728
   17.182100    0.050257    0.050257    0.050257
   17.195800    0.049880    0.049880    0.049880
   17.209500    0.049599    0.049599    0.049599
   17.223300    0.049412    0.049412    0.049412
   17.237000    0.049414    0.049414    0.049414
   17.250800    0.049511    0.049511    0.049511
   17.264500    0.049702    0.049702    0.049702
   17.278300    0.050178    0.050178    0.050178
   17.292000    0.050748    0.050748    0.050748
   17.305800    0.051508    0.051508    0.051508
   17.319500    0.052457    0.052457    0.052457
   17.333300    0.053596    0.053596    0.053596
   17.347000    0.054829    0.054829    0.054829
   17.360800    0.056158    0.056158    0.056158
   17.374500    0.057486    0.057486    0.057486
   17.388300    0.058625    0.058625    0.058625
   17.402000    0.059669    0.059669    0.059669
   17.415700    0.060430    0.060430    0.060430
   17.429500    0.060906    0.060906    0.060906
   17.443200    0.061193    0.061193    0.061193
   17.457000    0.061196    0.061196    0.061196
   17.470700    0.061009    0.061009    0.061009
   17.484500    0.060727    0.060727    0.060727
   17.498200    0.060351    0.060351    0.060351
   17.512000    0.059785    0.059785    0.059785
   17.525700    0.059219    0.059219    0.059219
   17.539500    0.058558    0.058558    0.058558
   17.553200    0.057803    0.057803    0.057803
   17.567000    0.056953    0.056953    0.056953
   17.580700    0.056007    0.056007    0.056007
   17.594400    0.054967    0.054967    0.054967
   17.608200    0.054022    0.054022    0.054022
   17.621900    0.052887    0.052887    0.052887
   17.635700    0.051941    0.051941    0.051941
   17.649400    0.050996    0.050996    0.050996
   17.663200    0.050145    0.050145    0.050145
   17.676900    0.049483    0.049483    0.049483
   17.690700    0.048917    0.048917    0.048917
   17.704400    0.048634    0.048634    0.048634
   17.718200    0.048447    0.048447    0.048447
   17.731900    0.048354    0.048354    0.048354
   17.745700    0.048451    0.048451    0.048451
   17.759400    0.048642    0.048642    0.048642
   17.773200    0.048834    0.048834    0.048834
   17.786900    0.049121    0.049121    0.049121
   17.800600    0.049312    0.049312    0.049312
   17.814400    0.049504    0.049504    0.049504
   17.828100    0.049696    0.049696    0.049696
   17.841900    0.049793    0.049793    0.049793
   17.855600    0.049795    0.049795    0.049795
   17.869400    0.049702    0.049702    0.049702
   17.883100    0.049515    0.049515    0.049515
   17.896900    0.049232    0.049232    0.049232
   17.910600    0.048950    0.048950    0.048950
   17.924400    0.048572    0.048572    0.048572
   17.938100    0.048195    0.048195    0.048195
   17.951900    0.047817    0.047817    0.047817
   17.965600    0.047440    0.047440    0.047440
   17.979300    0.046967    0.046967    0.046967
   17.993100    0.046400    0.046400    0.046400
   18.006800    0.045737    0.045737    0.045737
   18.020600    0.045075    0.045075    0.045075
   18.034300    0.044128    0.044128    0.044128
   18.048100    0.043181    0.043181    0.043181
   18.061800    0.042044    0.042044    0.042044
   18.075600    0.040811    0.040811    0.040811
   18.089300    0.039484    0.039484    0.039484
   18.103100    0.038252    0.038252    0.038252
   18.116800    0.037020    0.037020    0.037020
   18.130600    0.035882    0.035882    0.035882
   18.144300    0.034934    0.034934    0.034934
   18.158100    0.034176    0.034176    0.034176
   18.171800    0.033513    0.033513    0.033513
   18.185500    0.033039    0.033039    0.033039
   18.199300    0.032661    0.032661    0.032661
   18.213000    0.032472    0.032472    0.032472
   18.226800    0.032474    0.032474    0.032474
   18.240500    0.032380    0.032380    0.032380
   18.254300    0.032476    0.032476    0.032476
   18.268000    0.032573    0.032573    0.032573
   18.281800    0.032574    0.032574    0.032574
   18.295500    0.032670    0.032670    0.032670
   18.309300    0.032671    0.032671    0.032671
   18.323000    0.032768    0.032768    0.032768
   18.336800    0.032769    0.032769    0.032769
   18.350500    0.032770    0.032770    0.032770
   18.364200    0.032677    0.032677    0.032677
   18.378000    0.032583    0.032583    0.032583
   18.391700    0.032489    0.032489    0.032489
   18.405500    0.032396    0.032396    0.032396
   18.419200    0.032302    0.032302    0.032302
   18.433000    0.032208    0.032208    0.032208
   18.446700    0.032114    0.032114    0.032114
   18.460500    0.032116    0.032116    0.032116
   18.474200    0.032117    0.032117    0.032117
   18.488000    0.032213    0.032213    0.032213
   18.501700    0.032309    0.032309    0.032309
   18.515500    0.032501    0.032501    0.032501
   18.529200    0.032692    0.032692    0.032692
   18.543000    0.032883    0.032883    0.032883
   18.556700    0.033170    0.033170    0.033170
   18.570400    0.033456    0.033456    0.033456
   18.584200    0.033648    0.033648    0.033648
   18.597900    0.033744    0.033744    0.033744
   18.611700    0.033840    0.033840    0.033840
   18.625400    0.033746    0.033746    0.033746
   18.639200    0.033653    0.033653    0.033653
   18.652900    0.033369    0.033369    0.033369
   18.666700    0.032895    0.032895    0.032895
   18.680400    0.032326    0.032326    0.032326
   18.694200    0.031756    0.031756    0.031756
   18.707900    0.030997    0.030997    0.030997
   18.721700    0.030237    0.030237    0.030237
   18.735400    0.029383    0.029383    0.029383
   18.749200    0.028623    0.028623    0.028623
   18.762900    0.027863    0.027863    0.027863
   18.776600    0.027199    0.027199    0.027199
   18.790400    0.026534    0.026534    0.026534
   18.804100    0.026059    0.026059    0.026059
   18.817900    0.025585    0.025585    0.025585
   18.831600    0.025300    0.025300    0.025300
   18.845400    0.025016    0.025016    0.025016
   18.859100    0.024827    0.024827    0.024827
   18.872900    0.024733    0.024733    0.024733
   18.886600    0.024733    0.024733    0.024733
   18.900400    0.024830    0.024830    0.024830
   18.914100    0.024926    0.024926    0.024926
   18.927900    0.025022    0.025022    0.025022
   18.941600    0.025023    0.025023    0.025023
   18.955300    0.025119    0.025119    0.025119
   18.969100    0.025024    0.025024    0.025024
   18.982800    0.024930    0.024930    0.024930
   18.996600    0.024741    0.024741    0.024741
   19.010300    0.024456    0.024456    0.024456
   19.024100    0.024076    0.024076    0.024076
   19.037800    0.023792    0.023792    0.023792
   19.051600    0.023412    0.023412    0.023412
   19.065300    0.023032    0.023032    0.023032
   19.079100    0.022652    0.022652    0.022652
   19.092800    0.022368    0.022368    0.022368
   19.106600    0.022083    0.022083    0.022083
   19.120300    0.021798    0.021798    0.021798
   19.134100    0.021609    0.021609    0.021609
   19.147800    0.021514    0.021514    0.021514
   19.161500    0.021325    0.021325    0.021325
   19.175300    0.021230    0.021230    0.021230
   19.189000    0.021231    0.021231    0.021231
   19.202800    0.021136    0.021136    0.021136
   19.216500    0.021137    0.021137    0.021137
   19.230300    0.021043    0.021043    0.021043
   19.244000    0.021043    0.021043    0.021043
   19.257800    0.020949    0.020949    0.020949
   19.271500    0.020855    0.020855    0.020855
   19.285300    0.020665    0.020665    0.020665
   19.299000    0.020475    0.020475    0.020475
   19.312800    0.020285    0.020285    0.020285
   19.326500    0.020000    0.020000    0.020000
   19.340200    0.019715    0.019715    0.019715
   19.354000    0.019430    0.019430    0.019430
   19.367700    0.019145    0.019145    0.019145
   19.381500    0.018765    0.018765    0.018765
   19.395200    0.018480    0.018480    0.018480
   19.409000    0.018195    0.018195    0.018195
   19.422700    0.018005    0.018005    0.018005
   19.436500    0.017815    0.017815    0.017815
   19.450200    0.017625    0.017625    0.017625
   19.464000    0.017530    0.017530    0.017530
   19.477700    0.017340    0.017340    0.017340
   19.491500    0.017246    0.017246    0.017246
   19.505200    0.017151    0.017151    0.017151
   19.519000    0.016961    0.016961    0.016961
   19.532700    0.016771    0.016771    0.016771
   19.546400    0.016676    0.016676    0.016676
   19.560200    0.016486    0.016486    0.016486
   19.573900    0.016296    0.016296    0.016296
   19.587700    0.016011    0.016011    0.016011
   19.601400    0.015821    0.015821    0.015821
   19.615200    0.015726    0.015726    0.015726
   19.628900    0.015536    0.015536    0.015536
   19.642700    0.015346    0.015346    0.015346
   19.656400    0.015251    0.015251    0.015251
   19.670200    0.015061    0.015061    0.015061
   19.683900    0.014966    0.014966    0.014966
   19.697700    0.014776    0.014776    0.014776
   19.711400    0.014681    0.014681    0.014681
   19.725100    0.014491    0.014491    0.014491
   19.738900    0.014301    0.014301    0.014301
   19.752600    0.014111    0.014111    0.014111
   19.766400    0.013920    0.013920    0.013920
   19.780100    0.013730    0.013730    0.013730
   19.793900    0.013540    0.013540    0.013540
   19.807600    0.013445    0.013445    0.013445
   19.821400    0.013255    0.013255    0.013255
   19.835100    0.013160    0.013160    0.013160
   19.848900    0.013065    0.013065    0.013065
   19.862600    0.013065    0.013065    0.013065
   19.876400    0.013066    0.013066    0.013066
   19.890100    0.012971    0.012971    0.012971
   19.903900    0.012971    0.012971    0.012971
   19.917600    0.012972    0.012972    0.012972
   19.931300    0.012877    0.012877    0.012877
   19.945100    0.012877    0.012877    0.012877
   19.958800    0.012687    0.012687    0.012687
   19.972600    0.012592    0.012592    0.012592
   19.986300    0.012402    0.012402    0.012402
   20.000100    0.012211    0.012211    0.012211
   20.013800    0.012021    0.012021    0.012021
   20.027600    0.011830    0.011830    0.011830
   20.041300    0.011640    0.011640    0.011640
   20.055100    0.011450    0.011450    0.011450
   20.068800    0.011259    0.011259    0.011259
   20.082600    0.011164    0.011164    0.011164
   20.096300    0.010974    0.010974    0.010974
   20.110000    0.010878    0.010878    0.010878
   20.123800    0.010688    0.010688    0.010688
   20.137500    0.010593    0.010593    0.010593
   20.151300    0.010402    0.010402    0.010402
   20.165000    0.010212    0.010212    0.010212
   20.178800    0.010117    0.010117    0.010117
   20.192500    0.009926    0.009926    0.009926
   20.206300    0.009831    0.009831    0.009831
   20.220000    0.009640    0.009640    0.009640
   20.233800    0.009545    0.009545    0.009545
   20.247500    0.009450    0.009450    0.009450
   20.261300    0.009355    0.009355    0.009355
   20.275000    0.009260    0.009260    0.009260
   20.288800    0.009260    0.009260    0.009260
   20.302500    0.009165    0.009165    0.009165
   20.316200    0.009165    0.009165    0.009165
   20.330000    0.009166    0.009166    0.009166
   20.343700    0.009166    0.009166    0.009166
   20.357500    0.009166    0.009166    0.009166
   20.371200    0.009166    0.009166    0.009166
   20.385000    0.009167    0.009167    0.009167
   20.398700    0.009072    0.009072    0.009072
   20.412500    0.009072    0.009072    0.009072
   20.426200    0.009072    0.009072    0.009072
   20.440000    0.009072    0.009072    0.009072
   20.453700    0.009073    0.009073    0.009073
   20.467500    0.009073    0.009073    0.009073
   20.481200    0.008978    0.008978    0.008978
   20.495000    0.008978    0.008978    0.008978
   20.508700    0.008978    0.008978    0.008978
   20.522400    0.008883    0.008883    0.008883
   20.536200    0.008788    0.008788    0.008788
   20.549900    0.008788    0.008788    0.008788
   20.563700    0.008693    0.008693    0.008693
   20.577400    0.008598    0.008598    0.008598
   20.591200    0.008502    0.008502    0.008502
   20.604900    0.008407    0.008407    0.008407
   20.618700    0.008312    0.008312    0.008312
   20.632400    0.008217    0.008217    0.008217
   20.646200    0.008121    0.008121    0.008121
   20.659900    0.008026    0.008026    0.008026
   20.673700    0.007931    0.007931    0.007931
   20.687400    0.007931    0.007931    0.007931
   20.701100    0.007836    0.007836    0.007836
   20.714900    0.007740    0.007740    0.007740
   20.728600    0.007645    0.007645    0.007645
   20.742400    0.007550    0.007550    0.007550
   20.756100    0.007550    0.007550    0.007550
   20.769900    0.007455    0.007455    0.007455
   20.783600    0.007455    0.007455    0.007455
   20.797400    0.007359    0.007359    0.007359
   20.811100    0.007360    0.007360    0.007360
   20.824900    0.007264    0.007264    0.007264
   20.838600    0.007264    0.007264    0.007264
   20.852400    0.007169    0.007169    0.007169
   20.866100    0.007169    0.007169    0.007169
   20.879900    0.007170    0.007170    0.007170
   20.893600    0.007074    0.007074    0.007074
   20.907300    0.007074    0.007074    0.007074
   20.921100    0.007075    0.007075    0.007075
   20.934800    0.007075    0.007075    0.007075
   20.948600    0.007075    0.007075    0.007075
   20.962300    0.006980    0.006980    0.006980
   20.976100    0.006980    0.006980    0.006980
   20.989800    0.006980    0.006980    0.006980
   21.003600    0.006980    0.006980    0.006980
   21.017300    0.006885    0.006885    0.006885
   21.031100    0.006885    0.006885    0.006885
   21.044800    0.006885    0.006885    0.006885
   21.058600    0.006885    0.006885    0.006885
   21.072300    0.006790    0.006790    0.006790
   21.086000    0.006790    0.006790    0.006790
   21.099800    0.006790    0.006790    0.006790
   21.113500    0.006791    0.006791    0.006791
   21.127300    0.006695    0.006695    0.006695
   21.141000    0.006695    0.006695    0.006695
   21.154800    0.006696    0.006696    0.006696
   21.168500    0.006600    0.006600    0.006600
   21.182300    0.006600    0.006600    0.006600
   21.196000    0.006601    0.006601    0.006601
   21.209800    0.006505    0.006505    0.006505
   21.223500    0.006505    0.006505    0.006505
   21.237300    0.006505    0.006505    0.006505
   21.251000    0.006410    0.006410    0.006410
   21.264800    0.006410    0.006410    0.006410
   21.278500    0.006410    0.006410    0.006410
   21.292200    0.006315    0.006315    0.006315
   21.306000    0.006315    0.006315    0.006315
   21.319700    0.006315    0.006315    0.006315
   21.333500    0.006315    0.006315    0.006315
   21.347200    0.006316    0.006316    0.006316
   21.361000    0.006220    0.006220    0.006220
   21.374700    0.006220    0.006220    0.006220
   21.388500    0.006220    0.006220    0.006220
   21.402200    0.006221    0.006221    0.006221
   21.416000    0.006125    0.006125    0.006125
   21.429700    0.006125    0.006125    0.006125
   21.443500    0.006125    0.006125    0.006125
   21.457200    0.006126    0.006126    0.006126
   21.470900    0.006126    0.006126    0.006126
   21.484700    0.006030    0.006030    0.006030
   21.498400    0.006030    0.006030    0.006030
   21.512200    0.006031    0.006031    0.006031
   21.525900    0.006031    0.006031    0.006031
   21.539700    0.006031    0.006031    0.006031
   21.553400    0.006031    0.006031    0.006031
   21.567200    0.005936    0.005936    0.005936
   21.580900    0.005936    0.005936    0.005936
   21.594700    0.005936    0.005936    0.005936
   21.608400    0.005936    0.005936    0.005936
   21.622200    0.005936    0.005936    0.005936
   21.635900    0.005936    0.005936    0.005936
   21.649700    0.005841    0.005841    0.005841
   21.663400    0.005841    0.005841    0.005841
   21.677100    0.005841    0.005841    0.005841
   21.690900    0.005841    0.005841    0.005841
   21.704600    0.005841    0.005841    0.005841
   21.718400    0.005842    0.005842    0.005842
   21.732100    0.005746    0.005746    0.005746
   21.745900    0.005746    0.005746    0.005746
   21.759600    0.005746    0.005746    0.005746
   21.773400    0.005746    0.005746    0.005746
   21.787100    0.005747    0.005747    0.005747
   21.800900    0.005747    0.005747    0.005747
   21.814600    0.005651    0.005651    0.005651
   21.828400    0.005651    0.005651    0.005651
   21.842100    0.005651    0.005651    0.005651
   21.855800    0.005652    0.005652    0.005652
   21.869600    0.005652    0.005652    0.005652
   21.883300    0.005652    0.005652    0.005652
   21.897100    0.005556    0.005556    0.005556
   21.910800    0.005556    0.005556    0.005556
   21.924600    0.005557    0.005557    0.005557
   21.938300    0.005557    0.005557    0.005557
   21.952100    0.005557    0.005557    0.005557
   21.965800    0.005557    0.005557    0.005557
   21.979600    0.005557    0.005557    0.005557
   21.993300    0.005462    0.005462    0.005462
   22.007100    0.005462    0.005462    0.005462
   22.020800    0.005462    0.005462    0.005462
   22.034600    0.005462    0.005462    0.005462
   22.048300    0.005462    0.005462    0.005462
   22.062000    0.005462    0.005462    0.005462
   22.075800    0.005462    0.005462    0.005462
   22.089500    0.005367    0.005367    0.005367
   22.103300    0.005367    0.005367    0.005367
   22.117000    0.005367    0.005367    0.005367
   22.130800    0.005367    0.005367    0.005367
   22.144500    0.005367    0.005367    0.005367
   22.158300    0.005367    0.005367    0.005367
   22.172000    0.005368    0.005368    0.005368
   22.185800    0.005368    0.005368    0.005368
   22.199500    0.005272    0.005272    0.005272
   22.213300    0.005272    0.005272    0.005272
   22.227000    0.005272    0.005272    0.005272
   22.240700    0.005272    0.005272    0.005272
   22.254500    0.005273    0.005273    0.005273
   22.268200    0.005273    0.005273    0.005273
   22.282000    0.005273    0.005273    0.005273
   22.295700    0.005177    0.005177    0.005177
   22.309500    0.005177    0.005177    0.005177
   22.323200    0.005177    0.005177    0.005177
   22.337000    0.005178    0.005178    0.005178
   22.350700    0.005178    0.005178    0.005178
   22.364500    0.005178    0.005178    0.005178
   22.378200    0.005178    0.005178    0.005178
   22.392000    0.005178    0.005178    0.005178
   22.405700    0.005082    0.005082    0.005082
   22.419500    0.005083    0.005083    0.005083
   22.433200    0.005083    0.005083    0.005083
   22.446900    0.005083    0.005083    0.005083
   22.460700    0.005083    0.005083    0.005083
   22.474400    0.005083    0.005083    0.005083
   22.488200    0.005083    0.005083    0.005083
   22.501900    0.005083    0.005083    0.005083
   22.515700    0.004988    0.004988    0.004988
   22.529400    0.004988    0.004988    0.004988
   22.543200    0.004988    0.004988    0.004988
   22.556900    0.004988    0.004988    0.004988
   22.570700    0.004988    0.004988    0.004988
   22.584400    0.004988    0.004988    0.004988
   22.598200    0.004988    0.004988    0.004988
   22.611900    0.004988    0.004988    0.004988
   22.625700    0.004893    0.004893    0.004893
   22.639400    0.004893    0.004893    0.004893
   22.653100    0.004893    0.004893    0.004893
   22.666900    0.004893    0.004893    0.004893
   22.680600    0.004893    0.004893    0.004893
   22.694400    0.004893    0.004893    0.004893
   22.708100    0.004893    0.004893    0.004893
   22.721900    0.004894    0.004894    0.004894
   22.735600    0.004894    0.004894    0.004894
   22.749400    0.004798    0.004798    0.004798
   22.763100    0.004798    0.004798    0.004798
   22.776900    0.004798    0.004798    0.004798
   22.790600    0.004798    0.004798    0.004798
   22.804400    0.004798    0.004798    0.004798
   22.818100    0.004798    0.004798    0.004798
   22.831800    0.004799    0.004799    0.004799
   22.845600    0.004799    0.004799    0.004799
   22.859300    0.004703    0.004703    0.004703
   22.873100    0.004703    0.004703    0.004703
   22.886800    0.004703    0.004703    0.004703
   22.900600    0.004703    0.004703    0.004703
   22.914300    0.004703    0.004703    0.004703
   22.928100    0.004703    0.004703    0.004703
   22.941800    0.004704    0.004704    0.004704
   22.955600    0.004704    0.004704    0.004704
   22.969300    0.004704    0.004704    0.004704
   22.983100    0.004704    0.004704    0.004704
   22.996800    0.004608    0.004608    0.004608
   23.010600    0.004608    0.004608    0.004608
   23.024300    0.004608    0.004608    0.004608
   23.038000    0.004608    0.004608    0.004608
   23.051800    0.004608    0.004608    0.004608
   23.065500    0.004609    0.004609    0.004609
   23.079300    0.004609    0.004609    0.004609
   23.093000    0.004609    0.004609    0.004609
   23.106800    0.004609    0.004609    0.004609
   23.120500    0.004513    0.004513    0.004513
   23.134300    0.004513    0.004513    0.004513
   23.148000    0.004513    0.004513    0.004513
   23.161800    0.004513    0.004513    0.004513
   23.175500    0.004513    0.004513    0.004513
   23.189300    0.004514    0.004514    0.004514
   23.203000    0.004514    0.004514    0.004514
   23.216700    0.004514    0.004514    0.004514
   23.230500    0.004514    0.004514    0.004514
   23.244200    0.004514    0.004514    0.004514
   23.258000    0.004418    0.004418    0.004418
   23.271700    0.004418    0.004418    0.004418
   23.285500    0.004418    0.004418    0.004418
   23.299200    0.004418    0.004418    0.004418
   23.313000    0.004418    0.004418    0.004418
   23.326700    0.004419    0.004419    0.004419
   23.340500    0.004419    0.004419    0.004419
   23.354200    0.004419    0.004419    0.004419
   23.368000    0.004419    0.004419    0.004419
   23.381700    0.004419    0.004419    0.004419
   23.395500    0.004323    0.004323    0.004323
   23.409200    0.004323    0.004323    0.004323
   23.422900    0.004323    0.004323    0.004323
   23.436700    0.004323    0.004323    0.004323
   23.450400    0.004323    0.004323    0.004323
   23.464200    0.004324    0.004324    0.004324
   23.477900    0.004324    0.004324    0.004324
   23.491700    0.004324    0.004324    0.004324
   23.505400    0.004324    0.004324    0.004324
   23.519200    0.004324    0.004324    0.004324
   23.532900    0.004228    0.004228    0.004228
   23.546700    0.004228    0.004228    0.004228
   23.560400    0.004228    0.004228    0.004228
   23.574200    0.004228    0.004228    0.004228
   23.587900    0.004228    0.004228    0.004228
   23.601600    0.004228    0.004228    0.004228
   23.615400    0.004229    0.004229    0.004229
   23.629100    0.004229    0.004229    0.004229
   23.642900    0.004229    0.004229    0.004229
   23.656600    0.004229    0.004229    0.004229
   23.670400    0.004229    0.004229    0.004229
   23.684100    0.004133    0.004133    0.004133
   23.697900    0.004133    0.004133    0.004133
   23.711600    0.004133    0.004133    0.004133
   23.725400    0.004133    0.004133    0.004133
   23.739100    0.004133    0.004133    0.004133
   23.752900    0.004133    0.004133    0.004133
   23.766600    0.004134    0.004134    0.004134
   23.780400    0.004134    0.004134    0.004134
   23.794100    0.004134    0.004134    0.004134
   23.807800    0.004134    0.004134    0.004134
   23.821600    0.004134    0.004134    0.004134
   23.835300    0.004038    0.004038    0.004038
   23.849100    0.004038    0.004038    0.004038
   23.862800    0.004038    0.004038    0.004038
   23.876600    0.004038    0.004038    0.004038
   23.890300    0.004038    0.004038    0.004038
   23.904100    0.004038    0.004038    0.004038
   23.917800    0.004038    0.004038    0.004038
   23.931600    0.004039    0.004039    0.004039
   23.945300    0.004039    0.004039    0.004039
   23.959100    0.004039    0.004039    0.004039
   23.972800    0.004039    0.004039    0.004039
   23.986500    0.003943    0.003943    0.003943
   24.000300    0.003943    0.003943    0.003943
   24.014000    0.003943    0.003943    0.003943
   24.027800    0.003943    0.003943    0.003943
   24.041500    0.003943    0.003943    0.003943
   24.055300    0.003943    0.003943    0.003943
   24.069000    0.003943    0.003943    0.003943
   24.082800    0.003943    0.003943    0.003943
   24.096500    0.003943    0.003943    0.003943
   24.110300    0.003944    0.003944    0.003944
   24.124000    0.003944    0.003944    0.003944
   24.137800    0.003944    0.003944    0.003944
   24.151500    0.003848    0.003848    0.003848
   24.165300    0.003848    0.003848    0.003848
   24.179000    0.003848    0.003848    0.003848
   24.192700    0.003848    0.003848    0.003848
   24.206500    0.003848    0.003848    0.003848
   24.220200    0.003848    0.003848    0.003848
   24.234000    0.003848    0.003848    0.003848
   24.247700    0.003848    0.003848    0.003848
   24.261500    0.003848    0.003848    0.003848
   24.275200    0.003848    0.003848    0.003848
   24.289000    0.003848    0.003848    0.003848
   24.302700    0.003849    0.003849    0.003849
   24.316500    0.003849    0.003849    0.003849
   24.330200    0.003753    0.003753    0.003753
   24.344000    0.003753    0.003753    0.003753
   24.357700    0.003753    0.003753    0.003753
   24.371500    0.003753    0.003753    0.003753
   24.385200    0.003753    0.003753    0.003753
   24.398900    0.003753    0.003753    0.003753
   24.412700    0.003753    0.003753    0.003753
   24.426400    0.003753    0.003753    0.003753
   24.440200    0.003753    0.003753    0.003753
   24.453900    0.003753    0.003753    0.003753
   24.467700    0.003753    0.003753    0.003753
   24.481400    0.003753    0.003753    0.003753
   24.495200    0.003657    0.003657    0.003657
   24.508900    0.003657    0.003657    0.003657
   24.522700    0.003657    0.003657    0.003657
   24.536400    0.003658    0.003658    0.003658
   24.550200    0.003658    0.003658    0.003658
   24.563900    0.003658    0.003658    0.003658
   24.577600    0.003658    0.003658    0.003658
   24.591400    0.003658    0.003658    0.003658
   24.605100    0.003658    0.003658    0.003658
   24.618900    0.003658    0.003658    0.003658
   24.632600    0.003658    0.003658    0.003658
   24.646400    0.003658    0.003658    0.003658
   24.660100    0.003658    0.003658    0.003658
   24.673900    0.003658    0.003658    0.003658
   24.687600    0.003562    0.003562    0.003562
   24.701400    0.003562    0.003562    0.003562
   24.715100    0.003562    0.003562    0.003562
   24.728900    0.003562    0.003562    0.003562
   24.742600    0.003562    0.003562    0.003562
   24.756400    0.003563    0.003563    0.003563
   24.770100    0.003563    0.003563    0.003563
   24.783800    0.003563    0.003563    0.003563
   24.797600    0.003563    0.003563    0.003563
   24.811300    0.003563    0.003563    0.003563
   24.825100    0.003563    0.003563    0.003563
   24.838800    0.003563    0.003563    0.003563
   24.852600    0.003563    0.003563    0.003563
   24.866300    0.003563    0.003563    0.003563
   24.880100    0.003467    0.003467    0.003467
   24.893800    0.003467    0.003467    0.003467
   24.907600    0.003467    0.003467    0.003467
   24.921300    0.003467    0.003467    0.003467
   24.935100    0.003467    0.003467    0.003467
   24.948800    0.003467    0.003467    0.003467
   24.962500    0.003467    0.003467    0.003467
   24.976300    0.003467    0.003467    0.003467
   24.990000    0.003467    0.003467    0.003467
   25.003800    0.003468    0.003468    0.003468
   25.017500    0.003468    0.003468    0.003468
   25.031300    0.003468    0.003468    0.003468
   25.045000    0.003468    0.003468    0.003468
   25.058800    0.003468    0.003468    0.003468
   25.072500    0.003372    0.003372    0.003372
   25.086300    0.003372    0.003372    0.003372
   25.100000    0.003372    0.003372    0.003372
   25.113800    0.003372    0.003372    0.003372
   25.127500    0.003372    0.003372    0.003372
   25.141300    0.003372    0.003372    0.003372
   25.155000    0.003372    0.003372    0.003372
   25.168700    0.003372    0.003372    0.003372
   25.182500    0.003372    0.003372    0.003372
   25.196200    0.003372    0.003372    0.003372
   25.210000    0.003372    0.003372    0.003372
   25.223700    0.003372    0.003372    0.003372
   25.237500    0.003372    0.003372    0.003372
   25.251200    0.003372    0.003372    0.003372
   25.265000    0.003373    0.003373    0.003373
   25.278700    0.003276    0.003276    0.003276
   25.292500    0.003276    0.003276    0.003276
   25.306200    0.003276    0.003276    0.003276
   25.320000    0.003276    0.003276    0.003276
   25.333700    0.003277    0.003277    0.003277
   25.347400    0.003277    0.003277    0.003277
   25.361200    0.003277    0.003277    0.003277
   25.374900    0.003277    0.003277    0.003277
   25.388700    0.003277    0.003277    0.003277
   25.402400    0.003277    0.003277    0.003277
   25.416200    0.003277    0.003277    0.003277
   25.429900    0.003277    0.003277    0.003277
   25.443700    0.003277    0.003277    0.003277
   25.457400    0.003277    0.003277    0.003277
   25.471200    0.003277    0.003277    0.003277
   25.484900    0.003277    0.003277    0.003277
   25.498700    0.003181    0.003181    0.003181
   25.512400    0.003181    0.003181    0.003181
   25.526200    0.003181    0.003181    0.003181
   25.539900    0.003181    0.003181    0.003181
   25.553600    0.003181    0.003181    0.003181
   25.567400    0.003181    0.003181    0.003181
   25.581100    0.003181    0.003181    0.003181
   25.594900    0.003181    0.003181    0.003181
   25.608600    0.003181    0.003181    0.003181
   25.622400    0.003182    0.003182    0.003182
   25.636100    0.003182    0.003182    0.003182
   25.649900    0.003182    0.003182    0.003182
   25.663600    0.003182    0.003182    0.003182
   25.677400    0.003182    0.003182    0.003182
   25.691100    0.003182    0.003182    0.003182
   25.704900    0.003182    0.003182    0.003182
   25.718600    0.003086    0.003086    0.003086
   25.732300    0.003086    0.003086    0.003086
   25.746100    0.003086    0.003086    0.003086
   25.759800    0.003086    0.003086    0.003086
   25.773600    0.003086    0.003086    0.003086
   25.787300    0.003086    0.003086    0.003086
   25.801100    0.003086    0.003086    0.003086
   25.814800    0.003086    0.003086    0.003086
   25.828600    0.003086    0.003086    0.003086
   25.842300    0.003086    0.003086    0.003086
   25.856100    0.003086    0.003086    0.003086
   25.869800    0.003086    0.003086    0.003086
   25.883600    0.003086    0.003086    0.003086
   25.897300    0.003086    0.003086    0.003086
   25.911100    0.003086    0.003086    0.003086
   25.924800    0.003086    0.003086    0.003086
   25.938500    0.003087    0.003087    0.003087
   25.952300    0.002990    0.002990    0.002990
   25.966000    0.002990    0.002990    0.002990
   25.979800    0.002990    0.002990    0.002990
   25.993500    0.002990    0.002990    0.002990
   26.007300    0.002990    0.002990    0.002990
   26.021000    0.002990    0.002990    0.002990
   26.034800    0.002990    0.002990    0.002990
   26.048500    0.002991    0.002991    0.002991
   26.062300    0.002991    0.002991    0.002991
   26.076000    0.002991    0.002991    0.002991
   26.089800    0.002991    0.002991    0.002991
   26.103500    0.002991    0.002991    0.002991
   26.117200    0.002991    0.002991    0.002991
   26.131000    0.002991    0.002991    0.002991
   26.144700    0.002991    0.002991    0.002991
   26.158500    0.002991    0.002991    0.002991
   26.172200    0.002991    0.002991    0.002991
   26.186000    0.002895    0.002895    0.002895
   26.199700    0.002895    0.002895    0.002895
   26.213500    0.002895    0.002895    0.002895
   26.227200    0.002895    0.002895    0.002895
   26.241000    0.002895    0.002895    0.002895
   26.254700    0.002895    0.002895    0.002895
   26.268500    0.002895    0.002895    0.002895
   26.282200    0.002895    0.002895    0.002895
   26.296000    0.002895    0.002895    0.002895
   26.309700    0.002895    0.002895    0.002895
   26.323400    0.002895    0.002895    0.002895
   26.337200    0.002895    0.002895    0.002895
   26.350900    0.002895    0.002895    0.002895
   26.364700    0.002895    0.002895    0.002895
   26.378400    0.002895    0.002895    0.002895
   26.392200    0.002895    0.002895    0.002895
   26.405900    0.002895    0.002895    0.002895
   26.419700    0.002896    0.002896    0.002896
   26.433400    0.002896    0.002896    0.002896
   26.447200    0.002799    0.002799    0.002799
   26.460900    0.002799    0.002799    0.002799
   26.474700    0.002799    0.002799    0.002799
   26.488400    0.002799    0.002799    0.002799
   26.502200    0.002799    0.002799    0.002799
   26.515900    0.002799    0.002799    0.002799
   26.529600    0.002799    0.002799    0.002799
   26.543400    0.002799    0.002799    0.002799
   26.557100    0.002800    0.002800    0.002800
   26.570900    0.002800    0.002800    0.002800
   26.584600    0.002800    0.002800    0.002800
   26.598400    0.002800    0.002800    0.002800
   26.612100    0.002800    0.002800    0.002800
   26.625900    0.002800    0.002800    0.002800
   26.639600    0.002800    0.002800    0.002800
   26.653400    0.002800    0.002800    0.002800
   26.667100    0.002800    0.002800    0.002800
   26.680900    0.002800    0.002800    0.002800
   26.694600    0.002800    0.002800    0.002800
   26.708300    0.002800    0.002800    0.002800
   26.722100    0.002704    0.002704    0.002704
   26.735800    0.002704    0.002704    0.002704
   26.749600    0.002704    0.002704    0.002704
   26.763300    0.002704    0.002704    0.002704
   26.777100    0.002704    0.002704    0.002704
   26.790800    0.002704    0.002704    0.002704
   26.804600    0.002704    0.002704    0.002704
   26.818300    0.002704    0.002704    0.002704
   26.832100    0.002704    0.002704    0.002704
   26.845800    0.002704    0.002704    0.002704
   26.859600    0.002704    0.002704    0.002704
   26.873300    0.002704    0.002704    0.002704
   26.887100    0.002704    0.002704    0.002704
   26.900800    0.002704    0.002704    0.002704
   26.914500    0.002704    0.002704    0.002704
   26.928300    0.002704    0.002704    0.002704
   26.942000    0.002704    0.002704    0.002704
   26.955800    0.002704    0.002704    0.002704
   26.969500    0.002704    0.002704    0.002704
   26.983300    0.002705    0.002705    0.002705
   26.997000    0.002608    0.002608    0.002608
   27.010800    0.002608    0.002608    0.002608
   27.024500    0.002608    0.002608    0.002608
   27.038300    0.002608    0.002608    0.002608
   27.052000    0.002608    0.002608    0.002608
   27.065800    0.002608    0.002608    0.002608
   27.079500    0.002608    0.002608    0.002608
   27.093200    0.002608    0.002608    0.002608
   27.107000    0.002608    0.002608    0.002608
   27.120700    0.002608    0.002608    0.002608
   27.134500    0.002608    0.002608    0.002608
   27.148200    0.002609    0.002609    0.002609
   27.162000    0.002609    0.002609    0.002609
   27.175700    0.002609    0.002609    0.002609
   27.189500    0.002609    0.002609    0.002609
   27.203200    0.002609    0.002609    0.002609
   27.217000    0.002609    0.002609    0.002609
   27.230700    0.002609    0.002609    0.002609
   27.244500    0.002609    0.002609    0.002609
   27.258200    0.002609    0.002609    0.002609
   27.272000    0.002609    0.002609    0.002609
   27.285700    0.002609    0.002609    0.002609
   27.299400    0.002512    0.002512    0.002512
   27.313200    0.002512    0.002512    0.002512
   27.326900    0.002512    0.002512    0.002512
   27.340700    0.002513    0.002513    0.002513
   27.354400    0.002513    0.002513    0.002513
   27.368200    0.002513    0.002513    0.002513
   27.381900    0.002513    0.002513    0.002513
   27.395700    0.002513    0.002513    0.002513
   27.409400    0.002513    0.002513    0.002513
   27.423200    0.002513    0.002513    0.002513
   27.436900    0.002513    0.002513    0.002513
   27.450700    0.002513    0.002513    0.002513
   27.464400    0.002513    0.002513    0.002513
   27.478100    0.002513    0.002513    0.002513
   27.491900    0.002513    0.002513    0.002513
   27.505600    0.002513    0.002513    0.002513
   27.519400    0.002513    0.002513    0.002513
   27.533100    0.002513    0.002513    0.002513
   27.546900    0.002513    0.002513    0.002513
   27.560600    0.002513    0.002513    0.002513
   27.574400    0.002513    0.002513    0.002513
   27.588100    0.002513    0.002513    0.002513
   27.601900    0.002417    0.002417    0.002417
   27.615600    0.002417    0.002417    0.002417
   27.629400    0.002417    0.002417    0.002417
   27.643100    0.002417    0.002417    0.002417
   27.656900    0.002417    0.002417    0.002417
   27.670600    0.002417    0.002417    0.002417
   27.684300    0.002417    0.002417    0.002417
   27.698100    0.002417    0.002417    0.002417
   27.711800    0.002417    0.002417    0.002417
   27.725600    0.002417    0.002417    0.002417
   27.739300    0.002417    0.002417    0.002417
   27.753100    0.002417    0.002417    0.002417
   27.766800    0.002417    0.002417    0.002417
   27.780600    0.002417    0.002417    0.002417
   27.794300    0.002417    0.002417    0.002417
   27.808100    0.002417    0.002417    0.002417
   27.821800    0.002417    0.002417    0.002417
   27.835600    0.002417    0.002417    0.002417
   27.849300    0.002417    0.002417    0.002417
   27.863000    0.002417    0.002417    0.002417
   27.876800    0.002417    0.002417    0.002417
   27.890500    0.002418    0.002418    0.002418
   27.904300    0.002418    0.002418    0.002418
   27.918000    0.002418    0.002418    0.002418
   27.931800    0.002321    0.002321    0.002321
   27.945500    0.002321    0.002321    0.002321
   27.959300    0.002321    0.002321    0.002321
   27.973000    0.002321    0.002321    0.002321
   27.986800    0.002321    0.002321    0.002321
   28.000500    0.002321    0.002321    0.002321
   28.014300    0.002321    0.002321    0.002321
   28.028000    0.002321    0.002321    0.002321
   28.041800    0.002321    0.002321    0.002321
   28.055500    0.002321    0.002321    0.002321
   28.069200    0.002321    0.002321    0.002321
   28.083000    0.002321    0.002321    0.002321
   28.096700    0.002321    0.002321    0.002321
   28.110500    0.002321    0.002321    0.002321
   28.124200    0.002321    0.002321    0.002321
   28.138000    0.002322    0.002322    0.002322
   28.151700    0.002322    0.002322    0.002322
   28.165500    0.002322    0.002322    0.002322
   28.179200    0.002322    0.002322    0.002322
   28.193000    0.002322    0.002322    0.002322
   28.206700    0.002322    0.002322    0.002322
   28.220500    0.002322    0.002322    0.002322
   28.234200    0.002322    0.002322    0.002322
   28.248000    0.002322    0.002322    0.002322
   28.261700    0.002322    0.002322    0.002322
   28.275400    0.002225    0.002225    0.002225
   28.289200    0.002225    0.002225    0.002225
   28.302900    0.002225    0.002225    0.002225
   28.316700    0.002225    0.002225    0.002225
   28.330400    0.002225    0.002225    0.002225
   28.344200    0.002225    0.002225    0.002225
   28.357900    0.002225    0.002225    0.002225
   28.371700    0.002225    0.002225    0.002225
   28.385400    0.002225    0.002225    0.002225
   28.399200    0.002225    0.002225    0.002225
