    0.920000    9.063067    9.063067    9.063067
    0.933700    9.080717    9.080717    9.080717
    0.947500    9.099047    9.099047    9.099047
    0.961200    9.117796    9.117796    9.117796
    0.975000    9.137240    9.137240    9.137240
    0.988700    9.157100    9.157100    9.157100
    1.002500    9.177668    9.177668    9.177668
    1.016200    9.198652    9.198652    9.198652
    1.030000    9.220369    9.220369    9.220369
    1.043700    9.242512    9.242512    9.242512
    1.057500    9.265421    9.265421    9.265421
    1.071200    9.288778    9.288778    9.288778
    1.085000    9.312943    9.312943    9.312943
    1.098700    9.337586    9.337586    9.337586
    1.112500    9.363088    9.363088    9.363088
    1.126200    9.389103    9.389103    9.389103
    1.139900    9.415839    9.415839    9.415839
    1.153700    9.443528    9.443528    9.443528
    1.167400    9.471791    9.471791    9.471791
    1.181200    9.501065    9.501065    9.501065
    1.194900    9.530946    9.530946    9.530946
    1.208700    9.561885    9.561885    9.561885
    1.222400    9.593442    9.593442    9.593442
    1.236200    9.626073    9.626073    9.626073
    1.249900    9.659285    9.659285    9.659285
    1.263700    9.693516    9.693516    9.693516
    1.277400    9.728187    9.728187    9.728187
    1.291200    9.763669    9.763669    9.763669
    1.304900    9.799248    9.799248    9.799248
    1.318600    9.834928    9.834928    9.834928
    1.332400    9.870602    9.870602    9.870602
    1.346100    9.905216    9.905216    9.905216
    1.359900    9.938568    9.938568    9.938568
    1.373600    9.969257    9.969257    9.969257
    1.387400    9.996590    9.996590    9.996590
    1.401100   10.018796   10.018796   10.018796
    1.414900   10.034635   10.034635   10.034635
    1.428600   10.042203   10.042203   10.042203
    1.442400   10.040011   10.040011   10.040011
    1.456100   10.026748   10.026748   10.026748
    1.469900   10.001480   10.001480   10.001480
    1.483600    9.964594    9.964594    9.964594
    1.497400    9.916660    9.916660    9.916660
    1.511100    9.860447    9.860447    9.860447
    1.524800    9.799033    9.799033    9.799033
    1.538600    9.736008    9.736008    9.736008
    1.552300    9.676168    9.676168    9.676168
    1.566100    9.622432    9.622432    9.622432
    1.579800    9.578477    9.578477    9.578477
    1.593600    9.545752    9.545752    9.545752
    1.607300    9.525574    9.525574    9.525574
    1.621100    9.517679    9.517679    9.517679
    1.634800    9.521319    9.521319    9.521319
    1.648600    9.535341    9.535341    9.535341
    1.662300    9.557982    9.557982    9.557982
    1.676100    9.588093    9.588093    9.588093
    1.689800    9.623723    9.623723    9.623723
    1.703500    9.664008    9.664008    9.664008
    1.717300    9.708428    9.708428    9.708428
    1.731000    9.755416    9.755416    9.755416
    1.744800    9.805074    9.805074    9.805074
    1.758500    9.856164    9.856164    9.856164
    1.772300    9.909169    9.909169    9.909169
    1.786000    9.963035    9.963035    9.963035
    1.799800   10.018464   10.018464   10.018464
    1.813500   10.074501   10.074501   10.074501
    1.827300   10.131989   10.131989   10.131989
    1.841000   10.190014   10.190014   10.190014
    1.854800   10.249507   10.249507   10.249507
    1.868500   10.309555   10.309555   10.309555
    1.882300   10.371132   10.371132   10.371132
    1.896000   10.433223   10.433223   10.433223
    1.909700   10.496453   10.496453   10.496453
    1.923500   10.561477   10.561477   10.561477
    1.937200   10.627180   10.627180   10.627180
    1.951000   10.694590   10.694590   10.694590
    1.964700   10.762528   10.762528   10.762528
    1.978500   10.831985   10.831985   10.831985
    1.992200   10.901578   10.901578   10.901578
    2.006000   10.972128   10.972128   10.972128
    2.019700   11.041899   11.041899   11.041899
    2.033500   11.111347   11.111347   11.111347
    2.047200   11.178178   11.178178   11.178178
    2.061000   11.242153   11.242153   11.242153
    2.074700   11.300014   11.300014   11.300014
    2.088400   11.350477   11.350477   11.350477
    2.102200   11.391751   11.391751   11.391751
    2.115900   11.419881   11.419881   11.419881
    2.129700   11.433114   11.433114   11.433114
    2.143400   11.428617   11.428617   11.428617
    2.157200   11.405985   11.405985   11.405985
    2.170900   11.365351   11.365351   11.365351
    2.184700   11.309425   11.309425   11.309425
    2.198400   11.242443   11.242443   11.242443
    2.212200   11.170408   11.170408   11.170408
    2.225900   11.100089   11.100089   11.100089
    2.239700   11.038388   11.038388   11.038388
    2.253400   10.990906   10.990906   10.990906
    2.267200   10.962255   10.962255   10.962255
    2.280900   10.953610   10.953610   10.953610
    2.294600   10.966264   10.966264   10.966264
    2.308400   11.000554   11.000554   11.000554
    2.322100   11.052406   11.052406   11.052406
    2.335900   11.120852   11.120852   11.120852
    2.349600   11.201268   11.201268   11.201268
    2.363400   11.293192   11.293192   11.293192
    2.377100   11.392149   11.392149   11.392149
    2.390900   11.498548   11.498548   11.498548
    2.404600   11.608307   11.608307   11.608307
    2.418400   11.722509   11.722509   11.722509
    2.432100   11.837208   11.837208   11.837208
    2.445900   11.953673   11.953673   11.953673
    2.459600   12.067327   12.067327   12.067327
    2.473300   12.178493   12.178493   12.178493
    2.487100   12.287379   12.287379   12.287379
    2.500800   12.388960   12.388960   12.388960
    2.514600   12.484317   12.484317   12.484317
    2.528300   12.568960   12.568960   12.568960
    2.542100   12.644532   12.644532   12.644532
    2.555800   12.707357   12.707357   12.707357
    2.569600   12.760246   12.760246   12.760246
    2.583300   12.800903   12.800903   12.800903
    2.597100   12.833734   12.833734   12.833734
    2.610800   12.857980   12.857980   12.857980
    2.624600   12.879712   12.879712   12.879712
    2.638300   12.899270   12.899270   12.899270
    2.652100   12.923615   12.923615   12.923615
    2.665800   12.951774   12.951774   12.951774
    2.679500   12.989220   12.989220   12.989220
    2.693300   13.040650   13.040650   13.040650
    2.707000   13.101099   13.101099   13.101099
    2.720800   13.173765   13.173765   13.173765
    2.734500   13.251869   13.251869   13.251869
    2.748300   13.337968   13.337968   13.337968
    2.762000   13.424950   13.424950   13.424950
    2.775800   13.517294   13.517294   13.517294
    2.789500   13.609922   13.609922   13.609922
    2.803300   13.710579   13.710579   13.710579
    2.817000   13.816086   13.816086   13.816086
    2.830800   13.935942   13.935942   13.935942
    2.844500   14.064832   14.064832   14.064832
    2.858200   14.208795   14.208795   14.208795
    2.872000   14.372876   14.372876   14.372876
    2.885700   14.545652   14.545652   14.545652
    2.899500   14.731324   14.731324   14.731324
    2.913200   14.915080   14.915080   14.915080
    2.927000   15.098840   15.098840   15.098840
    2.940700   15.263968   15.263968   15.263968
    2.954500   15.410849   15.410849   15.410849
    2.968200   15.518118   15.518118   15.518118
    2.982000   15.585862   15.585862   15.585862
    2.995700   15.591984   15.591984   15.591984
    3.009500   15.538935   15.538935   15.538935
    3.023200   15.407877   15.407877   15.407877
    3.037000   15.208172   15.208172   15.208172
    3.050700   14.926114   14.926114   14.926114
    3.064400   14.580149   14.580149   14.580149
    3.078200   14.195118   14.195118   14.195118
    3.091900   13.774313   13.774313   13.774313
    3.105700   13.354919   13.354919   13.354919
    3.119400   12.945306   12.945306   12.945306
    3.133200   12.580852   12.580852   12.580852
    3.146900   12.259526   12.259526   12.259526
    3.160700   12.005155   12.005155   12.005155
    3.174400   11.800082   11.800082   11.800082
    3.188200   11.656684   11.656684   11.656684
    3.201900   11.546875   11.546875   11.546875
    3.215700   11.479403   11.479403   11.479403
    3.229400   11.425020   11.425020   11.425020
    3.243200   11.395968   11.395968   11.395968
    3.256900   11.363806   11.363806   11.363806
    3.270600   11.339012   11.339012   11.339012
    3.284400   11.334073   11.334073   11.334073
    3.298100   11.324613   11.324613   11.324613
    3.311900   11.331981   11.331981   11.331981
    3.325600   11.334695   11.334695   11.334695
    3.339400   11.354433   11.354433   11.354433
    3.353100   11.368450   11.368450   11.368450
    3.366900   11.398594   11.398594   11.398594
    3.380600   11.420911   11.420911   11.420911
    3.394400   11.457524   11.457524   11.457524
    3.408100   11.483087   11.483087   11.483087
    3.421900   11.519833   11.519833   11.519833
    3.435600   11.537534   11.537534   11.537534
    3.449300   11.549090   11.549090   11.549090
    3.463100   11.568253   11.568253   11.568253
    3.476800   11.563645   11.563645   11.563645
    3.490600   11.560498   11.560498   11.560498
    3.504300   11.530378   11.530378   11.530378
    3.518100   11.500307   11.500307   11.500307
    3.531800   11.440709   11.440709   11.440709
    3.545600   11.379487   11.379487   11.379487
    3.559300   11.285215   11.285215   11.285215
    3.573100   11.186800   11.186800   11.186800
    3.586800   11.052164   11.052164   11.052164
    3.600600   10.913388   10.913388   10.913388
    3.614300   10.740349   10.740349   10.740349
    3.628100   10.570103   10.570103   10.570103
    3.641800   10.370964   10.370964   10.370964
    3.655500   10.169744   10.169744   10.169744
    3.669300    9.994122    9.994122    9.994122
    3.683000    9.811516    9.811516    9.811516
    3.696800    9.662858    9.662858    9.662858
    3.710500    9.516879    9.516879    9.516879
    3.724300    9.413247    9.413247    9.413247
    3.738000    9.317877    9.317877    9.317877
    3.751800    9.268639    9.268639    9.268639
    3.765500    9.227882    9.227882    9.227882
    3.779300    9.230446    9.230446    9.230446
    3.793000    9.234490    9.234490    9.234490
    3.806800    9.272157    9.272157    9.272157
    3.820500    9.295418    9.295418    9.295418
    3.834200    9.319599    9.319599    9.319599
    3.848000    9.361260    9.361260    9.361260
    3.861700    9.373504    9.373504    9.373504
    3.875500    9.393019    9.393019    9.393019
    3.889200    9.378617    9.378617    9.378617
    3.903000    9.370699    9.370699    9.370699
    3.916700    9.329527    9.329527    9.329527
    3.930500    9.298347    9.298347    9.298347
    3.944200    9.237768    9.237768    9.237768
    3.958000    9.192813    9.192813    9.192813
    3.971700    9.123497    9.123497    9.123497
    3.985500    9.076045    9.076045    9.076045
    3.999200    9.009305    9.009305    9.009305
    4.013000    8.969668    8.969668    8.969668
    4.026700    8.909737    8.909737    8.909737
    4.040400    8.853581    8.853581    8.853581
    4.054200    8.824372    8.824372    8.824372
    4.067900    8.769089    8.769089    8.769089
    4.081700    8.730477    8.730477    8.730477
    4.095400    8.658190    8.658190    8.658190
    4.109200    8.597457    8.597457    8.597457
    4.122900    8.500239    8.500239    8.500239
    4.136700    8.416245    8.416245    8.416245
    4.150400    8.300638    8.300638    8.300638
    4.164200    8.207100    8.207100    8.207100
    4.177900    8.093403    8.093403    8.093403
    4.191700    8.016037    8.016037    8.016037
    4.205400    7.931228    7.931228    7.931228
    4.219100    7.873464    7.873464    7.873464
    4.232900    7.875700    7.875700    7.875700
    4.246600    7.891040    7.891040    7.891040
    4.260400    7.969406    7.969406    7.969406
    4.274100    8.061122    8.061122    8.061122
    4.287900    8.208955    8.208955    8.208955
    4.301600    8.358713    8.358713    8.358713
    4.315400    8.550323    8.550323    8.550323
    4.329100    8.730516    8.730516    8.730516
    4.342900    8.942163    8.942163    8.942163
    4.356600    9.136513    9.136513    9.136513
    4.370400    9.361132    9.361132    9.361132
    4.384100    9.570377    9.570377    9.570377
    4.397900    9.814128    9.814128    9.814128
    4.411600   10.043544   10.043544   10.043544
    4.425300   10.284462   10.284462   10.284462
    4.439100   10.562712   10.562712   10.562712
    4.452800   10.824331   10.824331   10.824331
    4.466600   11.117652   11.117652   11.117652
    4.480300   11.386400   11.386400   11.386400
    4.494100   11.678014   11.678014   11.678014
    4.507800   11.930218   11.930218   11.930218
    4.521600   12.190810   12.190810   12.190810
    4.535300   12.392380   12.392380   12.392380
    4.549100   12.586935   12.586935   12.586935
    4.562800   12.705810   12.705810   12.705810
    4.576600   12.811291   12.811291   12.811291
    4.590300   12.833975   12.833975   12.833975
    4.604000   12.813498   12.813498   12.813498
    4.617800   12.797470   12.797470   12.797470
    4.631500   12.718430   12.718430   12.718430
    4.645300   12.665004   12.665004   12.665004
    4.659000   12.566865   12.566865   12.566865
    4.672800   12.513449   12.513449   12.513449
    4.686500   12.424018   12.424018   12.424018
    4.700300   12.386571   12.386571   12.386571
    4.714000   12.310519   12.310519   12.310519
    4.727800   12.284815   12.284815   12.284815
    4.741500   12.212715   12.212715   12.212715
    4.755300   12.187950   12.187950   12.187950
    4.769000   12.110491   12.110491   12.110491
    4.782800   12.081129   12.081129   12.081129
    4.796500   11.992719   11.992719   11.992719
    4.810200   11.897931   11.897931   11.897931
    4.824000   11.854417   11.854417   11.854417
    4.837700   11.747809   11.747809   11.747809
    4.851500   11.693016   11.693016   11.693016
    4.865200   11.572724   11.572724   11.572724
    4.879000   11.505368   11.505368   11.505368
    4.892700   11.364414   11.364414   11.364414
    4.906500   11.270773   11.270773   11.270773
    4.920200   11.087023   11.087023   11.087023
    4.934000   10.937536   10.937536   10.937536
    4.947700   10.675606   10.675606   10.675606
    4.961500   10.433527   10.433527   10.433527
    4.975200   10.059456   10.059456   10.059456
    4.989000    9.698542    9.698542    9.698542
    5.002700    9.190433    9.190433    9.190433
    5.016400    8.610391    8.610391    8.610391
    5.030200    8.042350    8.042350    8.042350
    5.043900    7.318542    7.318542    7.318542
    5.057700    6.611636    6.611636    6.611636
    5.071400    5.755346    5.755346    5.755346
    5.085200    4.933104    4.933104    4.933104
    5.098900    3.981146    3.981146    3.981146
    5.112700    3.096313    3.096313    3.096313
    5.126400    2.123299    2.123299    2.123299
    5.140200    1.270535    1.270535    1.270535
    5.153900    0.391513    0.391513    0.391513
    5.167700   -0.304004   -0.304004   -0.304004
    5.181400   -0.966747   -0.966747   -0.966747
    5.195100   -1.489279   -1.489279   -1.489279
    5.208900   -1.782113   -1.782113   -1.782113
    5.222600   -2.016150   -2.016150   -2.016150
    5.236400   -2.042857   -2.042857   -2.042857
    5.250100   -2.039303   -2.039303   -2.039303
    5.263900   -1.877052   -1.877052   -1.877052
    5.277600   -1.731592   -1.731592   -1.731592
    5.291400   -1.479830   -1.479830   -1.479830
    5.305100   -1.288044   -1.288044   -1.288044
    5.318900   -1.030529   -1.030529   -1.030529
    5.332600   -0.864138   -0.864138   -0.864138
    5.346400   -0.657507   -0.657507   -0.657507
    5.360100   -0.560694   -0.560694   -0.560694
    5.373900   -0.435154   -0.435154   -0.435154
    5.387600   -0.430590   -0.430590   -0.430590
    5.401300   -0.479437   -0.479437   -0.479437
    5.415100   -0.510893   -0.510893   -0.510893
    5.428800   -0.678585   -0.678585   -0.678585
    5.442600   -0.833363   -0.833363   -0.833363
    5.456300   -1.130671   -1.130671   -1.130671
    5.470100   -1.417110   -1.417110   -1.417110
    5.483800   -1.850754   -1.850754   -1.850754
    5.497600   -2.271005   -2.271005   -2.271005
    5.511300   -2.833988   -2.833988   -2.833988
    5.525100   -3.368111   -3.368111   -3.368111
    5.538800   -4.020283   -4.020283   -4.020283
    5.552600   -4.604712   -4.604712   -4.604712
    5.566300   -5.257974   -5.257974   -5.257974
    5.580000   -5.870935   -5.870935   -5.870935
    5.593800   -6.340907   -6.340907   -6.340907
    5.607500   -6.803598   -6.803598   -6.803598
    5.621300   -7.093006   -7.093006   -7.093006
    5.635000   -7.354371   -7.354371   -7.354371
    5.648800   -7.450081   -7.450081   -7.450081
    5.662500   -7.532911   -7.532911   -7.532911
    5.676300   -7.484746   -7.484746   -7.484746
    5.690000   -7.454696   -7.454696   -7.454696
    5.703800   -7.332486   -7.332486   -7.332486
    5.717500   -7.255690   -7.255690   -7.255690
    5.731300   -7.114654   -7.114654   -7.114654
    5.745000   -7.033315   -7.033315   -7.033315
    5.758800   -6.899950   -6.899950   -6.899950
    5.772500   -6.827960   -6.827960   -6.827960
    5.786200   -6.761946   -6.761946   -6.761946
    5.800000   -6.650276   -6.650276   -6.650276
    5.813700   -6.597656   -6.597656   -6.597656
    5.827500   -6.498687   -6.498687   -6.498687
    5.841200   -6.453915   -6.453915   -6.453915
    5.855000   -6.361852   -6.361852   -6.361852
    5.868700   -6.317680   -6.317680   -6.317680
    5.882500   -6.221112   -6.221112   -6.221112
    5.896200   -6.160815   -6.160815   -6.160815
    5.910000   -6.038859   -6.038859   -6.038859
    5.923700   -5.939824   -5.939824   -5.939824
    5.937500   -5.771619   -5.771619   -5.771619
    5.951200   -5.618645   -5.618645   -5.618645
    5.964900   -5.440004   -5.440004   -5.440004
    5.978700   -5.200781   -5.200781   -5.200781
    5.992400   -4.985425   -4.985425   -4.985425
    6.006200   -4.719663   -4.719663   -4.719663
    6.019900   -4.485565   -4.485565   -4.485565
    6.033700   -4.211519   -4.211519   -4.211519
    6.047400   -3.977028   -3.977028   -3.977028
    6.061200   -3.710983   -3.710983   -3.710983
    6.074900   -3.491158   -3.491158   -3.491158
    6.088700   -3.245994   -3.245994   -3.245994
    6.102400   -3.052495   -3.052495   -3.052495
    6.116200   -2.837534   -2.837534   -2.837534
    6.129900   -2.677789   -2.677789   -2.677789
    6.143700   -2.497033   -2.497033   -2.497033
    6.157400   -2.371775   -2.371775   -2.371775
    6.171100   -2.264368   -2.264368   -2.264368
    6.184900   -2.134374   -2.134374   -2.134374
    6.198600   -2.059250   -2.059250   -2.059250
    6.212400   -1.954404   -1.954404   -1.954404
    6.226100   -1.900047   -1.900047   -1.900047
    6.239900   -1.810917   -1.810917   -1.810917
    6.253600   -1.771547   -1.771547   -1.771547
    6.267400   -1.696220   -1.696220   -1.696220
    6.281100   -1.673579   -1.673579   -1.673579
    6.294900   -1.616129   -1.616129   -1.616129
    6.308600   -1.615218   -1.615218   -1.615218
    6.322400   -1.579586   -1.579586   -1.579586
    6.336100   -1.602224   -1.602224   -1.602224
    6.349800   -1.639633   -1.639633   -1.639633
    6.363600   -1.645099   -1.645099   -1.645099
    6.377300   -1.714720   -1.714720   -1.714720
    6.391100   -1.747545   -1.747545   -1.747545
    6.404800   -1.841166   -1.841166   -1.841166
    6.418600   -1.890652   -1.890652   -1.890652
    6.432300   -1.994314   -1.994314   -1.994314
    6.446100   -2.043811   -2.043811   -2.043811
    6.459800   -2.139488   -2.139488   -2.139488
    6.473600   -2.172812   -2.172812   -2.172812
    6.487300   -2.249197   -2.249197   -2.249197
    6.501100   -2.263287   -2.263287   -2.263287
    6.514800   -2.327816   -2.327816   -2.327816
    6.528600   -2.340302   -2.340302   -2.340302
    6.542300   -2.419013   -2.419013   -2.419013
    6.556000   -2.522221   -2.522221   -2.522221
    6.569800   -2.604338   -2.604338   -2.604338
    6.583500   -2.785225   -2.785225   -2.785225
    6.597300   -2.950410   -2.950410   -2.950410
    6.611000   -3.215928   -3.215928   -3.215928
    6.624800   -3.456452   -3.456452   -3.456452
    6.638500   -3.782914   -3.782914   -3.782914
    6.652300   -4.062280   -4.062280   -4.062280
    6.666000   -4.403438   -4.403438   -4.403438
    6.679800   -4.673026   -4.673026   -4.673026
    6.693500   -4.981341   -4.981341   -4.981341
    6.707300   -5.200256   -5.200256   -5.200256
    6.721000   -5.441290   -5.441290   -5.441290
    6.734700   -5.645950   -5.645950   -5.645950
    6.748500   -5.762600   -5.762600   -5.762600
    6.762200   -5.903194   -5.903194   -5.903194
    6.776000   -5.960895   -5.960895   -5.960895
    6.789700   -6.046038   -6.046038   -6.046038
    6.803500   -6.058101   -6.058101   -6.058101
    6.817200   -6.101906   -6.101906   -6.101906
    6.831000   -6.080004   -6.080004   -6.080004
    6.844700   -6.090223   -6.090223   -6.090223
    6.858500   -6.037788   -6.037788   -6.037788
    6.872200   -6.015245   -6.015245   -6.015245
    6.886000   -5.932568   -5.932568   -5.932568
    6.899700   -5.880152   -5.880152   -5.880152
    6.913500   -5.773849   -5.773849   -5.773849
    6.927200   -5.702501   -5.702501   -5.702501
    6.940900   -5.631323   -5.631323   -5.631323
    6.954700   -5.527873   -5.527873   -5.527873
    6.968400   -5.477427   -5.477427   -5.477427
    6.982200   -5.401176   -5.401176   -5.401176
    6.995900   -5.380847   -5.380847   -5.380847
    7.009700   -5.335369   -5.335369   -5.335369
    7.023400   -5.342151   -5.342151   -5.342151
    7.037200   -5.318343   -5.318343   -5.318343
    7.050900   -5.339036   -5.339036   -5.339036
    7.064700   -5.322386   -5.322386   -5.322386
    7.078400   -5.343713   -5.343713   -5.343713
    7.092200   -5.324412   -5.324412   -5.324412
    7.105900   -5.340689   -5.340689   -5.340689
    7.119700   -5.316718   -5.316718   -5.316718
    7.133400   -5.327091   -5.327091   -5.327091
    7.147100   -5.337100   -5.337100   -5.337100
    7.160900   -5.313154   -5.313154   -5.313154
    7.174600   -5.325927   -5.325927   -5.325927
    7.188400   -5.301785   -5.301785   -5.301785
    7.202100   -5.310108   -5.310108   -5.310108
    7.215900   -5.279283   -5.279283   -5.279283
    7.229600   -5.276973   -5.276973   -5.276973
    7.243400   -5.234005   -5.234005   -5.234005
    7.257100   -5.216710   -5.216710   -5.216710
    7.270900   -5.158830   -5.158830   -5.158830
    7.284600   -5.125684   -5.125684   -5.125684
    7.298400   -5.053718   -5.053718   -5.053718
    7.312100   -5.006226   -5.006226   -5.006226
    7.325800   -4.955369   -4.955369   -4.955369
    7.339600   -4.874967   -4.874967   -4.874967
    7.353300   -4.826305   -4.826305   -4.826305
    7.367100   -4.750322   -4.750322   -4.750322
    7.380800   -4.707950   -4.707950   -4.707950
    7.394600   -4.640923   -4.640923   -4.640923
    7.408300   -4.608703   -4.608703   -4.608703
    7.422100   -4.552711   -4.552711   -4.552711
    7.435800   -4.530426   -4.530426   -4.530426
    7.449600   -4.482507   -4.482507   -4.482507
    7.463300   -4.464695   -4.464695   -4.464695
    7.477100   -4.417628   -4.417628   -4.417628
    7.490800   -4.396405   -4.396405   -4.396405
    7.504600   -4.342954   -4.342954   -4.342954
    7.518300   -4.311805   -4.311805   -4.311805
    7.532000   -4.277149   -4.277149   -4.277149
    7.545800   -4.214640   -4.214640   -4.214640
    7.559500   -4.179496   -4.179496   -4.179496
    7.573300   -4.117990   -4.117990   -4.117990
    7.587000   -4.086135   -4.086135   -4.086135
    7.600800   -4.030712   -4.030712   -4.030712
    7.614500   -4.006694   -4.006694   -4.006694
    7.628300   -3.959933   -3.959933   -3.959933
    7.642000   -3.943811   -3.943811   -3.943811
    7.655800   -3.902742   -3.902742   -3.902742
    7.669500   -3.888576   -3.888576   -3.888576
    7.683300   -3.844933   -3.844933   -3.844933
    7.697000   -3.822492   -3.822492   -3.822492
    7.710700   -3.795354   -3.795354   -3.795354
    7.724500   -3.738943   -3.738943   -3.738943
    7.738200   -3.706348   -3.706348   -3.706348
    7.752000   -3.645774   -3.645774   -3.645774
    7.765700   -3.612900   -3.612900   -3.612900
    7.779500   -3.556732   -3.556732   -3.556732
    7.793200   -3.533206   -3.533206   -3.533206
    7.807000   -3.490096   -3.490096   -3.490096
    7.820700   -3.482969   -3.482969   -3.482969
    7.834500   -3.457655   -3.457655   -3.457655
    7.848200   -3.469654   -3.469654   -3.469654
    7.862000   -3.462838   -3.462838   -3.462838
    7.875700   -3.492564   -3.492564   -3.492564
    7.889500   -3.500203   -3.500203   -3.500203
    7.903200   -3.539545   -3.539545   -3.539545
    7.916900   -3.582175   -3.582175   -3.582175
    7.930700   -3.599321   -3.599321   -3.599321
    7.944400   -3.646063   -3.646063   -3.646063
    7.958200   -3.663393   -3.663393   -3.663393
    7.971900   -3.710008   -3.710008   -3.710008
    7.985700   -3.729117   -3.729117   -3.729117
    7.999400   -3.780791   -3.780791   -3.780791
    8.013200   -3.808507   -3.808507   -3.808507
    8.026900   -3.871193   -3.871193   -3.871193
    8.040700   -3.910499   -3.910499   -3.910499
    8.054400   -3.982461   -3.982461   -3.982461
    8.068200   -4.026476   -4.026476   -4.026476
    8.081900   -4.094422   -4.094422   -4.094422
    8.095600   -4.156033   -4.156033   -4.156033
    8.109400   -4.182939   -4.182939   -4.182939
    8.123100   -4.225136   -4.225136   -4.225136
    8.136900   -4.226612   -4.226612   -4.226612
    8.150600   -4.238613   -4.238613   -4.238613
    8.164400   -4.210171   -4.210171   -4.210171
    8.178100   -4.192381   -4.192381   -4.192381
    8.191900   -4.138588   -4.138588   -4.138588
    8.205600   -4.099150   -4.099150   -4.099150
    8.219400   -4.030588   -4.030588   -4.030588
    8.233100   -3.982257   -3.982257   -3.982257
    8.246900   -3.912431   -3.912431   -3.912431
    8.260600   -3.869033   -3.869033   -3.869033
    8.274400   -3.810015   -3.810015   -3.810015
    8.288100   -3.780228   -3.780228   -3.780228
    8.301800   -3.760468   -3.760468   -3.760468
    8.315600   -3.730717   -3.730717   -3.730717
    8.329300   -3.733524   -3.733524   -3.733524
    8.343100   -3.723458   -3.723458   -3.723458
    8.356800   -3.743772   -3.743772   -3.743772
    8.370600   -3.749002   -3.749002   -3.749002
    8.384300   -3.782017   -3.782017   -3.782017
    8.398100   -3.796954   -3.796954   -3.796954
    8.411800   -3.835456   -3.835456   -3.835456
    8.425600   -3.851337   -3.851337   -3.851337
    8.439300   -3.884648   -3.884648   -3.884648
    8.453100   -3.890007   -3.890007   -3.890007
    8.466800   -3.905413   -3.905413   -3.905413
    8.480500   -3.909894   -3.909894   -3.909894
    8.494300   -3.885373   -3.885373   -3.885373
    8.508000   -3.869502   -3.869502   -3.869502
    8.521800   -3.825297   -3.825297   -3.825297
    8.535500   -3.791064   -3.791064   -3.791064
    8.549300   -3.733149   -3.733149   -3.733149
    8.563000   -3.688664   -3.688664   -3.688664
    8.576800   -3.625530   -3.625530   -3.625530
    8.590500   -3.578982   -3.578982   -3.578982
    8.604300   -3.517298   -3.517298   -3.517298
    8.618000   -3.473538   -3.473538   -3.473538
    8.631800   -3.415804   -3.415804   -3.415804
    8.645500   -3.375387   -3.375387   -3.375387
    8.659300   -3.320222   -3.320222   -3.320222
    8.673000   -3.279798   -3.279798   -3.279798
    8.686700   -3.239216   -3.239216   -3.239216
    8.700500   -3.184245   -3.184245   -3.184245
    8.714200   -3.144017   -3.144017   -3.144017
    8.728000   -3.088031   -3.088031   -3.088031
    8.741700   -3.046360   -3.046360   -3.046360
    8.755500   -2.989381   -2.989381   -2.989381
    8.769200   -2.947534   -2.947534   -2.947534
    8.783000   -2.891760   -2.891760   -2.891760
    8.796700   -2.852910   -2.852910   -2.852910
    8.810500   -2.801962   -2.801962   -2.801962
    8.824200   -2.770081   -2.770081   -2.770081
    8.838000   -2.727575   -2.727575   -2.727575
    8.851700   -2.705640   -2.705640   -2.705640
    8.865500   -2.672999   -2.672999   -2.672999
    8.879200   -2.659755   -2.659755   -2.659755
    8.892900   -2.651042   -2.651042   -2.651042
    8.906700   -2.631023   -2.631023   -2.631023
    8.920400   -2.630097   -2.630097   -2.630097
    8.934200   -2.614344   -2.614344   -2.614344
    8.947900   -2.616005   -2.616005   -2.616005
    8.961700   -2.601498   -2.601498   -2.601498
    8.975400   -2.604340   -2.604340   -2.604340
    8.989200   -2.591327   -2.591327   -2.591327
    9.002900   -2.597010   -2.597010   -2.597010
    9.016700   -2.587886   -2.587886   -2.587886
    9.030400   -2.598674   -2.598674   -2.598674
    9.044200   -2.594775   -2.594775   -2.594775
    9.057900   -2.609479   -2.609479   -2.609479
    9.071600   -2.626461   -2.626461   -2.626461
    9.085400   -2.628931   -2.628931   -2.628931
    9.099100   -2.649754   -2.649754   -2.649754
    9.112900   -2.652566   -2.652566   -2.652566
    9.126600   -2.671468   -2.671468   -2.671468
    9.140400   -2.670822   -2.670822   -2.670822
    9.154100   -2.684968   -2.684968   -2.684968
    9.167900   -2.678999   -2.678999   -2.678999
    9.181600   -2.687413   -2.687413   -2.687413
    9.195400   -2.676142   -2.676142   -2.676142
    9.209100   -2.679706   -2.679706   -2.679706
    9.222900   -2.664702   -2.664702   -2.664702
    9.236600   -2.665703   -2.665703   -2.665703
    9.250400   -2.649649   -2.649649   -2.649649
    9.264100   -2.650069   -2.650069   -2.650069
    9.277800   -2.652738   -2.652738   -2.652738
    9.291600   -2.643360   -2.643360   -2.643360
    9.305300   -2.655110   -2.655110   -2.655110
    9.319100   -2.654394   -2.654394   -2.654394
    9.332800   -2.674701   -2.674701   -2.674701
    9.346600   -2.681745   -2.681745   -2.681745
    9.360300   -2.708181   -2.708181   -2.708181
    9.374100   -2.719076   -2.719076   -2.719076
    9.387800   -2.746285   -2.746285   -2.746285
    9.401600   -2.755010   -2.755010   -2.755010
    9.415300   -2.776577   -2.776577   -2.776577
    9.429100   -2.777095   -2.777095   -2.777095
    9.442800   -2.786922   -2.786922   -2.786922
    9.456500   -2.791255   -2.791255   -2.791255
    9.470300   -2.776800   -2.776800   -2.776800
    9.484000   -2.773754   -2.773754   -2.773754
    9.497800   -2.752609   -2.752609   -2.752609
    9.511500   -2.744092   -2.744092   -2.744092
    9.525300   -2.719750   -2.719750   -2.719750
    9.539000   -2.709446   -2.709446   -2.709446
    9.552800   -2.685284   -2.685284   -2.685284
    9.566500   -2.676406   -2.676406   -2.676406
    9.580300   -2.655080   -2.655080   -2.655080
    9.594000   -2.649758   -2.649758   -2.649758
    9.607800   -2.632718   -2.632718   -2.632718
    9.621500   -2.631763   -2.631763   -2.631763
    9.635300   -2.618813   -2.618813   -2.618813
    9.649000   -2.620205   -2.620205   -2.620205
    9.662700   -2.623013   -2.623013   -2.623013
    9.676500   -2.614523   -2.614523   -2.614523
    9.690200   -2.620445   -2.620445   -2.620445
    9.704000   -2.613053   -2.613053   -2.613053
    9.717700   -2.618756   -2.618756   -2.618756
    9.731500   -2.610760   -2.610760   -2.610760
    9.745200   -2.615420   -2.615420   -2.615420
    9.759000   -2.606605   -2.606605   -2.606605
    9.772700   -2.610345   -2.610345   -2.610345
    9.786500   -2.601150   -2.601150   -2.601150
    9.800200   -2.604383   -2.604383   -2.604383
    9.814000   -2.594726   -2.594726   -2.594726
    9.827700   -2.595962   -2.595962   -2.595962
    9.841400   -2.596568   -2.596568   -2.596568
    9.855200   -2.585622   -2.585622   -2.585622
    9.868900   -2.585637   -2.585637   -2.585637
    9.882700   -2.572450   -2.572450   -2.572450
    9.896400   -2.568473   -2.568473   -2.568473
    9.910200   -2.550548   -2.550548   -2.550548
    9.923900   -2.540641   -2.540641   -2.540641
    9.937700   -2.516888   -2.516888   -2.516888
    9.951400   -2.501073   -2.501073   -2.501073
    9.965200   -2.472862   -2.472862   -2.472862
    9.978900   -2.453977   -2.453977   -2.453977
    9.992700   -2.425017   -2.425017   -2.425017
   10.006400   -2.407135   -2.407135   -2.407135
   10.020200   -2.380804   -2.380804   -2.380804
   10.033900   -2.365443   -2.365443   -2.365443
   10.047600   -2.351960   -2.351960   -2.351960
   10.061400   -2.331275   -2.331275   -2.331275
   10.075100   -2.321637   -2.321637   -2.321637
   10.088900   -2.302994   -2.302994   -2.302994
   10.102600   -2.294205   -2.294205   -2.294205
   10.116400   -2.275887   -2.275887   -2.275887
   10.130100   -2.266939   -2.266939   -2.266939
   10.143900   -2.248485   -2.248485   -2.248485
   10.157600   -2.239189   -2.239189   -2.239189
   10.171400   -2.220465   -2.220465   -2.220465
   10.185100   -2.210694   -2.210694   -2.210694
   10.198900   -2.191367   -2.191367   -2.191367
   10.212600   -2.180042   -2.180042   -2.180042
   10.226300   -2.168467   -2.168467   -2.168467
   10.240100   -2.148636   -2.148636   -2.148636
   10.253800   -2.137664   -2.137664   -2.137664
   10.267600   -2.117567   -2.117567   -2.117567
   10.281300   -2.105938   -2.105938   -2.105938
   10.295100   -2.085351   -2.085351   -2.085351
   10.308800   -2.073584   -2.073584   -2.073584
   10.322600   -2.053615   -2.053615   -2.053615
   10.336300   -2.043432   -2.043432   -2.043432
   10.350100   -2.026200   -2.026200   -2.026200
   10.363800   -2.019764   -2.019764   -2.019764
   10.377600   -2.006854   -2.006854   -2.006854
   10.391300   -2.004891   -2.004891   -2.004891
   10.405100   -1.995868   -1.995868   -1.995868
   10.418800   -1.996122   -1.996122   -1.996122
   10.432500   -1.997104   -1.997104   -1.997104
   10.446300   -1.990359   -1.990359   -1.990359
   10.460000   -1.992224   -1.992224   -1.992224
   10.473800   -1.984723   -1.984723   -1.984723
   10.487500   -1.984916   -1.984916   -1.984916
   10.501300   -1.975491   -1.975491   -1.975491
   10.515000   -1.973451   -1.973451   -1.973451
   10.528800   -1.961911   -1.961911   -1.961911
   10.542500   -1.957833   -1.957833   -1.957833
   10.556300   -1.944742   -1.944742   -1.944742
   10.570000   -1.939544   -1.939544   -1.939544
   10.583800   -1.925972   -1.925972   -1.925972
   10.597500   -1.920050   -1.920050   -1.920050
   10.611200   -1.914648   -1.914648   -1.914648
   10.625000   -1.902673   -1.902673   -1.902673
   10.638700   -1.899570   -1.899570   -1.899570
   10.652500   -1.889053   -1.889053   -1.889053
   10.666200   -1.886931   -1.886931   -1.886931
   10.680000   -1.877211   -1.877211   -1.877211
   10.693700   -1.875656   -1.875656   -1.875656
   10.707500   -1.866582   -1.866582   -1.866582
   10.721200   -1.865664   -1.865664   -1.865664
   10.735000   -1.857322   -1.857322   -1.857322
   10.748700   -1.856892   -1.856892   -1.856892
   10.762500   -1.848792   -1.848792   -1.848792
   10.776200   -1.847917   -1.847917   -1.847917
   10.790000   -1.838812   -1.838812   -1.838812
   10.803700   -1.835633   -1.835633   -1.835633
   10.817400   -1.831564   -1.831564   -1.831564
   10.831200   -1.820246   -1.820246   -1.820246
   10.844900   -1.815763   -1.815763   -1.815763
   10.858700   -1.803892   -1.803892   -1.803892
   10.872400   -1.798982   -1.798982   -1.798982
   10.886200   -1.787081   -1.787081   -1.787081
   10.899900   -1.782162   -1.782162   -1.782162
   10.913700   -1.770270   -1.770270   -1.770270
   10.927400   -1.764926   -1.764926   -1.764926
   10.941200   -1.752436   -1.752436   -1.752436
   10.954900   -1.746095   -1.746095   -1.746095
   10.968700   -1.732575   -1.732575   -1.732575
   10.982400   -1.725177   -1.725177   -1.725177
   10.996200   -1.711013   -1.711013   -1.711013
   11.009900   -1.702944   -1.702944   -1.702944
   11.023600   -1.695503   -1.695503   -1.695503
   11.037400   -1.683325   -1.683325   -1.683325
   11.051100   -1.678874   -1.678874   -1.678874
   11.064900   -1.669294   -1.669294   -1.669294
   11.078600   -1.667119   -1.667119   -1.667119
   11.092400   -1.659420   -1.659420   -1.659420
   11.106100   -1.658498   -1.658498   -1.658498
   11.119900   -1.651501   -1.651501   -1.651501
   11.133600   -1.650588   -1.650588   -1.650588
   11.147400   -1.643153   -1.643153   -1.643153
   11.161100   -1.641271   -1.641271   -1.641271
   11.174900   -1.632523   -1.632523   -1.632523
   11.188600   -1.628394   -1.628394   -1.628394
   11.202300   -1.623497   -1.623497   -1.623497
   11.216100   -1.612780   -1.612780   -1.612780
   11.229800   -1.607575   -1.607575   -1.607575
   11.243600   -1.596598   -1.596598   -1.596598
   11.257300   -1.591601   -1.591601   -1.591601
   11.271100   -1.581569   -1.581569   -1.581569
   11.284800   -1.578009   -1.578009   -1.578009
   11.298600   -1.569976   -1.569976   -1.569976
   11.312300   -1.568513   -1.568513   -1.568513
   11.326100   -1.562448   -1.562448   -1.562448
   11.339800   -1.562243   -1.562243   -1.562243
   11.353600   -1.556647   -1.556647   -1.556647
   11.367300   -1.555772   -1.555772   -1.555772
   11.381100   -1.548642   -1.548642   -1.548642
   11.394800   -1.544770   -1.544770   -1.544770
   11.408500   -1.539251   -1.539251   -1.539251
   11.422300   -1.527792   -1.527792   -1.527792
   11.436000   -1.519753   -1.519753   -1.519753
   11.449800   -1.505797   -1.505797   -1.505797
   11.463500   -1.495516   -1.495516   -1.495516
   11.477300   -1.480165   -1.480165   -1.480165
   11.491000   -1.468982   -1.468982   -1.468982
   11.504800   -1.453424   -1.453424   -1.453424
   11.518500   -1.442339   -1.442339   -1.442339
   11.532300   -1.427307   -1.427307   -1.427307
   11.546000   -1.416785   -1.416785   -1.416785
   11.559800   -1.402382   -1.402382   -1.402382
   11.573500   -1.392041   -1.392041   -1.392041
   11.587200   -1.381957   -1.381957   -1.381957
   11.601000   -1.368512   -1.368512   -1.368512
   11.614700   -1.359355   -1.359355   -1.359355
   11.628500   -1.346311   -1.346311   -1.346311
   11.642200   -1.337181   -1.337181   -1.337181
   11.656000   -1.323962   -1.323962   -1.323962
   11.669700   -1.314337   -1.314337   -1.314337
   11.683500   -1.300509   -1.300509   -1.300509
   11.697200   -1.290258   -1.290258   -1.290258
   11.711000   -1.276044   -1.276044   -1.276044
   11.724700   -1.265569   -1.265569   -1.265569
   11.738500   -1.251457   -1.251457   -1.251457
   11.752200   -1.241492   -1.241492   -1.241492
   11.766000   -1.228257   -1.228257   -1.228257
   11.779700   -1.219243   -1.219243   -1.219243
   11.793400   -1.211215   -1.211215   -1.211215
   11.807200   -1.200833   -1.200833   -1.200833
   11.820900   -1.195484   -1.195484   -1.195484
   11.834700   -1.187255   -1.187255   -1.187255
   11.848400   -1.183748   -1.183748   -1.183748
   11.862200   -1.176950   -1.176950   -1.176950
   11.875900   -1.174388   -1.174388   -1.174388
   11.889700   -1.167969   -1.167969   -1.167969
   11.903400   -1.165198   -1.165198   -1.165198
   11.917200   -1.158078   -1.158078   -1.158078
   11.930900   -1.154187   -1.154187   -1.154187
   11.944700   -1.145611   -1.145611   -1.145611
   11.958400   -1.139685   -1.139685   -1.139685
   11.972100   -1.132943   -1.132943   -1.132943
   11.985900   -1.122064   -1.122064   -1.122064
   11.999600   -1.114317   -1.114317   -1.114317
   12.013400   -1.102324   -1.102324   -1.102324
   12.027100   -1.093737   -1.093737   -1.093737
   12.040900   -1.081324   -1.081324   -1.081324
   12.054600   -1.072853   -1.072853   -1.072853
   12.068400   -1.061179   -1.061179   -1.061179
   12.082100   -1.054127   -1.054127   -1.054127
   12.095900   -1.044362   -1.044362   -1.044362
   12.109600   -1.039828   -1.039828   -1.039828
   12.123400   -1.032919   -1.032919   -1.032919
   12.137100   -1.031666   -1.031666   -1.031666
   12.150900   -1.028049   -1.028049   -1.028049
   12.164600   -1.029839   -1.029839   -1.029839
   12.178300   -1.033367   -1.033367   -1.033367
   12.192100   -1.034587   -1.034587   -1.034587
   12.205800   -1.041229   -1.041229   -1.041229
   12.219600   -1.044234   -1.044234   -1.044234
   12.233300   -1.051543   -1.051543   -1.051543
   12.247100   -1.054181   -1.054181   -1.054181
   12.260800   -1.060192   -1.060192   -1.060192
   12.274600   -1.060944   -1.060944   -1.060944
   12.288300   -1.064703   -1.064703   -1.064703
   12.302100   -1.063377   -1.063377   -1.063377
   12.315800   -1.065211   -1.065211   -1.065211
   12.329600   -1.062326   -1.062326   -1.062326
   12.343300   -1.062403   -1.062403   -1.062403
   12.357000   -1.062015   -1.062015   -1.062015
   12.370800   -1.057984   -1.057984   -1.057984
   12.384500   -1.057521   -1.057521   -1.057521
   12.398300   -1.053276   -1.053276   -1.053276
   12.412000   -1.052481   -1.052481   -1.052481
   12.425800   -1.048037   -1.048037   -1.048037
   12.439500   -1.046796   -1.046796   -1.046796
   12.453300   -1.041773   -1.041773   -1.041773
   12.467000   -1.039495   -1.039495   -1.039495
   12.480800   -1.033205   -1.033205   -1.033205
   12.494500   -1.029163   -1.029163   -1.029163
   12.508300   -1.021125   -1.021125   -1.021125
   12.522000   -1.015225   -1.015225   -1.015225
   12.535800   -1.005609   -1.005609   -1.005609
   12.549500   -0.997965   -0.997965   -0.997965
   12.563200   -0.989928   -0.989928   -0.989928
   12.577000   -0.979305   -0.979305   -0.979305
   12.590700   -0.971390   -0.971390   -0.971390
   12.604500   -0.961011   -0.961011   -0.961011
   12.618200   -0.953442   -0.953442   -0.953442
   12.632000   -0.943585   -0.943585   -0.943585
   12.645700   -0.936577   -0.936577   -0.936577
   12.659500   -0.927346   -0.927346   -0.927346
   12.673200   -0.920849   -0.920849   -0.920849
   12.687000   -0.912112   -0.912112   -0.912112
   12.700700   -0.905944   -0.905944   -0.905944
   12.714500   -0.897521   -0.897521   -0.897521
   12.728200   -0.891539   -0.891539   -0.891539
   12.742000   -0.883184   -0.883184   -0.883184
   12.755700   -0.876999   -0.876999   -0.876999
   12.769400   -0.870850   -0.870850   -0.870850
   12.783200   -0.862766   -0.862766   -0.862766
   12.796900   -0.857191   -0.857191   -0.857191
   12.810700   -0.849567   -0.849567   -0.849567
   12.824400   -0.844438   -0.844438   -0.844438
   12.838200   -0.837290   -0.837290   -0.837290
   12.851900   -0.832575   -0.832575   -0.832575
   12.865700   -0.825797   -0.825797   -0.825797
   12.879400   -0.821284   -0.821284   -0.821284
   12.893200   -0.814603   -0.814603   -0.814603
   12.906900   -0.810012   -0.810012   -0.810012
   12.920700   -0.803090   -0.803090   -0.803090
   12.934400   -0.797904   -0.797904   -0.797904
   12.948100   -0.792582   -0.792582   -0.792582
   12.961900   -0.785295   -0.785295   -0.785295
   12.975600   -0.780046   -0.780046   -0.780046
   12.989400   -0.772756   -0.772756   -0.772756
   13.003100   -0.767458   -0.767458   -0.767458
   13.016900   -0.760174   -0.760174   -0.760174
   13.030600   -0.754885   -0.754885   -0.754885
   13.044400   -0.747589   -0.747589   -0.747589
   13.058100   -0.742240   -0.742240   -0.742240
   13.071900   -0.734962   -0.734962   -0.734962
   13.085600   -0.729622   -0.729622   -0.729622
   13.099400   -0.722471   -0.722471   -0.722471
   13.113100   -0.717344   -0.717344   -0.717344
   13.126900   -0.710416   -0.710416   -0.710416
   13.140600   -0.705309   -0.705309   -0.705309
   13.154300   -0.700261   -0.700261   -0.700261
   13.168100   -0.693608   -0.693608   -0.693608
   13.181800   -0.688873   -0.688873   -0.688873
   13.195600   -0.682226   -0.682226   -0.682226
   13.209300   -0.677344   -0.677344   -0.677344
   13.223100   -0.670582   -0.670582   -0.670582
   13.236800   -0.665679   -0.665679   -0.665679
   13.250600   -0.659013   -0.659013   -0.659013
   13.264300   -0.654405   -0.654405   -0.654405
   13.278100   -0.648290   -0.648290   -0.648290
   13.291800   -0.644439   -0.644439   -0.644439
   13.305600   -0.639181   -0.639181   -0.639181
   13.319300   -0.636042   -0.636042   -0.636042
   13.333000   -0.633285   -0.633285   -0.633285
   13.346800   -0.629173   -0.629173   -0.629173
   13.360500   -0.627097   -0.627097   -0.627097
   13.374300   -0.623130   -0.623130   -0.623130
   13.388000   -0.620885   -0.620885   -0.620885
   13.401800   -0.616557   -0.616557   -0.616557
   13.415500   -0.613704   -0.613704   -0.613704
   13.429300   -0.608777   -0.608777   -0.608777
   13.443000   -0.605353   -0.605353   -0.605353
   13.456800   -0.599971   -0.599971   -0.599971
   13.470500   -0.596257   -0.596257   -0.596257
   13.484300   -0.590797   -0.590797   -0.590797
   13.498000   -0.587097   -0.587097   -0.587097
   13.511800   -0.581820   -0.581820   -0.581820
   13.525500   -0.578242   -0.578242   -0.578242
   13.539200   -0.574813   -0.574813   -0.574813
   13.553000   -0.570017   -0.570017   -0.570017
   13.566700   -0.566929   -0.566929   -0.566929
   13.580500   -0.562137   -0.562137   -0.562137
   13.594200   -0.558727   -0.558727   -0.558727
   13.608000   -0.553394   -0.553394   -0.553394
   13.621700   -0.549214   -0.549214   -0.549214
   13.635500   -0.543033   -0.543033   -0.543033
   13.649200   -0.537954   -0.537954   -0.537954
   13.663000   -0.530982   -0.530982   -0.530982
   13.676700   -0.525218   -0.525218   -0.525218
   13.690500   -0.517825   -0.517825   -0.517825
   13.704200   -0.511645   -0.511645   -0.511645
   13.717900   -0.505486   -0.505486   -0.505486
   13.731700   -0.498159   -0.498159   -0.498159
   13.745400   -0.492431   -0.492431   -0.492431
   13.759200   -0.485370   -0.485370   -0.485370
   13.772900   -0.479859   -0.479859   -0.479859
   13.786700   -0.473088   -0.473088   -0.473088
   13.800400   -0.467926   -0.467926   -0.467926
   13.814200   -0.461495   -0.461495   -0.461495
   13.827900   -0.456813   -0.456813   -0.456813
   13.841700   -0.450973   -0.450973   -0.450973
   13.855400   -0.447016   -0.447016   -0.447016
   13.869200   -0.441958   -0.441958   -0.441958
   13.882900   -0.438930   -0.438930   -0.438930
   13.896700   -0.434808   -0.434808   -0.434808
   13.910400   -0.432557   -0.432557   -0.432557
   13.924100   -0.430803   -0.430803   -0.430803
   13.937900   -0.427995   -0.427995   -0.427995
   13.951600   -0.427140   -0.427140   -0.427140
   13.965400   -0.424855   -0.424855   -0.424855
   13.979100   -0.424227   -0.424227   -0.424227
   13.992900   -0.421816   -0.421816   -0.421816
   14.006600   -0.420769   -0.420769   -0.420769
   14.020400   -0.417680   -0.417680   -0.417680
   14.034100   -0.415761   -0.415761   -0.415761
   14.047900   -0.411759   -0.411759   -0.411759
   14.061600   -0.408873   -0.408873   -0.408873
   14.075400   -0.403936   -0.403936   -0.403936
   14.089100   -0.400068   -0.400068   -0.400068
   14.102800   -0.396001   -0.396001   -0.396001
   14.116600   -0.390457   -0.390457   -0.390457
   14.130300   -0.386519   -0.386519   -0.386519
   14.144100   -0.381151   -0.381151   -0.381151
   14.157800   -0.377515   -0.377515   -0.377515
   14.171600   -0.372548   -0.372548   -0.372548
   14.185300   -0.369425   -0.369425   -0.369425
   14.199100   -0.365034   -0.365034   -0.365034
   14.212800   -0.362595   -0.362595   -0.362595
   14.226600   -0.358959   -0.358959   -0.358959
   14.240300   -0.357342   -0.357342   -0.357342
   14.254100   -0.354487   -0.354487   -0.354487
   14.267800   -0.353674   -0.353674   -0.353674
   14.281600   -0.351478   -0.351478   -0.351478
   14.295300   -0.351021   -0.351021   -0.351021
   14.309000   -0.350759   -0.350759   -0.350759
   14.322800   -0.349102   -0.349102   -0.349102
   14.336500   -0.349194   -0.349194   -0.349194
   14.350300   -0.347553   -0.347553   -0.347553
   14.364000   -0.347477   -0.347477   -0.347477
   14.377800   -0.345577   -0.345577   -0.345577
   14.391500   -0.345100   -0.345100   -0.345100
   14.405300   -0.342716   -0.342716   -0.342716
   14.419000   -0.341708   -0.341708   -0.341708
   14.432800   -0.338804   -0.338804   -0.338804
   14.446500   -0.337208   -0.337208   -0.337208
   14.460300   -0.333760   -0.333760   -0.333760
   14.474000   -0.331423   -0.331423   -0.331423
   14.487700   -0.328841   -0.328841   -0.328841
   14.501500   -0.324697   -0.324697   -0.324697
   14.515200   -0.321881   -0.321881   -0.321881
   14.529000   -0.317423   -0.317423   -0.317423
   14.542700   -0.314265   -0.314265   -0.314265
   14.556500   -0.309537   -0.309537   -0.309537
   14.570200   -0.306217   -0.306217   -0.306217
   14.584000   -0.301470   -0.301470   -0.301470
   14.597700   -0.298279   -0.298279   -0.298279
   14.611500   -0.293847   -0.293847   -0.293847
   14.625200   -0.291120   -0.291120   -0.291120
   14.639000   -0.287260   -0.287260   -0.287260
   14.652700   -0.285164   -0.285164   -0.285164
   14.666500   -0.281924   -0.281924   -0.281924
   14.680200   -0.280254   -0.280254   -0.280254
   14.693900   -0.278792   -0.278792   -0.278792
   14.707700   -0.276111   -0.276111   -0.276111
   14.721400   -0.274906   -0.274906   -0.274906
   14.735200   -0.272244   -0.272244   -0.272244
   14.748900   -0.270953   -0.270953   -0.270953
   14.762700   -0.268039   -0.268039   -0.268039
   14.776400   -0.266371   -0.266371   -0.266371
   14.790200   -0.263122   -0.263122   -0.263122
   14.803900   -0.261125   -0.261125   -0.261125
   14.817700   -0.257552   -0.257552   -0.257552
   14.831400   -0.255213   -0.255213   -0.255213
   14.845200   -0.251360   -0.251360   -0.251360
   14.858900   -0.248834   -0.248834   -0.248834
   14.872700   -0.244861   -0.244861   -0.244861
   14.886400   -0.242203   -0.242203   -0.242203
   14.900100   -0.239702   -0.239702   -0.239702
   14.913900   -0.236162   -0.236162   -0.236162
   14.927600   -0.234332   -0.234332   -0.234332
   14.941400   -0.231420   -0.231420   -0.231420
   14.955100   -0.230247   -0.230247   -0.230247
   14.968900   -0.227937   -0.227937   -0.227937
   14.982600   -0.227358   -0.227358   -0.227358
   14.996400   -0.225661   -0.225661   -0.225661
   15.010100   -0.225661   -0.225661   -0.225661
   15.023900   -0.224403   -0.224403   -0.224403
   15.037600   -0.224754   -0.224754   -0.224754
   15.051400   -0.223707   -0.223707   -0.223707
   15.065100   -0.223943   -0.223943   -0.223943
   15.078800   -0.224104   -0.224104   -0.224104
   15.092600   -0.222848   -0.222848   -0.222848
   15.106300   -0.222829   -0.222829   -0.222829
   15.120100   -0.221171   -0.221171   -0.221171
   15.133800   -0.220664   -0.220664   -0.220664
   15.147600   -0.218605   -0.218605   -0.218605
   15.161300   -0.217665   -0.217665   -0.217665
   15.175100   -0.215235   -0.215235   -0.215235
   15.188800   -0.213986   -0.213986   -0.213986
   15.202600   -0.211393   -0.211393   -0.211393
   15.216300   -0.209997   -0.209997   -0.209997
   15.230100   -0.207301   -0.207301   -0.207301
   15.243800   -0.205836   -0.205836   -0.205836
   15.257600   -0.203139   -0.203139   -0.203139
   15.271300   -0.201460   -0.201460   -0.201460
   15.285000   -0.199741   -0.199741   -0.199741
   15.298800   -0.197007   -0.197007   -0.197007
   15.312500   -0.195389   -0.195389   -0.195389
   15.326300   -0.192561   -0.192561   -0.192561
   15.340000   -0.190732   -0.190732   -0.190732
   15.353800   -0.187682   -0.187682   -0.187682
   15.367500   -0.185551   -0.185551   -0.185551
   15.381300   -0.182236   -0.182236   -0.182236
   15.395000   -0.179839   -0.179839   -0.179839
   15.408800   -0.176332   -0.176332   -0.176332
   15.422500   -0.173762   -0.173762   -0.173762
   15.436300   -0.170139   -0.170139   -0.170139
   15.450000   -0.167298   -0.167298   -0.167298
   15.463700   -0.164442   -0.164442   -0.164442
   15.477500   -0.160762   -0.160762   -0.160762
   15.491200   -0.158087   -0.158087   -0.158087
   15.505000   -0.154628   -0.154628   -0.154628
   15.518700   -0.152196   -0.152196   -0.152196
   15.532500   -0.149057   -0.149057   -0.149057
   15.546200   -0.147032   -0.147032   -0.147032
   15.560000   -0.144334   -0.144334   -0.144334
   15.573700   -0.142703   -0.142703   -0.142703
   15.587500   -0.140267   -0.140267   -0.140267
   15.601200   -0.138672   -0.138672   -0.138672
   15.615000   -0.136117   -0.136117   -0.136117
   15.628700   -0.134203   -0.134203   -0.134203
   15.642500   -0.131254   -0.131254   -0.131254
   15.656200   -0.128788   -0.128788   -0.128788
   15.669900   -0.126048   -0.126048   -0.126048
   15.683700   -0.122395   -0.122395   -0.122395
   15.697400   -0.119310   -0.119310   -0.119310
   15.711200   -0.115381   -0.115381   -0.115381
   15.724900   -0.112037   -0.112037   -0.112037
   15.738700   -0.107898   -0.107898   -0.107898
   15.752400   -0.104407   -0.104407   -0.104407
   15.766200   -0.100263   -0.100263   -0.100263
   15.779900   -0.096834   -0.096834   -0.096834
   15.793700   -0.092791   -0.092791   -0.092791
   15.807400   -0.089459   -0.089459   -0.089459
   15.821200   -0.085554   -0.085554   -0.085554
   15.834900   -0.082319   -0.082319   -0.082319
   15.848600   -0.079155   -0.079155   -0.079155
   15.862400   -0.075482   -0.075482   -0.075482
   15.876100   -0.072525   -0.072525   -0.072525
   15.889900   -0.068986   -0.068986   -0.068986
   15.903600   -0.066152   -0.066152   -0.066152
   15.917400   -0.062747   -0.062747   -0.062747
   15.931100   -0.060023   -0.060023   -0.060023
   15.944900   -0.056714   -0.056714   -0.056714
   15.958600   -0.054086   -0.054086   -0.054086
   15.972400   -0.050817   -0.050817   -0.050817
   15.986100   -0.048213   -0.048213   -0.048213
   15.999900   -0.044965   -0.044965   -0.044965
   16.013600   -0.042406   -0.042406   -0.042406
   16.027400   -0.039225   -0.039225   -0.039225
   16.041100   -0.036749   -0.036749   -0.036749
   16.054800   -0.034432   -0.034432   -0.034432
   16.068600   -0.031630   -0.031630   -0.031630
   16.082300   -0.029670   -0.029670   -0.029670
   16.096100   -0.027181   -0.027181   -0.027181
   16.109800   -0.025516   -0.025516   -0.025516
   16.123600   -0.023293   -0.023293   -0.023293
   16.137300   -0.021891   -0.021891   -0.021891
   16.151100   -0.019854   -0.019854   -0.019854
   16.164800   -0.018557   -0.018557   -0.018557
   16.178600   -0.016590   -0.016590   -0.016590
   16.192300   -0.015338   -0.015338   -0.015338
   16.206100   -0.013335   -0.013335   -0.013335
   16.219800   -0.011898   -0.011898   -0.011898
   16.233500   -0.010335   -0.010335   -0.010335
   16.247300   -0.008037   -0.008037   -0.008037
   16.261000   -0.006302   -0.006302   -0.006302
   16.274800   -0.003737   -0.003737   -0.003737
   16.288500   -0.001795   -0.001795   -0.001795
   16.302300    0.000879    0.000879    0.000879
   16.316000    0.002834    0.002834    0.002834
   16.329800    0.005393    0.005393    0.005393
   16.343500    0.007082    0.007082    0.007082
   16.357300    0.009259    0.009259    0.009259
   16.371000    0.010533    0.010533    0.010533
   16.384800    0.012300    0.012300    0.012300
   16.398500    0.013188    0.013188    0.013188
   16.412300    0.014693    0.014693    0.014693
   16.426000    0.015561    0.015561    0.015561
   16.439700    0.016510    0.016510    0.016510
   16.453500    0.018207    0.018207    0.018207
   16.467200    0.019386    0.019386    0.019386
   16.481000    0.021486    0.021486    0.021486
   16.494700    0.023140    0.023140    0.023140
   16.508500    0.025624    0.025624    0.025624
   16.522200    0.027618    0.027618    0.027618
   16.536000    0.030356    0.030356    0.030356
   16.549700    0.032453    0.032453    0.032453
   16.563500    0.035138    0.035138    0.035138
   16.577200    0.037106    0.037106    0.037106
   16.591000    0.039615    0.039615    0.039615
   16.604700    0.041400    0.041400    0.041400
   16.618500    0.043764    0.043764    0.043764
   16.632200    0.045505    0.045505    0.045505
   16.645900    0.047231    0.047231    0.047231
   16.659700    0.049504    0.049504    0.049504
   16.673400    0.051082    0.051082    0.051082
   16.687200    0.053248    0.053248    0.053248
   16.700900    0.054755    0.054755    0.054755
   16.714700    0.056820    0.056820    0.056820
   16.728400    0.058177    0.058177    0.058177
   16.742200    0.060120    0.060120    0.060120
   16.755900    0.061349    0.061349    0.061349
   16.769700    0.063171    0.063171    0.063171
   16.783400    0.064368    0.064368    0.064368
   16.797200    0.066189    0.066189    0.066189
   16.810900    0.067485    0.067485    0.067485
   16.824600    0.068804    0.068804    0.068804
   16.838400    0.070691    0.070691    0.070691
   16.852100    0.071983    0.071983    0.071983
   16.865900    0.073916    0.073916    0.073916
   16.879600    0.075296    0.075296    0.075296
   16.893400    0.077344    0.077344    0.077344
   16.907100    0.078913    0.078913    0.078913
   16.920900    0.081145    0.081145    0.081145
   16.934600    0.082865    0.082865    0.082865
   16.948400    0.085243    0.085243    0.085243
   16.962100    0.087059    0.087059    0.087059
   16.975900    0.089442    0.089442    0.089442
   16.989600    0.091249    0.091249    0.091249
   17.003400    0.093543    0.093543    0.093543
   17.017100    0.095259    0.095259    0.095259
   17.030800    0.096875    0.096875    0.096875
   17.044600    0.098885    0.098885    0.098885
   17.058300    0.100235    0.100235    0.100235
   17.072100    0.102100    0.102100    0.102100
   17.085800    0.103386    0.103386    0.103386
   17.099600    0.105233    0.105233    0.105233
   17.113300    0.106604    0.106604    0.106604
   17.127100    0.108598    0.108598    0.108598
   17.140800    0.110130    0.110130    0.110130
   17.154600    0.112332    0.112332    0.112332
   17.168300    0.114090    0.114090    0.114090
   17.182100    0.116473    0.116473    0.116473
   17.195800    0.118480    0.118480    0.118480
   17.209500    0.120556    0.120556    0.120556
   17.223300    0.123160    0.123160    0.123160
   17.237000    0.125258    0.125258    0.125258
   17.250800    0.127874    0.127874    0.127874
   17.264500    0.129995    0.129995    0.129995
   17.278300    0.132615    0.132615    0.132615
   17.292000    0.134629    0.134629    0.134629
   17.305800    0.137107    0.137107    0.137107
   17.319500    0.138917    0.138917    0.138917
   17.333300    0.141093    0.141093    0.141093
   17.347000    0.142482    0.142482    0.142482
   17.360800    0.144187    0.144187    0.144187
   17.374500    0.145009    0.145009    0.145009
   17.388300    0.146183    0.146183    0.146183
   17.402000    0.146603    0.146603    0.146603
   17.415700    0.146824    0.146824    0.146824
   17.429500    0.147507    0.147507    0.147507
   17.443200    0.147505    0.147505    0.147505
   17.457000    0.148128    0.148128    0.148128
   17.470700    0.148190    0.148190    0.148190
   17.484500    0.148946    0.148946    0.148946
   17.498200    0.149115    0.149115    0.149115
   17.512000    0.149984    0.149984    0.149984
   17.525700    0.150317    0.150317    0.150317
   17.539500    0.151308    0.151308    0.151308
   17.553200    0.151763    0.151763    0.151763
   17.567000    0.152909    0.152909    0.152909
   17.580700    0.153638    0.153638    0.153638
   17.594400    0.154524    0.154524    0.154524
   17.608200    0.156023    0.156023    0.156023
   17.621900    0.157094    0.157094    0.157094
   17.635700    0.158881    0.158881    0.158881
   17.649400    0.160231    0.160231    0.160231
   17.663200    0.162256    0.162256    0.162256
   17.676900    0.163841    0.163841    0.163841
   17.690700    0.166015    0.166015    0.166015
   17.704400    0.167680    0.167680    0.167680
   17.718200    0.169802    0.169802    0.169802
   17.731900    0.171382    0.171382    0.171382
   17.745700    0.173402    0.173402    0.173402
   17.759400    0.174785    0.174785    0.174785
   17.773200    0.176581    0.176581    0.176581
   17.786900    0.177798    0.177798    0.177798
   17.800600    0.178895    0.178895    0.178895
   17.814400    0.180370    0.180370    0.180370
   17.828100    0.181211    0.181211    0.181211
   17.841900    0.182467    0.182467    0.182467
   17.855600    0.183141    0.183141    0.183141
   17.869400    0.184295    0.184295    0.184295
   17.883100    0.184916    0.184916    0.184916
   17.896900    0.186068    0.186068    0.186068
   17.910600    0.186714    0.186714    0.186714
   17.924400    0.187880    0.187880    0.187880
   17.938100    0.188564    0.188564    0.188564
   17.951900    0.189753    0.189753    0.189753
   17.965600    0.190460    0.190460    0.190460
   17.979300    0.191130    0.191130    0.191130
   17.993100    0.192221    0.192221    0.192221
   18.006800    0.192833    0.192833    0.192833
   18.020600    0.193898    0.193898    0.193898
   18.034300    0.194526    0.194526    0.194526
   18.048100    0.195695    0.195695    0.195695
   18.061800    0.196492    0.196492    0.196492
   18.075600    0.197876    0.197876    0.197876
   18.089300    0.199023    0.199023    0.199023
   18.103100    0.200765    0.200765    0.200765
   18.116800    0.202258    0.202258    0.202258
   18.130600    0.204320    0.204320    0.204320
   18.144300    0.206126    0.206126    0.206126
   18.158100    0.208367    0.208367    0.208367
   18.171800    0.210317    0.210317    0.210317
   18.185500    0.212288    0.212288    0.212288
   18.199300    0.214567    0.214567    0.214567
   18.213000    0.216460    0.216460    0.216460
   18.226800    0.218586    0.218586    0.218586
   18.240500    0.220284    0.220284    0.220284
   18.254300    0.222267    0.222267    0.222267
   18.268000    0.223774    0.223774    0.223774
   18.281800    0.225576    0.225576    0.225576
   18.295500    0.226978    0.226978    0.226978
   18.309300    0.228683    0.228683    0.228683
   18.323000    0.229991    0.229991    0.229991
   18.336800    0.231596    0.231596    0.231596
   18.350500    0.232860    0.232860    0.232860
   18.364200    0.234115    0.234115    0.234115
   18.378000    0.235694    0.235694    0.235694
   18.391700    0.236923    0.236923    0.236923
   18.405500    0.238500    0.238500    0.238500
   18.419200    0.239734    0.239734    0.239734
   18.433000    0.241321    0.241321    0.241321
   18.446700    0.242591    0.242591    0.242591
   18.460500    0.244206    0.244206    0.244206
   18.474200    0.245466    0.245466    0.245466
   18.488000    0.247048    0.247048    0.247048
   18.501700    0.248252    0.248252    0.248252
   18.515500    0.249755    0.249755    0.249755
   18.529200    0.250845    0.250845    0.250845
   18.543000    0.252245    0.252245    0.252245
   18.556700    0.253259    0.253259    0.253259
   18.570400    0.254144    0.254144    0.254144
   18.584200    0.255234    0.255234    0.255234
   18.597900    0.255907    0.255907    0.255907
   18.611700    0.256858    0.256858    0.256858
   18.625400    0.257402    0.257402    0.257402
   18.639200    0.258263    0.258263    0.258263
   18.652900    0.258724    0.258724    0.258724
   18.666700    0.259577    0.259577    0.259577
   18.680400    0.260170    0.260170    0.260170
   18.694200    0.261151    0.261151    0.261151
   18.707900    0.261873    0.261873    0.261873
   18.721700    0.263038    0.263038    0.263038
   18.735400    0.264010    0.264010    0.264010
   18.749200    0.265423    0.265423    0.265423
   18.762900    0.266654    0.266654    0.266654
   18.776600    0.267972    0.267972    0.267972
   18.790400    0.269630    0.269630    0.269630
   18.804100    0.271045    0.271045    0.271045
   18.817900    0.272767    0.272767    0.272767
   18.831600    0.274219    0.274219    0.274219
   18.845400    0.275926    0.275926    0.275926
   18.859100    0.277366    0.277366    0.277366
   18.872900    0.279053    0.279053    0.279053
   18.886600    0.280421    0.280421    0.280421
   18.900400    0.281970    0.281970    0.281970
   18.914100    0.283153    0.283153    0.283153
   18.927900    0.284518    0.284518    0.284518
   18.941600    0.285598    0.285598    0.285598
   18.955300    0.286601    0.286601    0.286601
   18.969100    0.287779    0.287779    0.287779
   18.982800    0.288669    0.288669    0.288669
   18.996600    0.289799    0.289799    0.289799
   19.010300    0.290680    0.290680    0.290680
   19.024100    0.291890    0.291890    0.291890
   19.037800    0.292878    0.292878    0.292878
   19.051600    0.294138    0.294138    0.294138
   19.065300    0.295204    0.295204    0.295204
   19.079100    0.296579    0.296579    0.296579
   19.092800    0.297738    0.297738    0.297738
   19.106600    0.299143    0.299143    0.299143
   19.120300    0.300343    0.300343    0.300343
   19.134100    0.301806    0.301806    0.301806
   19.147800    0.303016    0.303016    0.303016
   19.161500    0.304215    0.304215    0.304215
   19.175300    0.305634    0.305634    0.305634
   19.189000    0.306756    0.306756    0.306756
   19.202800    0.308069    0.308069    0.308069
   19.216500    0.309120    0.309120    0.309120
   19.230300    0.310368    0.310368    0.310368
   19.244000    0.311353    0.311353    0.311353
   19.257800    0.312516    0.312516    0.312516
   19.271500    0.313429    0.313429    0.313429
   19.285300    0.314561    0.314561    0.314561
   19.299000    0.315487    0.315487    0.315487
   19.312800    0.316624    0.316624    0.316624
   19.326500    0.317578    0.317578    0.317578
   19.340200    0.318571    0.318571    0.318571
   19.354000    0.319771    0.319771    0.319771
   19.367700    0.320762    0.320762    0.320762
   19.381500    0.322009    0.322009    0.322009
   19.395200    0.323103    0.323103    0.323103
   19.409000    0.324422    0.324422    0.324422
   19.422700    0.325545    0.325545    0.325545
   19.436500    0.326846    0.326846    0.326846
   19.450200    0.327957    0.327957    0.327957
   19.464000    0.329232    0.329232    0.329232
   19.477700    0.330301    0.330301    0.330301
   19.491500    0.331557    0.331557    0.331557
   19.505200    0.332571    0.332571    0.332571
   19.519000    0.333766    0.333766    0.333766
   19.532700    0.334828    0.334828    0.334828
   19.546400    0.335870    0.335870    0.335870
   19.560200    0.337042    0.337042    0.337042
   19.573900    0.338036    0.338036    0.338036
   19.587700    0.339249    0.339249    0.339249
   19.601400    0.340334    0.340334    0.340334
   19.615200    0.341556    0.341556    0.341556
   19.628900    0.342580    0.342580    0.342580
   19.642700    0.343806    0.343806    0.343806
   19.656400    0.344844    0.344844    0.344844
   19.670200    0.346041    0.346041    0.346041
   19.683900    0.347065    0.347065    0.347065
   19.697700    0.348249    0.348249    0.348249
   19.711400    0.349279    0.349279    0.349279
   19.725100    0.350292    0.350292    0.350292
   19.738900    0.351466    0.351466    0.351466
   19.752600    0.352492    0.352492    0.352492
   19.766400    0.353684    0.353684    0.353684
   19.780100    0.354736    0.354736    0.354736
   19.793900    0.355967    0.355967    0.355967
   19.807600    0.357034    0.357034    0.357034
   19.821400    0.358254    0.358254    0.358254
   19.835100    0.359348    0.359348    0.359348
   19.848900    0.360583    0.360583    0.360583
   19.862600    0.361647    0.361647    0.361647
   19.876400    0.362794    0.362794    0.362794
   19.890100    0.363791    0.363791    0.363791
   19.903900    0.364931    0.364931    0.364931
   19.917600    0.365886    0.365886    0.365886
   19.931300    0.366829    0.366829    0.366829
   19.945100    0.367863    0.367863    0.367863
   19.958800    0.368746    0.368746    0.368746
   19.972600    0.369786    0.369786    0.369786
   19.986300    0.370680    0.370680    0.370680
   20.000100    0.371741    0.371741    0.371741
   20.013800    0.372682    0.372682    0.372682
   20.027600    0.373771    0.373771    0.373771
   20.041300    0.374740    0.374740    0.374740
   20.055100    0.375854    0.375854    0.375854
   20.068800    0.376865    0.376865    0.376865
   20.082600    0.377988    0.377988    0.377988
   20.096300    0.378994    0.378994    0.378994
   20.110000    0.379999    0.379999    0.379999
   20.123800    0.381108    0.381108    0.381108
   20.137500    0.382092    0.382092    0.382092
   20.151300    0.383184    0.383184    0.383184
   20.165000    0.384201    0.384201    0.384201
   20.178800    0.385325    0.385325    0.385325
   20.192500    0.386336    0.386336    0.386336
   20.206300    0.387466    0.387466    0.387466
   20.220000    0.388494    0.388494    0.388494
   20.233800    0.389655    0.389655    0.389655
   20.247500    0.390692    0.390692    0.390692
   20.261300    0.391836    0.391836    0.391836
   20.275000    0.392888    0.392888    0.392888
   20.288800    0.394026    0.394026    0.394026
   20.302500    0.395063    0.395063    0.395063
   20.316200    0.396108    0.396108    0.396108
   20.330000    0.397213    0.397213    0.397213
   20.343700    0.398192    0.398192    0.398192
   20.357500    0.399257    0.399257    0.399257
   20.371200    0.400201    0.400201    0.400201
   20.385000    0.401222    0.401222    0.401222
   20.398700    0.402158    0.402158    0.402158
   20.412500    0.403215    0.403215    0.403215
   20.426200    0.404144    0.404144    0.404144
   20.440000    0.405159    0.405159    0.405159
   20.453700    0.406053    0.406053    0.406053
   20.467500    0.407022    0.407022    0.407022
   20.481200    0.407906    0.407906    0.407906
   20.495000    0.408904    0.408904    0.408904
   20.508700    0.409767    0.409767    0.409767
   20.522400    0.410627    0.410627    0.410627
   20.536200    0.411613    0.411613    0.411613
   20.549900    0.412479    0.412479    0.412479
   20.563700    0.413420    0.413420    0.413420
   20.577400    0.414281    0.414281    0.414281
   20.591200    0.415248    0.415248    0.415248
   20.604900    0.416124    0.416124    0.416124
   20.618700    0.417100    0.417100    0.417100
   20.632400    0.417986    0.417986    0.417986
   20.646200    0.418971    0.418971    0.418971
   20.659900    0.419871    0.419871    0.419871
   20.673700    0.420882    0.420882    0.420882
   20.687400    0.421785    0.421785    0.421785
   20.701100    0.422664    0.422664    0.422664
   20.714900    0.423641    0.423641    0.423641
   20.728600    0.424542    0.424542    0.424542
   20.742400    0.425552    0.425552    0.425552
   20.756100    0.426455    0.426455    0.426455
   20.769900    0.427437    0.427437    0.427437
   20.783600    0.428326    0.428326    0.428326
   20.797400    0.429297    0.429297    0.429297
   20.811100    0.430181    0.430181    0.430181
   20.824900    0.431148    0.431148    0.431148
   20.838600    0.432030    0.432030    0.432030
   20.852400    0.432998    0.432998    0.432998
   20.866100    0.433894    0.433894    0.433894
   20.879900    0.434835    0.434835    0.434835
   20.893600    0.435718    0.435718    0.435718
   20.907300    0.436620    0.436620    0.436620
   20.921100    0.437568    0.437568    0.437568
   20.934800    0.438416    0.438416    0.438416
   20.948600    0.439319    0.439319    0.439319
   20.962300    0.440162    0.440162    0.440162
   20.976100    0.441106    0.441106    0.441106
   20.989800    0.441943    0.441943    0.441943
   21.003600    0.442834    0.442834    0.442834
   21.017300    0.443665    0.443665    0.443665
   21.031100    0.444596    0.444596    0.444596
   21.044800    0.445421    0.445421    0.445421
   21.058600    0.446302    0.446302    0.446302
   21.072300    0.447132    0.447132    0.447132
   21.086000    0.447983    0.447983    0.447983
   21.099800    0.448876    0.448876    0.448876
   21.113500    0.449663    0.449663    0.449663
   21.127300    0.450546    0.450546    0.450546
   21.141000    0.451369    0.451369    0.451369
   21.154800    0.452233    0.452233    0.452233
   21.168500    0.453036    0.453036    0.453036
   21.182300    0.453931    0.453931    0.453931
   21.196000    0.454714    0.454714    0.454714
   21.209800    0.455589    0.455589    0.455589
   21.223500    0.456405    0.456405    0.456405
   21.237300    0.457259    0.457259    0.457259
   21.251000    0.458056    0.458056    0.458056
   21.264800    0.458945    0.458945    0.458945
   21.278500    0.459733    0.459733    0.459733
   21.292200    0.460540    0.460540    0.460540
   21.306000    0.461432    0.461432    0.461432
   21.319700    0.462226    0.462226    0.462226
   21.333500    0.463077    0.463077    0.463077
   21.347200    0.463833    0.463833    0.463833
   21.361000    0.464682    0.464682    0.464682
   21.374700    0.465481    0.465481    0.465481
   21.388500    0.466328    0.466328    0.466328
   21.402200    0.467078    0.467078    0.467078
   21.416000    0.467923    0.467923    0.467923
   21.429700    0.468719    0.468719    0.468719
   21.443500    0.469565    0.469565    0.469565
   21.457200    0.470335    0.470335    0.470335
   21.470900    0.471083    0.471083    0.471083
   21.484700    0.471916    0.471916    0.471916
   21.498400    0.472703    0.472703    0.472703
   21.512200    0.473538    0.473538    0.473538
   21.525900    0.474292    0.474292    0.474292
   21.539700    0.475103    0.475103    0.475103
   21.553400    0.475826    0.475826    0.475826
   21.567200    0.476642    0.476642    0.476642
   21.580900    0.477413    0.477413    0.477413
   21.594700    0.478233    0.478233    0.478233
   21.608400    0.478973    0.478973    0.478973
   21.622200    0.479771    0.479771    0.479771
   21.635900    0.480482    0.480482    0.480482
   21.649700    0.481286    0.481286    0.481286
   21.663400    0.482055    0.482055    0.482055
   21.677100    0.482804    0.482804    0.482804
   21.690900    0.483602    0.483602    0.483602
   21.704600    0.484320    0.484320    0.484320
   21.718400    0.485085    0.485085    0.485085
   21.732100    0.485808    0.485808    0.485808
   21.745900    0.486623    0.486623    0.486623
   21.759600    0.487351    0.487351    0.487351
   21.773400    0.488135    0.488135    0.488135
   21.787100    0.488841    0.488841    0.488841
   21.800900    0.489594    0.489594    0.489594
   21.814600    0.490307    0.490307    0.490307
   21.828400    0.491112    0.491112    0.491112
   21.842100    0.491839    0.491839    0.491839
   21.855800    0.492555    0.492555    0.492555
   21.869600    0.493319    0.493319    0.493319
   21.883300    0.493997    0.493997    0.493997
   21.897100    0.494764    0.494764    0.494764
   21.910800    0.495492    0.495492    0.495492
   21.924600    0.496266    0.496266    0.496266
   21.938300    0.496965    0.496965    0.496965
   21.952100    0.497721    0.497721    0.497721
   21.965800    0.498403    0.498403    0.498403
   21.979600    0.499130    0.499130    0.499130
   21.993300    0.499820    0.499820    0.499820
   22.007100    0.500599    0.500599    0.500599
   22.020800    0.501296    0.501296    0.501296
   22.034600    0.502048    0.502048    0.502048
   22.048300    0.502737    0.502737    0.502737
   22.062000    0.503416    0.503416    0.503416
   22.075800    0.504133    0.504133    0.504133
   22.089500    0.504811    0.504811    0.504811
   22.103300    0.505578    0.505578    0.505578
   22.117000    0.506264    0.506264    0.506264
   22.130800    0.507003    0.507003    0.507003
   22.144500    0.507674    0.507674    0.507674
   22.158300    0.508399    0.508399    0.508399
   22.172000    0.509054    0.509054    0.509054
   22.185800    0.509753    0.509753    0.509753
   22.199500    0.510417    0.510417    0.510417
   22.213300    0.511170    0.511170    0.511170
   22.227000    0.511850    0.511850    0.511850
   22.240700    0.512520    0.512520    0.512520
   22.254500    0.513238    0.513238    0.513238
   22.268200    0.513884    0.513884    0.513884
   22.282000    0.514572    0.514572    0.514572
   22.295700    0.515226    0.515226    0.515226
   22.309500    0.515966    0.515966    0.515966
   22.323200    0.516628    0.516628    0.516628
   22.337000    0.517341    0.517341    0.517341
   22.350700    0.517988    0.517988    0.517988
   22.364500    0.518688    0.518688    0.518688
   22.378200    0.519320    0.519320    0.519320
   22.392000    0.519994    0.519994    0.519994
   22.405700    0.520635    0.520635    0.520635
   22.419500    0.521364    0.521364    0.521364
   22.433200    0.522022    0.522022    0.522022
   22.446900    0.522671    0.522671    0.522671
   22.460700    0.523367    0.523367    0.523367
   22.474400    0.523995    0.523995    0.523995
   22.488200    0.524674    0.524674    0.524674
   22.501900    0.525276    0.525276    0.525276
   22.515700    0.525963    0.525963    0.525963
   22.529400    0.526619    0.526619    0.526619
   22.543200    0.527315    0.527315    0.527315
   22.556900    0.527944    0.527944    0.527944
   22.570700    0.528625    0.528625    0.528625
   22.584400    0.529242    0.529242    0.529242
   22.598200    0.529908    0.529908    0.529908
   22.611900    0.530500    0.530500    0.530500
   22.625700    0.531177    0.531177    0.531177
   22.639400    0.531830    0.531830    0.531830
   22.653100    0.532465    0.532465    0.532465
   22.666900    0.533143    0.533143    0.533143
   22.680600    0.533758    0.533758    0.533758
   22.694400    0.534423    0.534423    0.534423
   22.708100    0.535026    0.535026    0.535026
   22.721900    0.535677    0.535677    0.535677
   22.735600    0.536254    0.536254    0.536254
   22.749400    0.536915    0.536915    0.536915
   22.763100    0.537546    0.537546    0.537546
   22.776900    0.538216    0.538216    0.538216
   22.790600    0.538822    0.538822    0.538822
   22.804400    0.539479    0.539479    0.539479
   22.818100    0.540081    0.540081    0.540081
   22.831800    0.540674    0.540674    0.540674
   22.845600    0.541299    0.541299    0.541299
   22.859300    0.541895    0.541895    0.541895
   22.873100    0.542572    0.542572    0.542572
   22.886800    0.543177    0.543177    0.543177
   22.900600    0.543830    0.543830    0.543830
   22.914300    0.544422    0.544422    0.544422
   22.928100    0.545064    0.545064    0.545064
   22.941800    0.545647    0.545647    0.545647
   22.955600    0.546279    0.546279    0.546279
   22.969300    0.546849    0.546849    0.546849
   22.983100    0.547457    0.547457    0.547457
   22.996800    0.548038    0.548038    0.548038
   23.010600    0.548701    0.548701    0.548701
   23.024300    0.549300    0.549300    0.549300
   23.038000    0.549891    0.549891    0.549891
   23.051800    0.550524    0.550524    0.550524
   23.065500    0.551097    0.551097    0.551097
   23.079300    0.551718    0.551718    0.551718
   23.093000    0.552277    0.552277    0.552277
   23.106800    0.552873    0.552873    0.552873
   23.120500    0.553443    0.553443    0.553443
   23.134300    0.554093    0.554093    0.554093
   23.148000    0.554674    0.554674    0.554674
   23.161800    0.555300    0.555300    0.555300
   23.175500    0.555868    0.555868    0.555868
   23.189300    0.556486    0.556486    0.556486
   23.203000    0.557052    0.557052    0.557052
   23.216700    0.557614    0.557614    0.557614
   23.230500    0.558214    0.558214    0.558214
   23.244200    0.558744    0.558744    0.558744
   23.258000    0.559354    0.559354    0.559354
   23.271700    0.559939    0.559939    0.559939
   23.285500    0.560558    0.560558    0.560558
   23.299200    0.561119    0.561119    0.561119
   23.313000    0.561726    0.561726    0.561726
   23.326700    0.562277    0.562277    0.562277
   23.340500    0.562875    0.562875    0.562875
   23.354200    0.563417    0.563417    0.563417
   23.368000    0.564003    0.564003    0.564003
   23.381700    0.564521    0.564521    0.564521
   23.395500    0.565119    0.565119    0.565119
   23.409200    0.565700    0.565700    0.565700
   23.422900    0.566263    0.566263    0.566263
   23.436700    0.566864    0.566864    0.566864
   23.450400    0.567409    0.567409    0.567409
   23.464200    0.567999    0.567999    0.567999
   23.477900    0.568535    0.568535    0.568535
   23.491700    0.569116    0.569116    0.569116
   23.505400    0.569639    0.569639    0.569639
   23.519200    0.570196    0.570196    0.570196
   23.532900    0.570730    0.570730    0.570730
   23.546700    0.571342    0.571342    0.571342
   23.560400    0.571888    0.571888    0.571888
   23.574200    0.572477    0.572477    0.572477
   23.587900    0.573018    0.573018    0.573018
   23.601600    0.573555    0.573555    0.573555
   23.615400    0.574132    0.574132    0.574132
   23.629100    0.574655    0.574655    0.574655
   23.642900    0.575222    0.575222    0.575222
   23.656600    0.575732    0.575732    0.575732
   23.670400    0.576275    0.576275    0.576275
   23.684100    0.576796    0.576796    0.576796
   23.697900    0.577395    0.577395    0.577395
   23.711600    0.577928    0.577928    0.577928
   23.725400    0.578502    0.578502    0.578502
   23.739100    0.579024    0.579024    0.579024
   23.752900    0.579590    0.579590    0.579590
   23.766600    0.580104    0.580104    0.580104
   23.780400    0.580664    0.580664    0.580664
   23.794100    0.581176    0.581176    0.581176
   23.807800    0.581682    0.581682    0.581682
   23.821600    0.582213    0.582213    0.582213
   23.835300    0.582724    0.582724    0.582724
   23.849100    0.583310    0.583310    0.583310
   23.862800    0.583831    0.583831    0.583831
   23.876600    0.584393    0.584393    0.584393
   23.890300    0.584903    0.584903    0.584903
   23.904100    0.585456    0.585456    0.585456
   23.917800    0.585959    0.585959    0.585959
   23.931600    0.586505    0.586505    0.586505
   23.945300    0.587000    0.587000    0.587000
   23.959100    0.587535    0.587535    0.587535
   23.972800    0.588013    0.588013    0.588013
   23.986500    0.588519    0.588519    0.588519
   24.000300    0.589094    0.589094    0.589094
   24.014000    0.589605    0.589605    0.589605
   24.027800    0.590155    0.590155    0.590155
   24.041500    0.590655    0.590655    0.590655
   24.055300    0.591197    0.591197    0.591197
   24.069000    0.591690    0.591690    0.591690
   24.082800    0.592225    0.592225    0.592225
   24.096500    0.592711    0.592711    0.592711
   24.110300    0.593239    0.593239    0.593239
   24.124000    0.593714    0.593714    0.593714
   24.137800    0.594218    0.594218    0.594218
   24.151500    0.594706    0.594706    0.594706
   24.165300    0.595268    0.595268    0.595268
   24.179000    0.595773    0.595773    0.595773
   24.192700    0.596272    0.596272    0.596272
   24.206500    0.596806    0.596806    0.596806
   24.220200    0.597291    0.597291    0.597291
   24.234000    0.597818    0.597818    0.597818
   24.247700    0.598297    0.598297    0.598297
   24.261500    0.598817    0.598817    0.598817
   24.275200    0.599290    0.599290    0.599290
   24.289000    0.599803    0.599803    0.599803
   24.302700    0.600265    0.600265    0.600265
   24.316500    0.600755    0.600755    0.600755
   24.330200    0.601228    0.601228    0.601228
   24.344000    0.601775    0.601775    0.601775
   24.357700    0.602261    0.602261    0.602261
   24.371500    0.602786    0.602786    0.602786
   24.385200    0.603267    0.603267    0.603267
   24.398900    0.603745    0.603745    0.603745
   24.412700    0.604258    0.604258    0.604258
   24.426400    0.604724    0.604724    0.604724
   24.440200    0.605230    0.605230    0.605230
   24.453900    0.605688    0.605688    0.605688
   24.467700    0.606183    0.606183    0.606183
   24.481400    0.606618    0.606618    0.606618
   24.495200    0.607124    0.607124    0.607124
   24.508900    0.607616    0.607616    0.607616
   24.522700    0.608135    0.608135    0.608135
   24.536400    0.608604    0.608604    0.608604
   24.550200    0.609113    0.609113    0.609113
   24.563900    0.609581    0.609581    0.609581
   24.577600    0.610047    0.610047    0.610047
   24.591400    0.610547    0.610547    0.610547
   24.605100    0.611002    0.611002    0.611002
   24.618900    0.611496    0.611496    0.611496
   24.632600    0.611944    0.611944    0.611944
   24.646400    0.612431    0.612431    0.612431
   24.660100    0.612869    0.612869    0.612869
   24.673900    0.613333    0.613333    0.613333
   24.687600    0.613783    0.613783    0.613783
   24.701400    0.614304    0.614304    0.614304
   24.715100    0.614766    0.614766    0.614766
   24.728900    0.615265    0.615265    0.615265
   24.742600    0.615717    0.615717    0.615717
   24.756400    0.616209    0.616209    0.616209
   24.770100    0.616662    0.616662    0.616662
   24.783800    0.617112    0.617112    0.617112
   24.797600    0.617596    0.617596    0.617596
   24.811300    0.618036    0.618036    0.618036
   24.825100    0.618513    0.618513    0.618513
   24.838800    0.618945    0.618945    0.618945
   24.852600    0.619412    0.619412    0.619412
   24.866300    0.619822    0.619822    0.619822
   24.880100    0.620301    0.620301    0.620301
   24.893800    0.620767    0.620767    0.620767
   24.907600    0.621259    0.621259    0.621259
   24.921300    0.621703    0.621703    0.621703
   24.935100    0.622185    0.622185    0.622185
   24.948800    0.622628    0.622628    0.622628
   24.962500    0.623069    0.623069    0.623069
   24.976300    0.623543    0.623543    0.623543
   24.990000    0.623973    0.623973    0.623973
   25.003800    0.624441    0.624441    0.624441
   25.017500    0.624865    0.624865    0.624865
   25.031300    0.625326    0.625326    0.625326
   25.045000    0.625740    0.625740    0.625740
   25.058800    0.626178    0.626178    0.626178
   25.072500    0.626604    0.626604    0.626604
   25.086300    0.627099    0.627099    0.627099
   25.100000    0.627539    0.627539    0.627539
   25.113800    0.628011    0.628011    0.628011
   25.127500    0.628441    0.628441    0.628441
   25.141300    0.628908    0.628908    0.628908
   25.155000    0.629337    0.629337    0.629337
   25.168700    0.629764    0.629764    0.629764
   25.182500    0.630224    0.630224    0.630224
   25.196200    0.630642    0.630642    0.630642
   25.210000    0.631096    0.631096    0.631096
   25.223700    0.631508    0.631508    0.631508
   25.237500    0.631955    0.631955    0.631955
   25.251200    0.632357    0.632357    0.632357
   25.265000    0.632781    0.632781    0.632781
   25.278700    0.633196    0.633196    0.633196
   25.292500    0.633678    0.633678    0.633678
   25.306200    0.634106    0.634106    0.634106
   25.320000    0.634567    0.634567    0.634567
   25.333700    0.634990    0.634990    0.634990
   25.347400    0.635410    0.635410    0.635410
   25.361200    0.635861    0.635861    0.635861
   25.374900    0.636272    0.636272    0.636272
   25.388700    0.636718    0.636718    0.636718
   25.402400    0.637124    0.637124    0.637124
   25.416200    0.637567    0.637567    0.637567
   25.429900    0.637968    0.637968    0.637968
   25.443700    0.638405    0.638405    0.638405
   25.457400    0.638800    0.638800    0.638800
   25.471200    0.639228    0.639228    0.639228
   25.484900    0.639601    0.639601    0.639601
   25.498700    0.640040    0.640040    0.640040
   25.512400    0.640471    0.640471    0.640471
   25.526200    0.640925    0.640925    0.640925
   25.539900    0.641339    0.641339    0.641339
   25.553600    0.641749    0.641749    0.641749
   25.567400    0.642190    0.642190    0.642190
   25.581100    0.642590    0.642590    0.642590
   25.594900    0.643026    0.643026    0.643026
   25.608600    0.643422    0.643422    0.643422
   25.622400    0.643853    0.643853    0.643853
   25.636100    0.644245    0.644245    0.644245
   25.649900    0.644672    0.644672    0.644672
   25.663600    0.645058    0.645058    0.645058
   25.677400    0.645479    0.645479    0.645479
   25.691100    0.645856    0.645856    0.645856
   25.704900    0.646255    0.646255    0.646255
   25.718600    0.646651    0.646651    0.646651
   25.732300    0.647075    0.647075    0.647075
   25.746100    0.647516    0.647516    0.647516
   25.759800    0.647913    0.647913    0.647913
   25.773600    0.648343    0.648343    0.648343
   25.787300    0.648734    0.648734    0.648734
   25.801100    0.649159    0.649159    0.649159
   25.814800    0.649545    0.649545    0.649545
   25.828600    0.649966    0.649966    0.649966
   25.842300    0.650349    0.650349    0.650349
   25.856100    0.650767    0.650767    0.650767
   25.869800    0.651146    0.651146    0.651146
   25.883600    0.651559    0.651559    0.651559
   25.897300    0.651934    0.651934    0.651934
   25.911100    0.652342    0.652342    0.652342
   25.924800    0.652711    0.652711    0.652711
   25.938500    0.653065    0.653065    0.653065
   25.952300    0.653480    0.653480    0.653480
   25.966000    0.653887    0.653887    0.653887
   25.979800    0.654314    0.654314    0.654314
   25.993500    0.654699    0.654699    0.654699
   26.007300    0.655115    0.655115    0.655115
   26.021000    0.655494    0.655494    0.655494
   26.034800    0.655906    0.655906    0.655906
   26.048500    0.656280    0.656280    0.656280
   26.062300    0.656688    0.656688    0.656688
   26.076000    0.657060    0.657060    0.657060
   26.089800    0.657465    0.657465    0.657465
   26.103500    0.657838    0.657838    0.657838
   26.117200    0.658208    0.658208    0.658208
   26.131000    0.658607    0.658607    0.658607
   26.144700    0.658966    0.658966    0.658966
   26.158500    0.659355    0.659355    0.659355
   26.172200    0.659692    0.659692    0.659692
   26.186000    0.660093    0.660093    0.660093
   26.199700    0.660488    0.660488    0.660488
   26.213500    0.660902    0.660902    0.660902
   26.227200    0.661276    0.661276    0.661276
   26.241000    0.661680    0.661680    0.661680
   26.254700    0.662048    0.662048    0.662048
   26.268500    0.662448    0.662448    0.662448
   26.282200    0.662812    0.662812    0.662812
   26.296000    0.663209    0.663209    0.663209
   26.309700    0.663574    0.663574    0.663574
   26.323400    0.663938    0.663938    0.663938
   26.337200    0.664331    0.664331    0.664331
   26.350900    0.664687    0.664687    0.664687
   26.364700    0.665075    0.665075    0.665075
   26.378400    0.665427    0.665427    0.665427
   26.392200    0.665811    0.665811    0.665811
   26.405900    0.666157    0.666157    0.666157
   26.419700    0.666530    0.666530    0.666530
   26.433400    0.666855    0.666855    0.666855
   26.447200    0.667242    0.667242    0.667242
   26.460900    0.667624    0.667624    0.667624
   26.474700    0.668025    0.668025    0.668025
   26.488400    0.668386    0.668386    0.668386
   26.502200    0.668778    0.668778    0.668778
   26.515900    0.669137    0.669137    0.669137
   26.529600    0.669495    0.669495    0.669495
   26.543400    0.669881    0.669881    0.669881
   26.557100    0.670231    0.670231    0.670231
   26.570900    0.670612    0.670612    0.670612
   26.584600    0.670959    0.670959    0.670959
   26.598400    0.671337    0.671337    0.671337
   26.612100    0.671681    0.671681    0.671681
   26.625900    0.672057    0.672057    0.672057
   26.639600    0.672397    0.672397    0.672397
   26.653400    0.672769    0.672769    0.672769
   26.667100    0.673106    0.673106    0.673106
   26.680900    0.673472    0.673472    0.673472
   26.694600    0.673804    0.673804    0.673804
   26.708300    0.674120    0.674120    0.674120
   26.722100    0.674494    0.674494    0.674494
   26.735800    0.674864    0.674864    0.674864
   26.749600    0.675250    0.675250    0.675250
   26.763300    0.675598    0.675598    0.675598
   26.777100    0.675975    0.675975    0.675975
   26.790800    0.676317    0.676317    0.676317
   26.804600    0.676689    0.676689    0.676689
   26.818300    0.677027    0.677027    0.677027
   26.832100    0.677396    0.677396    0.677396
   26.845800    0.677732    0.677732    0.677732
   26.859600    0.678098    0.678098    0.678098
   26.873300    0.678431    0.678431    0.678431
   26.887100    0.678795    0.678795    0.678795
   26.900800    0.679129    0.679129    0.679129
   26.914500    0.679462    0.679462    0.679462
   26.928300    0.679821    0.679821    0.679821
   26.942000    0.680145    0.680145    0.680145
   26.955800    0.680497    0.680497    0.680497
   26.969500    0.680811    0.680811    0.680811
   26.983300    0.681141    0.681141    0.681141
   26.997000    0.681469    0.681469    0.681469
   27.010800    0.681858    0.681858    0.681858
   27.024500    0.682199    0.682199    0.682199
   27.038300    0.682566    0.682566    0.682566
   27.052000    0.682899    0.682899    0.682899
   27.065800    0.683260    0.683260    0.683260
   27.079500    0.683593    0.683593    0.683593
   27.093200    0.683924    0.683924    0.683924
   27.107000    0.684280    0.684280    0.684280
   27.120700    0.684604    0.684604    0.684604
   27.134500    0.684957    0.684957    0.684957
   27.148200    0.685278    0.685278    0.685278
   27.162000    0.685629    0.685629    0.685629
   27.175700    0.685947    0.685947    0.685947
   27.189500    0.686295    0.686295    0.686295
   27.203200    0.686610    0.686610    0.686610
   27.217000    0.686955    0.686955    0.686955
   27.230700    0.687266    0.687266    0.687266
   27.244500    0.687607    0.687607    0.687607
   27.258200    0.687913    0.687913    0.687913
   27.272000    0.688245    0.688245    0.688245
   27.285700    0.688534    0.688534    0.688534
   27.299400    0.688852    0.688852    0.688852
   27.313200    0.689227    0.689227    0.689227
   27.326900    0.689554    0.689554    0.689554
   27.340700    0.689906    0.689906    0.689906
   27.354400    0.690224    0.690224    0.690224
   27.368200    0.690570    0.690570    0.690570
   27.381900    0.690884    0.690884    0.690884
   27.395700    0.691226    0.691226    0.691226
   27.409400    0.691537    0.691537    0.691537
   27.423200    0.691876    0.691876    0.691876
   27.436900    0.692185    0.692185    0.692185
   27.450700    0.692522    0.692522    0.692522
   27.464400    0.692832    0.692832    0.692832
   27.478100    0.693141    0.693141    0.693141
   27.491900    0.693474    0.693474    0.693474
   27.505600    0.693775    0.693775    0.693775
   27.519400    0.694105    0.694105    0.694105
   27.533100    0.694403    0.694403    0.694403
   27.546900    0.694728    0.694728    0.694728
   27.560600    0.695019    0.695019    0.695019
   27.574400    0.695335    0.695335    0.695335
   27.588100    0.695605    0.695605    0.695605
   27.601900    0.695934    0.695934    0.695934
   27.615600    0.696262    0.696262    0.696262
   27.629400    0.696604    0.696604    0.696604
   27.643100    0.696912    0.696912    0.696912
   27.656900    0.697245    0.697245    0.697245
   27.670600    0.697550    0.697550    0.697550
   27.684300    0.697854    0.697854    0.697854
   27.698100    0.698181    0.698181    0.698181
   27.711800    0.698477    0.698477    0.698477
   27.725600    0.698801    0.698801    0.698801
   27.739300    0.699094    0.699094    0.699094
   27.753100    0.699414    0.699414    0.699414
   27.766800    0.699705    0.699705    0.699705
   27.780600    0.700022    0.700022    0.700022
   27.794300    0.700310    0.700310    0.700310
   27.808100    0.700625    0.700625    0.700625
   27.821800    0.700910    0.700910    0.700910
   27.835600    0.701223    0.701223    0.701223
   27.849300    0.701508    0.701508    0.701508
   27.863000    0.701792    0.701792    0.701792
   27.876800    0.702097    0.702097    0.702097
   27.890500    0.702371    0.702371    0.702371
   27.904300    0.702666    0.702666    0.702666
   27.918000    0.702916    0.702916    0.702916
   27.931800    0.703224    0.703224    0.703224
   27.945500    0.703533    0.703533    0.703533
   27.959300    0.703853    0.703853    0.703853
   27.973000    0.704139    0.704139    0.704139
   27.986800    0.704449    0.704449    0.704449
   28.000500    0.704729    0.704729    0.704729
   28.014300    0.705033    0.705033    0.705033
   28.028000    0.705308    0.705308    0.705308
   28.041800    0.705609    0.705609    0.705609
   28.055500    0.705884    0.705884    0.705884
   28.069200    0.706156    0.706156    0.706156
   28.083000    0.706451    0.706451    0.706451
   28.096700    0.706715    0.706715    0.706715
   28.110500    0.707004    0.707004    0.707004
   28.124200    0.707263    0.707263    0.707263
   28.138000    0.707547    0.707547    0.707547
   28.151700    0.707801    0.707801    0.707801
   28.165500    0.708079    0.708079    0.708079
   28.179200    0.708326    0.708326    0.708326
   28.193000    0.708596    0.708596    0.708596
   28.206700    0.708835    0.708835    0.708835
   28.220500    0.709095    0.709095    0.709095
   28.234200    0.709322    0.709322    0.709322
   28.248000    0.709566    0.709566    0.709566
   28.261700    0.709765    0.709765    0.709765
   28.275400    0.709988    0.709988    0.709988
   28.289200    0.710255    0.710255    0.710255
   28.302900    0.710471    0.710471    0.710471
   28.316700    0.710694    0.710694    0.710694
   28.330400    0.710872    0.710872    0.710872
   28.344200    0.711049    0.711049    0.711049
   28.357900    0.711165    0.711165    0.711165
   28.371700    0.711245    0.711245    0.711245
   28.385400    0.711183    0.711183    0.711183
   28.399200    0.710799    0.710799    0.710799
