Nb: 4p5s4d                              
  .100833482E-01  .102377966E-01  .103946051E-01  .105538096E-01  .107154467E-01
  .108795533E-01  .110461670E-01  .112153261E-01  .113870691E-01  .115614356E-01
  .117384653E-01  .119181988E-01  .121006773E-01  .122859424E-01  .124740366E-01
  .126650029E-01  .128588850E-01  .130557272E-01  .132555745E-01  .134584726E-01
  .136644680E-01  .138736075E-01  .140859392E-01  .143015114E-01  .145203735E-01
  .147425753E-01  .149681677E-01  .151972022E-01  .154297310E-01  .156658071E-01
  .159054846E-01  .161488181E-01  .163958630E-01  .166466757E-01  .169013135E-01
  .171598344E-01  .174222973E-01  .176887620E-01  .179592893E-01  .182339408E-01
  .185127790E-01  .187958675E-01  .190832708E-01  .193750542E-01  .196712842E-01
  .199720283E-01  .202773547E-01  .205873331E-01  .209020338E-01  .212215286E-01
  .215458899E-01  .218751916E-01  .222095084E-01  .225489164E-01  .228934927E-01
  .232433155E-01  .235984642E-01  .239590195E-01  .243250632E-01  .246966784E-01
  .250739495E-01  .254569619E-01  .258458026E-01  .262405597E-01  .266413227E-01
  .270481824E-01  .274612310E-01  .278805622E-01  .283062708E-01  .287384532E-01
  .291772074E-01  .296226325E-01  .300748294E-01  .305339004E-01  .309999493E-01
  .314730814E-01  .319534038E-01  .324410249E-01  .329360550E-01  .334386059E-01
  .339487910E-01  .344667255E-01  .349925264E-01  .355263122E-01  .360682035E-01
  .366183223E-01  .371767928E-01  .377437409E-01  .383192942E-01  .389035825E-01
  .394967373E-01  .400988923E-01  .407101829E-01  .413307467E-01  .419607234E-01
  .426002546E-01  .432494841E-01  .439085578E-01  .445776239E-01  .452568326E-01
  .459463366E-01  .466462905E-01  .473568515E-01  .480781790E-01  .488104349E-01
  .495537833E-01  .503083908E-01  .510744266E-01  .518520622E-01  .526414719E-01
  .534428324E-01  .542563229E-01  .550821255E-01  .559204250E-01  .567714087E-01
  .576352668E-01  .585121924E-01  .594023813E-01  .603060323E-01  .612233471E-01
  .621545303E-01  .630997897E-01  .640593360E-01  .650333830E-01  .660221479E-01
  .670258507E-01  .680447151E-01  .690789676E-01  .701288385E-01  .711945612E-01
  .722763727E-01  .733745132E-01  .744892268E-01  .756207609E-01  .767693668E-01
  .779352992E-01  .791188168E-01  .803201819E-01  .815396607E-01  .827775233E-01
  .840340440E-01  .853095006E-01  .866041755E-01  .879183548E-01  .892523292E-01
  .906063933E-01  .919808461E-01  .933759912E-01  .947921363E-01  .962295938E-01
  .976886805E-01  .991697180E-01  .100673033E+00  .102198955E+00  .103747821E+00
  .105319972E+00  .106915752E+00  .108535514E+00  .110179611E+00  .111848406E+00
  .113542265E+00  .115261559E+00  .117006664E+00  .118777963E+00  .120575845E+00
  .122400702E+00  .124252934E+00  .126132945E+00  .128041147E+00  .129977957E+00
  .131943796E+00  .133939094E+00  .135964287E+00  .138019814E+00  .140106125E+00
  .142223673E+00  .144372919E+00  .146554330E+00  .148768381E+00  .151015552E+00
  .153296331E+00  .155611213E+00  .157960700E+00  .160345301E+00  .162765531E+00
  .165221916E+00  .167714986E+00  .170245281E+00  .172813346E+00  .175419736E+00
  .178065014E+00  .180749750E+00  .183474522E+00  .186239917E+00  .189046531E+00
  .191894966E+00  .194785835E+00  .197719759E+00  .200697367E+00  .203719298E+00
  .206786199E+00  .209898728E+00  .213057551E+00  .216263342E+00  .219516788E+00
  .222818583E+00  .226169432E+00  .229570048E+00  .233021158E+00  .236523495E+00
  .240077805E+00  .243684843E+00  .247345377E+00  .251060182E+00  .254830046E+00
  .258655770E+00  .262538163E+00  .266478046E+00  .270476252E+00  .274533627E+00
  .278651027E+00  .282829319E+00  .287069385E+00  .291372118E+00  .295738422E+00
  .300169216E+00  .304665429E+00  .309228006E+00  .313857903E+00  .318556090E+00
  .323323549E+00  .328161278E+00  .333070288E+00  .338051602E+00  .343106259E+00
  .348235313E+00  .353439831E+00  .358720894E+00  .364079600E+00  .369517061E+00
  .375034403E+00  .380632771E+00  .386313321E+00  .392077228E+00  .397925681E+00
  .403859889E+00  .409881072E+00  .415990471E+00  .422189341E+00  .428478956E+00
  .434860606E+00  .441335600E+00  .447905262E+00  .454570937E+00  .461333986E+00
  .468195789E+00  .475157744E+00  .482221269E+00  .489387800E+00  .496658793E+00
  .504035723E+00  .511520085E+00  .519113393E+00  .526817182E+00  .534633008E+00
  .542562447E+00  .550607095E+00  .558768572E+00  .567048516E+00  .575448588E+00
  .583970472E+00  .592615874E+00  .601386521E+00  .610284163E+00  .619310574E+00
  .628467551E+00  .637756915E+00  .647180508E+00  .656740200E+00  .666437882E+00
  .676275471E+00  .686254910E+00  .696378166E+00  .706647231E+00  .717064123E+00
  .727630887E+00  .738349592E+00  .749222338E+00  .760251246E+00  .771438469E+00
  .782786186E+00  .794296603E+00  .805971954E+00  .817814504E+00  .829826543E+00
  .842010392E+00  .854368402E+00  .866902952E+00  .879616453E+00  .892511343E+00
  .905590095E+00  .918855208E+00  .932309216E+00  .945954684E+00  .959794207E+00
  .973830414E+00  .988065966E+00  .100250356E+01  .101714591E+01  .103199580E+01
  .104705600E+01  .106232935E+01  .107781871E+01  .109352699E+01  .110945711E+01
  .112561204E+01  .114199479E+01  .115860839E+01  .117545593E+01  .119254053E+01
  .120986532E+01  .122743350E+01  .124524831E+01  .126331299E+01  .128163087E+01
  .130020528E+01  .131903960E+01  .133813726E+01  .135750172E+01  .137713648E+01
  .139704509E+01  .141723112E+01  .143769822E+01  .145845004E+01  .147949030E+01
  .150082274E+01  .152245117E+01  .154437942E+01  .156661137E+01  .158915096E+01
  .161200215E+01  .163516895E+01  .165865543E+01  .168246569E+01  .170660389E+01
  .173107421E+01  .175588091E+01  .178102827E+01  .180652063E+01  .183236237E+01
  .185855792E+01  .188511177E+01  .191202843E+01  .193931249E+01  .196696858E+01
  .199500135E+01  .202341555E+01  .205221594E+01  .208140734E+01  .211099463E+01
  .214098273E+01  .217137662E+01  .220218133E+01  .223340192E+01  .226504353E+01
  .229711135E+01  .232961060E+01  .236254657E+01  .239592460E+01  .242975009E+01
  .246402846E+01  .249876524E+01  .253396595E+01  .256963622E+01  .260578170E+01
  .264240811E+01  .267952120E+01  .271712681E+01  .275523081E+01  .279383914E+01
  .283295777E+01  .287259276E+01  .291275019E+01  .295343623E+01  .299465707E+01
  .303641898E+01  .307872829E+01  .312159136E+01  .316501462E+01  .320900457E+01
  .325356773E+01  .329871071E+01  .334444016E+01  .339076278E+01  .343768534E+01
  .348521466E+01  .353335762E+01  .358212113E+01  .363151218E+01  .368153783E+01
  .373220514E+01  .378352129E+01  .383549346E+01  .388812892E+01  .394143498E+01
  .399541900E+01  .405008840E+01  .410545065E+01  .416151328E+01  .421828386E+01
  .427577002E+01  .433397944E+01  .439291986E+01  .445259905E+01  .451302484E+01
  .457420513E+01  .463614783E+01  .469886093E+01  .476235246E+01  .482663048E+01
  .489170314E+01  .495757858E+01  .502426503E+01  .509177073E+01  .516010400E+01
  .522927318E+01  .529928664E+01  .537015283E+01  .544188020E+01  .551447726E+01
  .558795257E+01  .566231468E+01  .573757224E+01  .581373388E+01  .589080829E+01
  .596880420E+01  .604773035E+01  .612759552E+01  .620840852E+01  .629017819E+01
  .637291337E+01  .645662297E+01  .654131588E+01  .662700104E+01  .671368739E+01
  .680138390E+01  .689009955E+01  .697984333E+01  .707062426E+01  .716245134E+01
  .725533361E+01  .734928009E+01  .744429983E+01  .754040187E+01  .763759523E+01
  .773588897E+01  .783529210E+01  .793581366E+01  .803746265E+01  .814024809E+01
  .824417896E+01  .834926423E+01  .845551285E+01  .856293375E+01  .867153583E+01
  .878132797E+01  .889231900E+01  .900451774E+01  .911793296E+01  .923257339E+01
  .934844771E+01  .946556455E+01  .958393251E+01  .970356012E+01  .982445585E+01
  .994662811E+01  .100700853E+02  .101948356E+02  .103208872E+02  .104482484E+02
  .105769271E+02  .107069313E+02  .108382688E+02  .109709475E+02  .111049750E+02
  .112403590E+02  .113771068E+02  .115152258E+02  .116547233E+02  .117956064E+02
  .119378821E+02  .120815572E+02  .122266385E+02  .123731325E+02  .125210457E+02
  .126703844E+02  .128211547E+02  .129733625E+02  .131270137E+02  .132821139E+02
  .134386685E+02  .135966828E+02  .137561618E+02  .139171103E+02  .140795332E+02
  .142434347E+02  .144088192E+02  .145756906E+02  .147440528E+02  .149139092E+02
  .150852631E+02  .152581177E+02  .154324757E+02  .156083396E+02  .157857117E+02
  .159645940E+02  .161449881E+02  .163268955E+02  .165103173E+02  .166952542E+02
  .168817068E+02  .170696753E+02  .172591593E+02  .174501586E+02  .176426721E+02
  .178366987E+02  .180322368E+02  .182292846E+02  .184278396E+02  .186278993E+02
  .188294604E+02  .190325196E+02  .192370729E+02  .194431161E+02  .196506443E+02
  .198596525E+02  .200701349E+02  .202820856E+02  .204954980E+02  .207103651E+02
  .209266795E+02  .211444332E+02  .213636177E+02  .215842242E+02  .218062431E+02
  .220296645E+02  .222544779E+02  .224806722E+02  .227082359E+02  .229371568E+02
  .231674223E+02  .233990191E+02  .236319332E+02  .238661504E+02  .241016556E+02
  .243384332E+02  .245764668E+02  .248157398E+02  .250562346E+02  .252979331E+02
  .255408165E+02  .257848655E+02  .260300599E+02  .262763791E+02  .265238017E+02
  .267723056E+02  .270218680E+02  .272724655E+02  .275240740E+02  .277766685E+02
  .280302235E+02  .282847128E+02  .285401093E+02  .287963853E+02  .290535123E+02
  .293114611E+02  .295702018E+02  .298297035E+02  .300899350E+02  .303508639E+02
  .306124573E+02  .308746814E+02  .311375017E+02  .314008829E+02  .316647890E+02
  .319291832E+02  .321940277E+02  .324592842E+02  .327249136E+02  .329908759E+02
  .332571303E+02  .335236354E+02  .337903488E+02  .340572274E+02  .343242275E+02
  .345913043E+02  .348584125E+02  .351255059E+02  .353925375E+02  .356594597E+02
  .359262240E+02  .361927813E+02  .364590815E+02  .367250739E+02  .369907072E+02
  .372559292E+02  .375206871E+02  .377849272E+02  .380485954E+02  .383116366E+02
  .385739954E+02  .388356153E+02  .390964394E+02  .393564103E+02  .396154696E+02
  .398735587E+02  .401306182E+02  .403865880E+02  .406414077E+02  .408950162E+02
  .411473520E+02  .413983530E+02  .416479566E+02  .418960999E+02  .421427194E+02
  .423877513E+02  .426311314E+02  .428727949E+02  .431126772E+02  .433507128E+02
  .435868363E+02  .438209820E+02  .440530838E+02  .442830757E+02  .445108912E+02
  .447364639E+02  .449597273E+02  .451806148E+02  .453990599E+02  .456149958E+02
  .458283561E+02  .460390743E+02  .462470841E+02  .464523194E+02  .466547143E+02
  .468542032E+02  .470507205E+02  .472442015E+02  .474345814E+02  .476217961E+02
  .478057819E+02  .479864757E+02  .481638149E+02  .483377376E+02  .485081824E+02
  .486750891E+02  .488383977E+02  .489980495E+02  .491539865E+02  .493061516E+02
  .494544889E+02  .495989435E+02  .497394614E+02  .498759902E+02  .500084782E+02
  .501368756E+02  .502611335E+02  .503812046E+02  .504970431E+02  .506086046E+02
  .507158465E+02  .508187276E+02  .509172088E+02  .510112524E+02  .511008228E+02
  .511858862E+02  .512664108E+02  .513423668E+02  .514137266E+02  .514804648E+02
  .515425579E+02  .515999851E+02  .516527276E+02  .517007694E+02  .517440965E+02
  .517826979E+02  .518165649E+02  .518456915E+02  .518700744E+02  .518897132E+02
  .519046102E+02  .519147707E+02  .519202027E+02  .519209174E+02  .519169290E+02
  .519082549E+02  .518949154E+02  .518769342E+02  .518543382E+02  .518271574E+02
  .517954255E+02  .517591793E+02  .517184591E+02  .516733085E+02  .516237749E+02
  .515699088E+02  .515117647E+02  .514494004E+02  .513828773E+02  .513122606E+02
  .512376189E+02  .511590247E+02  .510765541E+02  .509902868E+02  .509003062E+02
  .508066996E+02  .507095578E+02  .506089755E+02  .505050508E+02  .503978857E+02
  .502875859E+02  .501742607E+02  .500580229E+02  .499389892E+02  .498172796E+02
  .496930177E+02  .495663308E+02  .494373496E+02  .493062079E+02  .491730434E+02
  .490379968E+02  .489012119E+02  .487628361E+02  .486230196E+02  .484819159E+02
  .483396811E+02  .481964744E+02  .480524580E+02  .479077963E+02  .477626568E+02
  .476172091E+02  .474716254E+02  .473260801E+02  .471807497E+02  .470358128E+02
  .468914498E+02  .467478429E+02  .466051759E+02  .464636341E+02  .463234041E+02
  .461846736E+02  .460476314E+02  .459124670E+02  .457793706E+02  .456485331E+02
  .455201454E+02  .453943987E+02  .452714840E+02  .451515922E+02  .450349137E+02
  .449216382E+02  .448119546E+02  .447060506E+02  .446041128E+02  .445063262E+02
  .444128740E+02  .443239377E+02  .442396964E+02  .441603269E+02  .440860034E+02
  .440168972E+02  .439531767E+02  .438950066E+02  .438425484E+02  .437959596E+02
  .437553937E+02  .437210000E+02  .436929231E+02  .436713031E+02  .436562748E+02
  .436479680E+02  .436465069E+02  .436520100E+02  .436645898E+02  .436843527E+02
  .437113986E+02  .437458208E+02  .437877056E+02  .438371324E+02  .438941732E+02
  .439588922E+02  .440313463E+02  .441115842E+02  .441996463E+02  .442955649E+02
  .443993637E+02  .445110575E+02  .446306526E+02  .447581459E+02  .448935250E+02
  .450367686E+02  .451878453E+02  .453467145E+02  .455133256E+02  .456876183E+02
  .458695221E+02  .460589565E+02  .462558310E+02  .464600446E+02  .466714863E+02
  .468900345E+02  .471155575E+02  .473479130E+02  .475869485E+02  .478325010E+02
  .480843972E+02  .483424535E+02  .486064760E+02  .488762607E+02  .491515934E+02
  .494322498E+02  .497179960E+02  .500085879E+02  .503037722E+02  .506032860E+02
  .509068568E+02  .512142035E+02  .515250359E+02  .518390549E+02  .521559534E+02
  .524754160E+02  .527971192E+02  .531207323E+02  .534459171E+02  .537723284E+02
  .540996145E+02  .544274175E+02  .547553735E+02  .550831132E+02  .554102621E+02
  .557364413E+02  .560612673E+02  .563843531E+02  .567053084E+02  .570237398E+02
  .573392518E+02  .576514469E+02  .579599264E+02  .582642907E+02  .585641399E+02
  .588590744E+02  .591486955E+02  .594326058E+02  .597104100E+02  .599817152E+02
  .602461318E+02  .605032737E+02  .607527594E+02  .609942123E+02  .612272612E+02
  .614515411E+02  .616666939E+02  .618723688E+02  .620682229E+02  .622539222E+02
  .624291416E+02  .625935660E+02  .627468907E+02  .628888219E+02  .630190776E+02
  .631373878E+02  .632434954E+02  .633371565E+02  .634181411E+02  .634862336E+02
  .635412334E+02  .635829551E+02  .636112296E+02  .636259037E+02  .636268415E+02
  .636139240E+02  .635870502E+02  .635461370E+02  .634911199E+02  .634219530E+02
  .633386097E+02  .632410826E+02  .631293842E+02  .630035468E+02  .628636229E+02
  .627096850E+02  .625418265E+02  .623601609E+02  .621648226E+02  .619559666E+02
  .617337685E+02  .614984246E+02  .612501519E+02  .609891878E+02  .607157899E+02
  .604302362E+02  .601328247E+02  .598238729E+02  .595037178E+02  .591727157E+02
  .588312414E+02  .584796881E+02  .581184669E+02  .577480063E+02  .573687516E+02
  .569811645E+02  .565857224E+02  .561829179E+02  .557732577E+02  .553572625E+02
  .549354658E+02  .545084133E+02  .540766621E+02  .536407798E+02  .532013435E+02
  .527589393E+02  .523141609E+02  .518676089E+02  .514198898E+02  .509716147E+02
  .505233988E+02  .500758599E+02  .496296174E+02  .491852913E+02  .487435012E+02
  .483048648E+02  .478699971E+02  .474395094E+02  .470140074E+02  .465940912E+02
  .461803529E+02  .457733764E+02  .453737359E+02  .449819946E+02  .445987039E+02
  .442244019E+02  .438596127E+02  .435048448E+02  .431605904E+02  .428273245E+02
  .425055031E+02  .421955631E+02  .418979207E+02  .416129705E+02  .413410849E+02
  .410826130E+02  .408378796E+02  .406071847E+02  .403908024E+02  .401889805E+02
  .400019393E+02  .398298717E+02  .396729419E+02  .395312854E+02  .394050079E+02
  .392941856E+02  .391988643E+02  .391190592E+02  .390547547E+02  .390059042E+02
  .389724300E+02  .389542229E+02  .389511430E+02  .389630186E+02  .389896476E+02
  .390307966E+02  .390862020E+02  .391555697E+02  .392385762E+02  .393348683E+02
  .394440646E+02  .395657552E+02  .396995030E+02  .398448444E+02  .400012901E+02
  .401683257E+02  .403454131E+02  .405319916E+02  .407274783E+02  .409312700E+02
  .411427440E+02  .413612593E+02  .415861582E+02  .418167671E+02  .420523983E+02
  .422923511E+02  .425359134E+02  .427823631E+02  .430309693E+02  .432809941E+02
  .435316942E+02  .437823219E+02  .440321271E+02  .442803586E+02  .445262660E+02
  .447691008E+02  .450081180E+02  .452425782E+02  .454717484E+02  .456949039E+02
  .459113302E+02  .461203235E+02  .463211934E+02  .465132631E+02  .466958721E+02
  .468683764E+02  .470301508E+02  .471805896E+02  .473191084E+02  .474451445E+02
  .475581592E+02  .476576379E+02  .477430918E+02  .478140585E+02  .478701034E+02
  .479108202E+02  .479358318E+02  .479447910E+02  .479373816E+02  .479133184E+02
  .478723481E+02  .478142495E+02  .477388345E+02  .476459474E+02  .475354661E+02
  .474073018E+02  .472613992E+02  .470977362E+02  .469163243E+02  .467172084E+02
  .465004660E+02  .462662079E+02  .460145768E+02  .457457477E+02  .454599267E+02
  .451573512E+02  .448382886E+02  .445030358E+02  .441519186E+02  .437852908E+02
  .434035331E+02  .430070525E+02  .425962811E+02  .421716753E+02  .417337141E+02
  .412828989E+02  .408197514E+02  .403448132E+02  .398586440E+02  .393618205E+02
  .388549351E+02  .383385947E+02  .378134190E+02  .372800397E+02  .367390983E+02
  .361912456E+02  .356371394E+02  .350774442E+02  .345128283E+02  .339439641E+02
  .333715249E+02  .327961852E+02  .322186179E+02  .316394941E+02  .310594806E+02
  .304792397E+02  .298994267E+02  .293206899E+02  .287436681E+02  .281689906E+02
  .275972745E+02  .270291252E+02  .264651340E+02  .259058780E+02  .253519178E+02
  .248037983E+02  .242620460E+02  .237271695E+02  .231996574E+02  .226799791E+02
  .221685823E+02  .216658942E+02  .211723188E+02  .206882388E+02  .202140126E+02
  .197499762E+02  .192964408E+02  .188536944E+02  .184219998E+02  .180015959E+02
  .175926964E+02  .171954910E+02  .168101440E+02  .164367957E+02  .160755614E+02
  .157265327E+02  .153897765E+02  .150653365E+02  .147532325E+02  .144534617E+02
  .141659982E+02  .138907946E+02  .136277813E+02  .133768679E+02  .131379434E+02
  .129108771E+02  .126955188E+02  .124916999E+02  .122992338E+02  .121179169E+02
  .119475287E+02  .117878334E+02  .116385798E+02  .114995030E+02  .113703240E+02
  .112507516E+02  .111404826E+02  .110392028E+02  .109465879E+02  .108623042E+02
  .107860097E+02  .107173549E+02  .106559836E+02  .106015344E+02  .105536409E+02
  .105119331E+02  .104760386E+02  .104455830E+02  .104201914E+02  .103994889E+02
  .103831022E+02  .103706596E+02  .103617928E+02  .103561369E+02  .103533319E+02
  .103530231E+02  .103548620E+02  .103585066E+02  .103636226E+02  .103698835E+02
  .103769717E+02  .103845783E+02  .103924043E+02  .104001605E+02  .104075684E+02
  .104143599E+02  .104202785E+02  .104250787E+02  .104285273E+02  .104304023E+02
  .104304946E+02  .104286068E+02  .104245545E+02  .104181654E+02  .104092800E+02
  .103977515E+02  .103834457E+02  .103662409E+02  .103460282E+02  .103227109E+02
  .102962050E+02  .102664380E+02  .102333503E+02  .101968934E+02  .101570306E+02
  .101137365E+02  .100669967E+02  .100168075E+02  .996317573E+01  .990611786E+01
  .984566049E+01  .978183916E+01  .971469861E+01  .964429178E+01  .957067998E+01
  .949393186E+01  .941412362E+01  .933133789E+01  .924566396E+01  .915719667E+01
  .906603659E+01  .897228899E+01  .887606390E+01  .877747519E+01  .867664060E+01
  .857368079E+01  .846871944E+01  .836188229E+01  .825329724E+01  .814309343E+01
  .803140135E+01  .791835195E+01  .780407674E+01  .768870697E+01  .757237372E+01
  .745520717E+01  .733733659E+01  .721888979E+01  .709999304E+01  .698077059E+01
  .686134459E+01  .674183469E+01  .662235796E+01  .650302852E+01  .638395751E+01
  .626525274E+01  .614701870E+01  .602935623E+01  .591236256E+01  .579613105E+01
  .568075122E+01  .556630852E+01  .545288442E+01  .534055618E+01  .522939698E+01
  .511947573E+01  .501085720E+01  .490360188E+01  .479776611E+01  .469340197E+01
  .459055748E+01  .448927645E+01  .438959862E+01  .429155982E+01  .419519191E+01
  .410052285E+01  .400757686E+01  .391637444E+01  .382693254E+01  .373926458E+01
  .365338064E+01  .356928753E+01  .348698890E+01  .340648538E+01  .332777470E+01
  .325085181E+01  .317570900E+01  .310233607E+01  .303072040E+01  .296084712E+01
  .289269924E+01  .282625775E+01  .276150180E+01  .269840878E+01  .263695448E+01
  .257711318E+01  .251885783E+01  .246216010E+01  .240699059E+01  .235331882E+01
  .230111349E+01  .225034245E+01  .220097292E+01  .215297151E+01  .210630438E+01
  .206093728E+01  .201683571E+01  .197396493E+01  .193229012E+01  .189177638E+01
  .185238890E+01  .181409294E+01  .177685399E+01  .174063772E+01  .170541019E+01
  .167113774E+01  .163778721E+01  .160532583E+01  .157372143E+01  .154294232E+01
  .151295748E+01  .148373643E+01  .145524947E+01  .142746749E+01  .140036219E+01
  .137390594E+01  .134807194E+01  .132283412E+01  .129816726E+01  .127404690E+01
  .125044944E+01  .122735209E+01  .120473290E+01  .118257073E+01  .116084534E+01
  .113953724E+01  .111862785E+01  .109809935E+01  .107793481E+01  .105811803E+01
  .103863370E+01  .101946721E+01  .100060482E+01  .982033461E+00  .963740911E+00
  .945715589E+00  .927946711E+00  .910424117E+00  .893138404E+00  .876080753E+00
  .859243067E+00  .842617788E+00  .826198044E+00  .809977457E+00  .793950294E+00
  .778111274E+00  .762455714E+00  .746979341E+00  .731678437E+00  .716549649E+00
  .701590131E+00  .686797362E+00  .672169283E+00  .657704113E+00  .643400490E+00
  .629257288E+00  .615273756E+00  .601449333E+00  .587783794E+00  .574277062E+00
  .560929353E+00  .547740990E+00  .534712550E+00  .521844680E+00  .509138240E+00
  .496594122E+00  .484213396E+00  .471997130E+00  .459946535E+00  .448062783E+00
  .436347161E+00  .424800886E+00  .413425261E+00  .402221488E+00  .391190830E+00
  .380334424E+00  .369653445E+00  .359148918E+00  .348821885E+00  .338673216E+00
  .328703786E+00  .318914292E+00  .309305403E+00  .299877601E+00  .290631334E+00
  .281566851E+00  .272684359E+00  .263983860E+00  .255465307E+00  .247128448E+00
  .238972975E+00  .230998378E+00  .223204091E+00  .215589343E+00  .208153257E+00
  .200894887E+00  .193813128E+00  .186906754E+00  .180174421E+00  .173614675E+00
  .167225953E+00  .161006586E+00  .154954806E+00  .149068749E+00  .143346461E+00
  .137785903E+00  .132384954E+00  .127141417E+00  .122053026E+00  .117117450E+00
  .112332295E+00  .107695115E+00  .103203411E+00  .988546416E-01  .946462222E-01
  .905755340E-01  .866399267E-01  .828367233E-01  .791632241E-01  .756167117E-01
  .721944539E-01  .688937084E-01  .657117261E-01  .626457549E-01  .596930424E-01
  .568508399E-01  .541164050E-01  .514870045E-01  .489599170E-01  .465324361E-01
  .442018719E-01  .419655542E-01  .398208338E-01  .377650854E-01  .357957090E-01
  .339101319E-01  .321058101E-01  .303802306E-01  .287309121E-01  .271554072E-01
  .256513032E-01  .242162234E-01  .228478287E-01  .215438184E-01  .203019311E-01
  .191199462E-01  .179956843E-01  .169270083E-01  .159118241E-01  .149480814E-01
  .140337743E-01  .131669418E-01  .123456686E-01  .115680853E-01  .108323689E-01
  .101367431E-01  .947947858E-02  .885889326E-02  .827335234E-02  .772126838E-02
  .720110135E-02  .671135849E-02  .625059419E-02  .581740981E-02  .541045336E-02
  .502841919E-02  .467004757E-02  .433412424E-02  .401947988E-02  .372498950E-02
  .344957185E-02  .319218870E-02  .295184408E-02  .272758354E-02  .251849330E-02
  .232369936E-02  .214236661E-02  .197369790E-02  .181693308E-02  .167134797E-02
  .153625337E-02  .141099404E-02  .129494762E-02  .118752360E-02  .108816224E-02
  .996333516E-03  .911536025E-03  .833295935E-03  .761165913E-03  .694724073E-03
  .633572931E-03  .577338367E-03  .525668615E-03  .478233253E-03  .434722231E-03
  .394844902E-03  .358329088E-03  .324920165E-03  .294380167E-03  .266486927E-03
  .241033239E-03  .217826039E-03  .196685634E-03  .177444935E-03  .159948738E-03
  .144053022E-03  .129624282E-03  .116538883E-03  .104682452E-03  .939492905E-04
  .842418148E-04  .754700276E-04  .675510122E-04  .604084544E-04  .539721888E-04
  .481777700E-04  .429660672E-04  .382828826E-04  .340785908E-04  .303078004E-04
  .269290362E-04  .239044408E-04  .211994949E-04  .187827565E-04  .166256162E-04
  .147020696E-04  .129885052E-04  .114635069E-04  .101076704E-04  .890343314E-05
  .783491645E-05  .688777944E-05  .604908409E-05  .530717063E-05  .465154264E-05
  .407276123E-05  .356234782E-05  .311269477E-05  .271698339E-05  .236910894E-05
  .206361189E-05  .179561520E-05  .156076701E-05  .135518847E-05  .117542625E-05
  .101840929E-05  .881409625E-06  .762006833E-06  .658055800E-06  .567657618E-06
  .489133267E-06  .420999883E-06  .361949372E-06  .310829166E-06  .266624937E-06
  .228445068E-06  .195506746E-06  .167123510E-06  .142694113E-06  .121692582E-06
  .103659356E-06  .881933899E-07  .749451347E-07  .636103006E-07  .539243267E-07
  .456574810E-07  .386105259E-07  .326108882E-07  .275092806E-07  .231767242E-07
  .195019290E-07  .163889916E-07  .137553756E-07  .115301407E-07  .965239376E-08
  .806993466E-08  .673807484E-08  .561860736E-08  .467891068E-08  .389116974E-08
  .323170001E-08  .268036162E-08  .222005242E-08  .183626988E-08  .151673303E-08
  .125105669E-08  .103047119E-08  .847581554E-09  .696160900E-09  .570973433E-09
  .467623058E-09  .382424073E-09  .312290882E-09  .254644086E-09  .207330628E-09
  .168556001E-09  .136826781E-09  .110901985E-09  .897519644E-10  .725237218E-10
  .585116920E-10  .471331625E-10  .379076341E-10  .304395129E-10  .244036181E-10
  .195330965E-10  .156092443E-10  .124532431E-10  .991895031E-11  .788729323E-11
  .626128635E-11  .496211314E-11  .392582930E-11  .310064378E-11  .244468008E-11
  .192413614E-11  .151177442E-11  .118568511E-11  .928274874E-12  .725441283E-12
  .565900256E-12  .440638963E-12  .342471655E-12  .265679696E-12  .205720362E-12
  .158991709E-12  .122643059E-12  .944225463E-13  .725546968E-13  .556423180E-13
  .425880192E-13  .325315544E-13  .247998958E-13  .188675277E-13  .143249327E-13
  .108536273E-13  .820642731E-14  .619187752E-14  .466199296E-14  .350262654E-14
  .262591625E-14  .196437544E-14  .146627827E-14  .109206423E-14  .811542708E-15
  .601724134E-15  .445141105E-15  .328551513E-15  .241939036E-15  .177744532E-15
  .130276302E-15  .952586517E-16  .694870954E-16  .505656289E-16  .367070026E-16
  .265812461E-16  .192010611E-16  .138353164E-16  .994391381E-17  .712886418E-17
  .509763018E-17  .363572893E-17  .258630633E-17  .183494800E-17  .129841299E-17
  .916298796E-18  .644891071E-18  .452637288E-18  .316824431E-18  .221146949E-18
  .153931215E-18  .106842817E-18  .739479609E-19  .510338806E-19  .351181560E-19
  .240954287E-19  .164837684E-19  .112431036E-19  .764561952E-20  .518351937E-20
  .350357231E-20  .236080666E-20  .158584711E-20  .106194561E-20  .708878365E-21
  .471691447E-21  .312859523E-21  .206839766E-21  .136301325E-21  .895231843E-22
  .586041410E-22  .382354567E-22  .248620664E-22  .161112342E-22  .104046781E-22
  .669613568E-23  .429440529E-23  .274443114E-23  .174766997E-23  .110894867E-23
  .701125027E-24  .441670588E-24  .277209021E-24  .173344035E-24  .107991559E-24
  .670249788E-25  .414415546E-25  .255255013E-25  .156616576E-25  .957221820E-26
  .582753632E-26  .353379162E-26  .213435348E-26  .128394680E-26  .769252096E-27
  .459004482E-27  .272757837E-27  .161411700E-27  .951208067E-28  .558192437E-28
  .326170997E-28  .189777469E-28  .109942779E-28  .634156204E-29  .364181482E-29
  .208216931E-29  .118515503E-29  .671551745E-30  .378802756E-30  .212696392E-30
  .118878783E-30  .661347296E-31  .366200948E-31  .201816892E-31  .110694776E-31
  .604242908E-32  .328241857E-32  .177442370E-32  .954518914E-33  .510926388E-33
  .272120539E-33  .144203559E-33  .760299388E-34  .398813185E-34  .208119438E-34
  .108042835E-34  .557957695E-35  .286622437E-35  .146455001E-35  .744328576E-36
  .376246828E-36  .189151475E-36  .945706248E-37  .470211438E-37  .232488320E-37
  .114303774E-37  .558794066E-38  .271615747E-38  .131265334E-38  .630691438E-39
  .301255715E-39  .143048942E-39  .675218562E-40  .316806195E-40  .147744585E-40
  .684820849E-41  .315477641E-41  .144432508E-41  .657119663E-42  .297088147E-42
  .133464446E-42  .595748721E-43  .264213877E-43  .116418133E-43  .509607120E-44
  .221603889E-44  .957245432E-45  .410724003E-45  .175038816E-45  .740888089E-46
  .311444816E-46  .130015745E-46  .538980497E-47  .221864668E-47  .906811004E-48
  .367988554E-48  .148257238E-48  .592975212E-49  .235434989E-49  .927884454E-50
  .362977430E-50  .140929653E-50  .543045470E-51  .207660969E-51  .788010573E-52
  .296716109E-52  .110855019E-52  .410911135E-53  .151109088E-53  .551261028E-54
  .199489407E-54  .716062030E-55  .254931668E-55  .900145688E-56  .315210321E-56
  .109475085E-56  .377149835E-57  .128969341E-57  .439396453E-58  .149788748E-58
  .525216751E-59  .198814633E-59  .942053360E-60  .712047021E-60  .000000000E+00
  .000000000E+00  .000000000E+00  .000000000E+00  .000000000E+00  .000000000E+00
  .000000000E+00  .000000000E+00  .000000000E+00  .000000000E+00  .000000000E+00
  .000000000E+00  .000000000E+00  .000000000E+00  .000000000E+00  .000000000E+00
  .000000000E+00  .000000000E+00  .000000000E+00  .000000000E+00  .000000000E+00
  .000000000E+00  .000000000E+00  .000000000E+00  .000000000E+00  .000000000E+00
  .000000000E+00  .000000000E+00  .000000000E+00  .000000000E+00  .000000000E+00
  .000000000E+00  .000000000E+00  .000000000E+00  .000000000E+00  .000000000E+00
  .000000000E+00  .000000000E+00  .000000000E+00  .000000000E+00  .000000000E+00
  .000000000E+00  .000000000E+00  .000000000E+00  .000000000E+00  .000000000E+00
  .000000000E+00  .000000000E+00  .000000000E+00  .000000000E+00  .000000000E+00
  .000000000E+00  .000000000E+00  .000000000E+00  .000000000E+00  .000000000E+00
  .000000000E+00  .000000000E+00  .000000000E+00  .000000000E+00  .000000000E+00
  .000000000E+00  .000000000E+00  .000000000E+00  .000000000E+00  .000000000E+00
  .000000000E+00  .000000000E+00  .000000000E+00  .000000000E+00  .000000000E+00
  .000000000E+00  .000000000E+00  .000000000E+00  .000000000E+00  .000000000E+00
  .000000000E+00  .000000000E+00  .000000000E+00  .000000000E+00  .000000000E+00
  .000000000E+00  .000000000E+00  .000000000E+00  .000000000E+00  .000000000E+00
  .000000000E+00  .000000000E+00  .000000000E+00  .000000000E+00  .000000000E+00
  .000000000E+00  .000000000E+00  .000000000E+00  .000000000E+00  .000000000E+00
  .000000000E+00  .000000000E+00  .000000000E+00  .000000000E+00  .000000000E+00
  .000000000E+00  .000000000E+00  .000000000E+00  .000000000E+00  .000000000E+00
  .000000000E+00  .000000000E+00  .000000000E+00  .000000000E+00  .000000000E+00
  .000000000E+00  .000000000E+00  .000000000E+00  .000000000E+00  .000000000E+00
  .000000000E+00  .000000000E+00  .000000000E+00  .000000000E+00  .000000000E+00
  .000000000E+00  .000000000E+00  .000000000E+00  .000000000E+00  .000000000E+00
  .000000000E+00  .000000000E+00  .000000000E+00  .000000000E+00  .000000000E+00
  .000000000E+00  .000000000E+00  .000000000E+00  .000000000E+00  .000000000E+00
  .000000000E+00  .000000000E+00  .000000000E+00  .000000000E+00  .000000000E+00
  .000000000E+00  .000000000E+00  .000000000E+00  .000000000E+00  .000000000E+00
  .000000000E+00  .000000000E+00  .000000000E+00  .000000000E+00  .000000000E+00
  .000000000E+00  .000000000E+00  .000000000E+00  .000000000E+00  .000000000E+00
  .000000000E+00  .000000000E+00  .000000000E+00  .000000000E+00  .000000000E+00
  .000000000E+00  .000000000E+00  .000000000E+00  .000000000E+00  .000000000E+00
  .000000000E+00  .000000000E+00  .000000000E+00  .000000000E+00  .000000000E+00
  .000000000E+00  .000000000E+00  .000000000E+00  .000000000E+00  .000000000E+00
  .000000000E+00  .000000000E+00  .000000000E+00  .000000000E+00  .000000000E+00
  .000000000E+00  .000000000E+00  .000000000E+00  .000000000E+00  .000000000E+00
  .000000000E+00  .000000000E+00  .000000000E+00  .000000000E+00  .000000000E+00
  .000000000E+00  .000000000E+00  .000000000E+00  .000000000E+00  .000000000E+00
  .000000000E+00  .000000000E+00  .000000000E+00  .000000000E+00  .000000000E+00
  .000000000E+00  .000000000E+00  .000000000E+00  .000000000E+00  .000000000E+00
  .000000000E+00  .000000000E+00  .000000000E+00  .000000000E+00  .000000000E+00
  .000000000E+00  .000000000E+00  .000000000E+00  .000000000E+00  .000000000E+00
  .000000000E+00  .000000000E+00  .000000000E+00  .000000000E+00  .000000000E+00
