#K-Path     Energy-Level
#Band-index    1
  0.000      -21.0036
  0.031      -21.0036
  0.063      -21.0036
  0.094      -21.0036
  0.126      -21.0036
  0.157      -21.0036
  0.189      -21.0036
  0.220      -21.0036
  0.252      -21.0035
  0.283      -21.0035
  0.315      -21.0035
  0.346      -21.0035
  0.378      -21.0034
  0.409      -21.0034
  0.441      -21.0034
  0.472      -21.0034
  0.504      -21.0033
  0.535      -21.0033
  0.567      -21.0033
  0.598      -21.0033
  0.630      -21.0033
  0.661      -21.0033
  0.693      -21.0033
  0.693      -21.0033
  0.725      -21.0033
  0.758      -21.0033
  0.791      -21.0033
  0.823      -21.0033
  0.856      -21.0033
  0.889      -21.0033
  0.921      -21.0034
  0.954      -21.0034
  0.987      -21.0034
  1.019      -21.0034
  1.052      -21.0034
  1.085      -21.0034
  1.117      -21.0034
  1.150      -21.0034
  1.182      -21.0034
  1.182      -21.0034
  1.214      -21.0035
  1.245      -21.0035
  1.277      -21.0035
  1.308      -21.0035
  1.340      -21.0035
  1.371      -21.0035
  1.403      -21.0035
  1.434      -21.0036
  1.466      -21.0036
  1.497      -21.0036
  1.529      -21.0036
  1.560      -21.0037
  1.592      -21.0037
  1.623      -21.0037
  1.655      -21.0038
  1.686      -21.0038
  1.718      -21.0038
  1.749      -21.0038
  1.781      -21.0038
  1.812      -21.0038
  1.844      -21.0038
  1.875      -21.0038
  1.875      -21.0038
  1.907      -21.0038
  1.938      -21.0038
  1.969      -21.0038
  2.001      -21.0038
  2.032      -21.0038
  2.064      -21.0038
  2.095      -21.0038
  2.126      -21.0037
  2.158      -21.0037
  2.189      -21.0037
  2.221      -21.0036
  2.252      -21.0036
  2.284      -21.0036
  2.315      -21.0035
  2.346      -21.0035
  2.378      -21.0035
  2.409      -21.0034
  2.441      -21.0034
  2.472      -21.0034
  2.504      -21.0034
  2.535      -21.0033
  2.566      -21.0033
  2.598      -21.0033
  2.629      -21.0033
  2.661      -21.0033
  2.692      -21.0033
  2.723      -21.0033
#Band-index    2
  2.723      -16.1078
  2.692      -16.1078
  2.661      -16.1080
  2.629      -16.1082
  2.598      -16.1086
  2.566      -16.1090
  2.535      -16.1096
  2.504      -16.1102
  2.472      -16.1108
  2.441      -16.1116
  2.409      -16.1124
  2.378      -16.1132
  2.346      -16.1141
  2.315      -16.1149
  2.284      -16.1158
  2.252      -16.1167
  2.221      -16.1175
  2.189      -16.1183
  2.158      -16.1191
  2.126      -16.1198
  2.095      -16.1205
  2.064      -16.1211
  2.032      -16.1216
  2.001      -16.1220
  1.969      -16.1224
  1.938      -16.1226
  1.907      -16.1227
  1.875      -16.1228
  1.875      -16.1228
  1.844      -16.1228
  1.812      -16.1227
  1.781      -16.1226
  1.749      -16.1224
  1.718      -16.1222
  1.686      -16.1220
  1.655      -16.1217
  1.623      -16.1214
  1.592      -16.1210
  1.560      -16.1207
  1.529      -16.1203
  1.497      -16.1200
  1.466      -16.1197
  1.434      -16.1193
  1.403      -16.1190
  1.371      -16.1187
  1.340      -16.1185
  1.308      -16.1183
  1.277      -16.1181
  1.245      -16.1180
  1.214      -16.1179
  1.182      -16.1179
  1.182      -16.1179
  1.150      -16.1178
  1.117      -16.1175
  1.085      -16.1169
  1.052      -16.1162
  1.019      -16.1154
  0.987      -16.1144
  0.954      -16.1134
  0.921      -16.1123
  0.889      -16.1113
  0.856      -16.1103
  0.823      -16.1095
  0.791      -16.1088
  0.758      -16.1082
  0.725      -16.1079
  0.693      -16.1078
  0.693      -16.1078
  0.661      -16.1079
  0.630      -16.1081
  0.598      -16.1085
  0.567      -16.1090
  0.535      -16.1096
  0.504      -16.1104
  0.472      -16.1113
  0.441      -16.1122
  0.409      -16.1132
  0.378      -16.1143
  0.346      -16.1154
  0.315      -16.1164
  0.283      -16.1175
  0.252      -16.1185
  0.220      -16.1194
  0.189      -16.1202
  0.157      -16.1210
  0.126      -16.1216
  0.094      -16.1221
  0.063      -16.1225
  0.031      -16.1227
  0.000      -16.1228
#Band-index    3
  0.000      -16.1129
  0.031      -16.1129
  0.063      -16.1128
  0.094      -16.1127
  0.126      -16.1125
  0.157      -16.1123
  0.189      -16.1120
  0.220      -16.1117
  0.252      -16.1114
  0.283      -16.1111
  0.315      -16.1107
  0.346      -16.1103
  0.378      -16.1100
  0.409      -16.1096
  0.441      -16.1093
  0.472      -16.1090
  0.504      -16.1087
  0.535      -16.1084
  0.567      -16.1082
  0.598      -16.1080
  0.630      -16.1079
  0.661      -16.1078
  0.693      -16.1078
  0.693      -16.1078
  0.725      -16.1078
  0.758      -16.1078
  0.791      -16.1078
  0.823      -16.1078
  0.856      -16.1078
  0.889      -16.1078
  0.921      -16.1078
  0.954      -16.1078
  0.987      -16.1078
  1.019      -16.1078
  1.052      -16.1078
  1.085      -16.1078
  1.117      -16.1078
  1.150      -16.1078
  1.182      -16.1078
  1.182      -16.1078
  1.214      -16.1079
  1.245      -16.1081
  1.277      -16.1085
  1.308      -16.1090
  1.340      -16.1096
  1.371      -16.1104
  1.403      -16.1113
  1.434      -16.1122
  1.466      -16.1132
  1.497      -16.1143
  1.529      -16.1154
  1.560      -16.1164
  1.592      -16.1175
  1.623      -16.1185
  1.655      -16.1194
  1.686      -16.1202
  1.718      -16.1210
  1.749      -16.1216
  1.781      -16.1221
  1.812      -16.1225
  1.844      -16.1227
  1.875      -16.1228
  1.875      -16.1228
  1.907      -16.1227
  1.938      -16.1226
  1.969      -16.1224
  2.001      -16.1220
  2.032      -16.1216
  2.064      -16.1211
  2.095      -16.1205
  2.126      -16.1198
  2.158      -16.1191
  2.189      -16.1183
  2.221      -16.1175
  2.252      -16.1167
  2.284      -16.1158
  2.315      -16.1149
  2.346      -16.1141
  2.378      -16.1132
  2.409      -16.1124
  2.441      -16.1116
  2.472      -16.1108
  2.504      -16.1102
  2.535      -16.1096
  2.566      -16.1090
  2.598      -16.1086
  2.629      -16.1082
  2.661      -16.1080
  2.692      -16.1078
  2.723      -16.1078
#Band-index    4
  2.723      -16.0756
  2.692      -16.0756
  2.661      -16.0756
  2.629      -16.0756
  2.598      -16.0755
  2.566      -16.0755
  2.535      -16.0755
  2.504      -16.0754
  2.472      -16.0754
  2.441      -16.0754
  2.409      -16.0753
  2.378      -16.0753
  2.346      -16.0752
  2.315      -16.0752
  2.284      -16.0751
  2.252      -16.0751
  2.221      -16.0750
  2.189      -16.0750
  2.158      -16.0749
  2.126      -16.0749
  2.095      -16.0749
  2.064      -16.0748
  2.032      -16.0748
  2.001      -16.0748
  1.969      -16.0748
  1.938      -16.0747
  1.907      -16.0747
  1.875      -16.0747
  1.875      -16.0747
  1.844      -16.0747
  1.812      -16.0747
  1.781      -16.0748
  1.749      -16.0748
  1.718      -16.0748
  1.686      -16.0749
  1.655      -16.0749
  1.623      -16.0750
  1.592      -16.0750
  1.560      -16.0751
  1.529      -16.0751
  1.497      -16.0752
  1.466      -16.0753
  1.434      -16.0753
  1.403      -16.0754
  1.371      -16.0754
  1.340      -16.0755
  1.308      -16.0755
  1.277      -16.0755
  1.245      -16.0755
  1.214      -16.0756
  1.182      -16.0756
  1.182      -16.0756
  1.150      -16.0756
  1.117      -16.0756
  1.085      -16.0756
  1.052      -16.0756
  1.019      -16.0756
  0.987      -16.0756
  0.954      -16.0756
  0.921      -16.0756
  0.889      -16.0756
  0.856      -16.0756
  0.823      -16.0756
  0.791      -16.0756
  0.758      -16.0756
  0.725      -16.0756
  0.693      -16.0756
  0.693      -16.0756
  0.661      -16.0756
  0.630      -16.0756
  0.598      -16.0756
  0.567      -16.0755
  0.535      -16.0755
  0.504      -16.0755
  0.472      -16.0755
  0.441      -16.0755
  0.409      -16.0754
  0.378      -16.0754
  0.346      -16.0754
  0.315      -16.0753
  0.283      -16.0753
  0.252      -16.0753
  0.220      -16.0752
  0.189      -16.0752
  0.157      -16.0752
  0.126      -16.0752
  0.094      -16.0752
  0.063      -16.0752
  0.031      -16.0751
  0.000      -16.0752
#Band-index    5
  0.000      -16.0752
  0.031      -16.0751
  0.063      -16.0751
  0.094      -16.0752
  0.126      -16.0752
  0.157      -16.0752
  0.189      -16.0752
  0.220      -16.0752
  0.252      -16.0753
  0.283      -16.0753
  0.315      -16.0753
  0.346      -16.0754
  0.378      -16.0754
  0.409      -16.0754
  0.441      -16.0754
  0.472      -16.0755
  0.504      -16.0755
  0.535      -16.0755
  0.567      -16.0755
  0.598      -16.0756
  0.630      -16.0756
  0.661      -16.0756
  0.693      -16.0756
  0.693      -16.0756
  0.725      -16.0756
  0.758      -16.0755
  0.791      -16.0755
  0.823      -16.0755
  0.856      -16.0755
  0.889      -16.0754
  0.921      -16.0754
  0.954      -16.0753
  0.987      -16.0753
  1.019      -16.0752
  1.052      -16.0752
  1.085      -16.0752
  1.117      -16.0752
  1.150      -16.0752
  1.182      -16.0751
  1.182      -16.0751
  1.214      -16.0751
  1.245      -16.0751
  1.277      -16.0751
  1.308      -16.0751
  1.340      -16.0751
  1.371      -16.0751
  1.403      -16.0750
  1.434      -16.0750
  1.466      -16.0750
  1.497      -16.0750
  1.529      -16.0749
  1.560      -16.0749
  1.592      -16.0749
  1.623      -16.0748
  1.655      -16.0748
  1.686      -16.0748
  1.718      -16.0748
  1.749      -16.0748
  1.781      -16.0748
  1.812      -16.0747
  1.844      -16.0747
  1.875      -16.0747
  1.875      -16.0747
  1.907      -16.0747
  1.938      -16.0747
  1.969      -16.0748
  2.001      -16.0748
  2.032      -16.0748
  2.064      -16.0748
  2.095      -16.0749
  2.126      -16.0749
  2.158      -16.0749
  2.189      -16.0750
  2.221      -16.0750
  2.252      -16.0751
  2.284      -16.0751
  2.315      -16.0752
  2.346      -16.0752
  2.378      -16.0753
  2.409      -16.0753
  2.441      -16.0754
  2.472      -16.0754
  2.504      -16.0754
  2.535      -16.0755
  2.566      -16.0755
  2.598      -16.0755
  2.629      -16.0755
  2.661      -16.0756
  2.692      -16.0756
  2.723      -16.0756
#Band-index    6
  2.723      -16.0756
  2.692      -16.0756
  2.661      -16.0756
  2.629      -16.0755
  2.598      -16.0755
  2.566      -16.0755
  2.535      -16.0755
  2.504      -16.0754
  2.472      -16.0754
  2.441      -16.0753
  2.409      -16.0753
  2.378      -16.0753
  2.346      -16.0752
  2.315      -16.0752
  2.284      -16.0751
  2.252      -16.0751
  2.221      -16.0750
  2.189      -16.0750
  2.158      -16.0749
  2.126      -16.0749
  2.095      -16.0749
  2.064      -16.0748
  2.032      -16.0748
  2.001      -16.0748
  1.969      -16.0748
  1.938      -16.0747
  1.907      -16.0747
  1.875      -16.0747
  1.875      -16.0747
  1.844      -16.0747
  1.812      -16.0747
  1.781      -16.0747
  1.749      -16.0747
  1.718      -16.0748
  1.686      -16.0748
  1.655      -16.0748
  1.623      -16.0748
  1.592      -16.0749
  1.560      -16.0749
  1.529      -16.0749
  1.497      -16.0750
  1.466      -16.0750
  1.434      -16.0750
  1.403      -16.0750
  1.371      -16.0751
  1.340      -16.0751
  1.308      -16.0751
  1.277      -16.0751
  1.245      -16.0751
  1.214      -16.0751
  1.182      -16.0751
  1.182      -16.0751
  1.150      -16.0752
  1.117      -16.0752
  1.085      -16.0752
  1.052      -16.0752
  1.019      -16.0752
  0.987      -16.0753
  0.954      -16.0753
  0.921      -16.0754
  0.889      -16.0754
  0.856      -16.0755
  0.823      -16.0755
  0.791      -16.0755
  0.758      -16.0755
  0.725      -16.0756
  0.693      -16.0756
  0.693      -16.0756
  0.661      -16.0756
  0.630      -16.0756
  0.598      -16.0755
  0.567      -16.0755
  0.535      -16.0755
  0.504      -16.0754
  0.472      -16.0754
  0.441      -16.0753
  0.409      -16.0753
  0.378      -16.0752
  0.346      -16.0751
  0.315      -16.0751
  0.283      -16.0750
  0.252      -16.0750
  0.220      -16.0749
  0.189      -16.0749
  0.157      -16.0748
  0.126      -16.0748
  0.094      -16.0748
  0.063      -16.0747
  0.031      -16.0747
  0.000      -16.0747
#Band-index    7
  0.000      -11.4218
  0.031      -11.4206
  0.063      -11.4169
  0.094      -11.4108
  0.126      -11.4024
  0.157      -11.3918
  0.189      -11.3791
  0.220      -11.3646
  0.252      -11.3484
  0.283      -11.3308
  0.315      -11.3121
  0.346      -11.2927
  0.378      -11.2728
  0.409      -11.2529
  0.441      -11.2335
  0.472      -11.2149
  0.504      -11.1976
  0.535      -11.1820
  0.567      -11.1686
  0.598      -11.1578
  0.630      -11.1498
  0.661      -11.1448
  0.693      -11.1432
  0.693      -11.1432
  0.725      -11.1438
  0.758      -11.1457
  0.791      -11.1487
  0.823      -11.1527
  0.856      -11.1574
  0.889      -11.1627
  0.921      -11.1684
  0.954      -11.1740
  0.987      -11.1795
  1.019      -11.1846
  1.052      -11.1890
  1.085      -11.1926
  1.117      -11.1953
  1.150      -11.1970
  1.182      -11.1976
  1.182      -11.1976
  1.214      -11.2082
  1.245      -11.2298
  1.277      -11.2548
  1.308      -11.2811
  1.340      -11.3081
  1.371      -11.3354
  1.403      -11.3626
  1.434      -11.3894
  1.466      -11.4156
  1.497      -11.4409
  1.529      -11.4651
  1.560      -11.4879
  1.592      -11.5092
  1.623      -11.5287
  1.655      -11.5464
  1.686      -11.5620
  1.718      -11.5753
  1.749      -11.5865
  1.781      -11.5952
  1.812      -11.6015
  1.844      -11.6053
  1.875      -11.6065
  1.875      -11.6065
  1.907      -11.6053
  1.938      -11.6015
  1.969      -11.5952
  2.001      -11.5865
  2.032      -11.5754
  2.064      -11.5620
  2.095      -11.5463
  2.126      -11.5286
  2.158      -11.5089
  2.189      -11.4874
  2.221      -11.4643
  2.252      -11.4399
  2.284      -11.4143
  2.315      -11.3879
  2.346      -11.3609
  2.378      -11.3338
  2.409      -11.3069
  2.441      -11.2807
  2.472      -11.2554
  2.504      -11.2317
  2.535      -11.2100
  2.566      -11.1906
  2.598      -11.1741
  2.629      -11.1609
  2.661      -11.1511
  2.692      -11.1452
  2.723      -11.1432
#Band-index    8
  2.723      -11.1432
  2.692      -11.1425
  2.661      -11.1406
  2.629      -11.1374
  2.598      -11.1329
  2.566      -11.1272
  2.535      -11.1204
  2.504      -11.1126
  2.472      -11.1037
  2.441      -11.0941
  2.409      -11.0836
  2.378      -11.0726
  2.346      -11.0611
  2.315      -11.0493
  2.284      -11.0372
  2.252      -11.0252
  2.221      -11.0133
  2.189      -11.0017
  2.158      -10.9906
  2.126      -10.9801
  2.095      -10.9705
  2.064      -10.9618
  2.032      -10.9542
  2.001      -10.9477
  1.969      -10.9426
  1.938      -10.9389
  1.907      -10.9367
  1.875      -10.9359
  1.875      -10.9359
  1.844      -10.9371
  1.812      -10.9405
  1.781      -10.9461
  1.749      -10.9537
  1.718      -10.9632
  1.686      -10.9743
  1.655      -10.9869
  1.623      -11.0005
  1.592      -11.0150
  1.560      -11.0300
  1.529      -11.0451
  1.497      -11.0602
  1.466      -11.0748
  1.434      -11.0887
  1.403      -11.1017
  1.371      -11.1134
  1.340      -11.1237
  1.308      -11.1324
  1.277      -11.1393
  1.245      -11.1444
  1.214      -11.1474
  1.182      -11.1484
  1.182      -11.1484
  1.150      -11.1484
  1.117      -11.1482
  1.085      -11.1479
  1.052      -11.1476
  1.019      -11.1471
  0.987      -11.1466
  0.954      -11.1461
  0.921      -11.1456
  0.889      -11.1450
  0.856      -11.1445
  0.823      -11.1441
  0.791      -11.1437
  0.758      -11.1434
  0.725      -11.1433
  0.693      -11.1432
  0.693      -11.1432
  0.661      -11.1432
  0.630      -11.1434
  0.598      -11.1437
  0.567      -11.1440
  0.535      -11.1444
  0.504      -11.1448
  0.472      -11.1453
  0.441      -11.1458
  0.409      -11.1462
  0.378      -11.1467
  0.346      -11.1470
  0.315      -11.1473
  0.283      -11.1476
  0.252      -11.1478
  0.220      -11.1479
  0.189      -11.1480
  0.157      -11.1480
  0.126      -11.1480
  0.094      -11.1480
  0.063      -11.1480
  0.031      -11.1480
  0.000      -11.1480
#Band-index    9
  0.000      -10.9340
  0.031      -10.9351
  0.063      -10.9384
  0.094      -10.9439
  0.126      -10.9514
  0.157      -10.9608
  0.189      -10.9717
  0.220      -10.9840
  0.252      -10.9975
  0.283      -11.0117
  0.315      -11.0265
  0.346      -11.0414
  0.378      -11.0562
  0.409      -11.0706
  0.441      -11.0843
  0.472      -11.0971
  0.504      -11.1086
  0.535      -11.1188
  0.567      -11.1274
  0.598      -11.1342
  0.630      -11.1392
  0.661      -11.1422
  0.693      -11.1432
  0.693      -11.1432
  0.725      -11.1433
  0.758      -11.1434
  0.791      -11.1437
  0.823      -11.1441
  0.856      -11.1445
  0.889      -11.1450
  0.921      -11.1456
  0.954      -11.1461
  0.987      -11.1466
  1.019      -11.1471
  1.052      -11.1476
  1.085      -11.1479
  1.117      -11.1482
  1.150      -11.1484
  1.182      -11.1484
  1.182      -11.1484
  1.214      -11.1389
  1.245      -11.1206
  1.277      -11.1010
  1.308      -11.0820
  1.340      -11.0642
  1.371      -11.0476
  1.403      -11.0323
  1.434      -11.0184
  1.466      -11.0058
  1.497      -10.9945
  1.529      -10.9844
  1.560      -10.9754
  1.592      -10.9675
  1.623      -10.9606
  1.655      -10.9546
  1.686      -10.9495
  1.718      -10.9453
  1.749      -10.9419
  1.781      -10.9393
  1.812      -10.9374
  1.844      -10.9363
  1.875      -10.9359
  1.875      -10.9359
  1.907      -10.9367
  1.938      -10.9389
  1.969      -10.9426
  2.001      -10.9477
  2.032      -10.9542
  2.064      -10.9618
  2.095      -10.9705
  2.126      -10.9801
  2.158      -10.9906
  2.189      -11.0017
  2.221      -11.0133
  2.252      -11.0252
  2.284      -11.0372
  2.315      -11.0493
  2.346      -11.0611
  2.378      -11.0726
  2.409      -11.0836
  2.441      -11.0941
  2.472      -11.1037
  2.504      -11.1126
  2.535      -11.1204
  2.566      -11.1272
  2.598      -11.1329
  2.629      -11.1374
  2.661      -11.1406
  2.692      -11.1425
  2.723      -11.1432
#Band-index   10
  2.723       -7.7909
  2.692       -7.7908
  2.661       -7.7906
  2.629       -7.7901
  2.598       -7.7895
  2.566       -7.7887
  2.535       -7.7879
  2.504       -7.7869
  2.472       -7.7859
  2.441       -7.7849
  2.409       -7.7839
  2.378       -7.7829
  2.346       -7.7820
  2.315       -7.7812
  2.284       -7.7805
  2.252       -7.7799
  2.221       -7.7794
  2.189       -7.7790
  2.158       -7.7788
  2.126       -7.7787
  2.095       -7.7786
  2.064       -7.7786
  2.032       -7.7787
  2.001       -7.7788
  1.969       -7.7788
  1.938       -7.7789
  1.907       -7.7790
  1.875       -7.7790
  1.875       -7.7790
  1.844       -7.7790
  1.812       -7.7790
  1.781       -7.7789
  1.749       -7.7789
  1.718       -7.7788
  1.686       -7.7787
  1.655       -7.7787
  1.623       -7.7786
  1.592       -7.7786
  1.560       -7.7785
  1.529       -7.7785
  1.497       -7.7785
  1.466       -7.7786
  1.434       -7.7786
  1.403       -7.7786
  1.371       -7.7787
  1.340       -7.7787
  1.308       -7.7788
  1.277       -7.7788
  1.245       -7.7789
  1.214       -7.7789
  1.182       -7.7789
  1.182       -7.7789
  1.150       -7.7790
  1.117       -7.7794
  1.085       -7.7800
  1.052       -7.7809
  1.019       -7.7819
  0.987       -7.7830
  0.954       -7.7843
  0.921       -7.7855
  0.889       -7.7868
  0.856       -7.7879
  0.823       -7.7889
  0.791       -7.7898
  0.758       -7.7904
  0.725       -7.7908
  0.693       -7.7909
  0.693       -7.7909
  0.661       -7.7909
  0.630       -7.7906
  0.598       -7.7902
  0.567       -7.7897
  0.535       -7.7890
  0.504       -7.7882
  0.472       -7.7873
  0.441       -7.7864
  0.409       -7.7853
  0.378       -7.7842
  0.346       -7.7831
  0.315       -7.7820
  0.283       -7.7810
  0.252       -7.7799
  0.220       -7.7789
  0.189       -7.7781
  0.157       -7.7773
  0.126       -7.7766
  0.094       -7.7761
  0.063       -7.7757
  0.031       -7.7755
  0.000       -7.7754
#Band-index   11
  0.000       -7.7754
  0.031       -7.7753
  0.063       -7.7751
  0.094       -7.7748
  0.126       -7.7745
  0.157       -7.7741
  0.189       -7.7740
  0.220       -7.7751
  0.252       -7.7764
  0.283       -7.7777
  0.315       -7.7791
  0.346       -7.7806
  0.378       -7.7820
  0.409       -7.7834
  0.441       -7.7848
  0.472       -7.7861
  0.504       -7.7873
  0.535       -7.7883
  0.567       -7.7892
  0.598       -7.7899
  0.630       -7.7905
  0.661       -7.7908
  0.693       -7.7909
  0.693       -7.7909
  0.725       -7.7908
  0.758       -7.7904
  0.791       -7.7898
  0.823       -7.7889
  0.856       -7.7879
  0.889       -7.7868
  0.921       -7.7855
  0.954       -7.7843
  0.987       -7.7830
  1.019       -7.7819
  1.052       -7.7809
  1.085       -7.7800
  1.117       -7.7794
  1.150       -7.7790
  1.182       -7.7789
  1.182       -7.7789
  1.214       -7.7788
  1.245       -7.7785
  1.277       -7.7781
  1.308       -7.7775
  1.340       -7.7768
  1.371       -7.7761
  1.403       -7.7753
  1.434       -7.7745
  1.466       -7.7746
  1.497       -7.7751
  1.529       -7.7755
  1.560       -7.7760
  1.592       -7.7765
  1.623       -7.7769
  1.655       -7.7774
  1.686       -7.7778
  1.718       -7.7781
  1.749       -7.7784
  1.781       -7.7787
  1.812       -7.7788
  1.844       -7.7790
  1.875       -7.7790
  1.875       -7.7790
  1.907       -7.7790
  1.938       -7.7789
  1.969       -7.7788
  2.001       -7.7788
  2.032       -7.7787
  2.064       -7.7786
  2.095       -7.7786
  2.126       -7.7787
  2.158       -7.7788
  2.189       -7.7790
  2.221       -7.7794
  2.252       -7.7799
  2.284       -7.7805
  2.315       -7.7812
  2.346       -7.7820
  2.378       -7.7829
  2.409       -7.7839
  2.441       -7.7849
  2.472       -7.7859
  2.504       -7.7869
  2.535       -7.7879
  2.566       -7.7887
  2.598       -7.7895
  2.629       -7.7901
  2.661       -7.7906
  2.692       -7.7908
  2.723       -7.7909
#Band-index   12
  2.723       -7.7909
  2.692       -7.7907
  2.661       -7.7900
  2.629       -7.7889
  2.598       -7.7875
  2.566       -7.7858
  2.535       -7.7839
  2.504       -7.7819
  2.472       -7.7798
  2.441       -7.7778
  2.409       -7.7760
  2.378       -7.7743
  2.346       -7.7730
  2.315       -7.7719
  2.284       -7.7713
  2.252       -7.7709
  2.221       -7.7710
  2.189       -7.7714
  2.158       -7.7720
  2.126       -7.7728
  2.095       -7.7738
  2.064       -7.7749
  2.032       -7.7760
  2.001       -7.7770
  1.969       -7.7778
  1.938       -7.7784
  1.907       -7.7789
  1.875       -7.7790
  1.875       -7.7790
  1.844       -7.7789
  1.812       -7.7785
  1.781       -7.7779
  1.749       -7.7771
  1.718       -7.7763
  1.686       -7.7754
  1.655       -7.7746
  1.623       -7.7739
  1.592       -7.7735
  1.560       -7.7732
  1.529       -7.7732
  1.497       -7.7734
  1.466       -7.7739
  1.434       -7.7742
  1.403       -7.7738
  1.371       -7.7734
  1.340       -7.7731
  1.308       -7.7729
  1.277       -7.7727
  1.245       -7.7725
  1.214       -7.7724
  1.182       -7.7724
  1.182       -7.7724
  1.150       -7.7726
  1.117       -7.7732
  1.085       -7.7742
  1.052       -7.7755
  1.019       -7.7770
  0.987       -7.7788
  0.954       -7.7807
  0.921       -7.7827
  0.889       -7.7846
  0.856       -7.7863
  0.823       -7.7879
  0.791       -7.7892
  0.758       -7.7901
  0.725       -7.7907
  0.693       -7.7909
  0.693       -7.7909
  0.661       -7.7907
  0.630       -7.7900
  0.598       -7.7889
  0.567       -7.7875
  0.535       -7.7858
  0.504       -7.7840
  0.472       -7.7821
  0.441       -7.7802
  0.409       -7.7785
  0.378       -7.7770
  0.346       -7.7757
  0.315       -7.7747
  0.283       -7.7741
  0.252       -7.7738
  0.220       -7.7737
  0.189       -7.7738
  0.157       -7.7730
  0.126       -7.7722
  0.094       -7.7715
  0.063       -7.7710
  0.031       -7.7707
  0.000       -7.7706
#Band-index   13
  0.000       -6.7624
  0.031       -6.7685
  0.063       -6.7867
  0.094       -6.8163
  0.126       -6.8561
  0.157       -6.9049
  0.189       -6.9612
  0.220       -7.0233
  0.252       -7.0896
  0.283       -7.1587
  0.315       -7.2290
  0.346       -7.2993
  0.378       -7.3681
  0.409       -7.4343
  0.441       -7.4968
  0.472       -7.5546
  0.504       -7.6068
  0.535       -7.6525
  0.567       -7.6910
  0.598       -7.7216
  0.630       -7.7438
  0.661       -7.7573
  0.693       -7.7618
  0.693       -7.7618
  0.725       -7.7569
  0.758       -7.7425
  0.791       -7.7190
  0.823       -7.6871
  0.856       -7.6479
  0.889       -7.6026
  0.921       -7.5528
  0.954       -7.5006
  0.987       -7.4479
  1.019       -7.3971
  1.052       -7.3509
  1.085       -7.3116
  1.117       -7.2816
  1.150       -7.2627
  1.182       -7.2563
  1.182       -7.2563
  1.214       -7.2521
  1.245       -7.2395
  1.277       -7.2186
  1.308       -7.1899
  1.340       -7.1536
  1.371       -7.1103
  1.403       -7.0605
  1.434       -7.0050
  1.466       -6.9444
  1.497       -6.8796
  1.529       -6.8116
  1.560       -6.7414
  1.592       -6.6703
  1.623       -6.5996
  1.655       -6.5309
  1.686       -6.4658
  1.718       -6.4061
  1.749       -6.3537
  1.781       -6.3105
  1.812       -6.2782
  1.844       -6.2582
  1.875       -6.2514
  1.875       -6.2514
  1.907       -6.2581
  1.938       -6.2782
  1.969       -6.3108
  2.001       -6.3548
  2.032       -6.4090
  2.064       -6.4719
  2.095       -6.5420
  2.126       -6.6177
  2.158       -6.6977
  2.189       -6.7806
  2.221       -6.8653
  2.252       -6.9507
  2.284       -7.0358
  2.315       -7.1197
  2.346       -7.2015
  2.378       -7.2804
  2.409       -7.3556
  2.441       -7.4264
  2.472       -7.4922
  2.504       -7.5521
  2.535       -7.6056
  2.566       -7.6520
  2.598       -7.6908
  2.629       -7.7216
  2.661       -7.7438
  2.692       -7.7573
  2.723       -7.7618
#Band-index   14
  2.723       -1.5608
  2.692       -1.5611
  2.661       -1.5620
  2.629       -1.5635
  2.598       -1.5657
  2.566       -1.5688
  2.535       -1.5732
  2.504       -1.5796
  2.472       -1.5893
  2.441       -1.6141
  2.409       -1.7135
  2.378       -1.8210
  2.346       -1.9297
  2.315       -2.0367
  2.284       -2.1403
  2.252       -2.2391
  2.221       -2.3325
  2.189       -2.4196
  2.158       -2.4998
  2.126       -2.5728
  2.095       -2.6380
  2.064       -2.6952
  2.032       -2.7441
  2.001       -2.7844
  1.969       -2.8159
  1.938       -2.8385
  1.907       -2.8521
  1.875       -2.8567
  1.875       -2.8567
  1.844       -2.8557
  1.812       -2.8528
  1.781       -2.8479
  1.749       -2.8412
  1.718       -2.8327
  1.686       -2.8225
  1.655       -2.8106
  1.623       -2.7973
  1.592       -2.7826
  1.560       -2.7669
  1.529       -2.7503
  1.497       -2.7332
  1.466       -2.7158
  1.434       -2.6985
  1.403       -2.6818
  1.371       -2.6661
  1.340       -2.6517
  1.308       -2.6392
  1.277       -2.6290
  1.245       -2.6214
  1.214       -2.6168
  1.182       -2.6152
  1.182       -2.6152
  1.150       -2.5990
  1.117       -2.5508
  1.085       -2.4723
  1.052       -2.3660
  1.019       -2.2351
  0.987       -2.0834
  0.954       -1.9156
  0.921       -1.7370
  0.889       -1.6050
  0.856       -1.5929
  0.823       -1.5821
  0.791       -1.5731
  0.758       -1.5664
  0.725       -1.5622
  0.693       -1.5608
  0.693       -1.5608
  0.661       -1.5613
  0.630       -1.5629
  0.598       -1.5652
  0.567       -1.5680
  0.535       -1.5708
  0.504       -1.5730
  0.472       -1.5741
  0.441       -1.6117
  0.409       -1.7469
  0.378       -1.8791
  0.346       -2.0062
  0.315       -2.1265
  0.283       -2.2389
  0.252       -2.3421
  0.220       -2.4351
  0.189       -2.5173
  0.157       -2.5880
  0.126       -2.6465
  0.094       -2.6925
  0.063       -2.7256
  0.031       -2.7455
  0.000       -2.7522
#Band-index   15
  0.000       -2.7522
  0.031       -2.7424
  0.063       -2.7134
  0.094       -2.6659
  0.126       -2.6011
  0.157       -2.5207
  0.189       -2.4264
  0.220       -2.3203
  0.252       -2.2049
  0.283       -2.0828
  0.315       -1.9574
  0.346       -1.8330
  0.378       -1.7158
  0.409       -1.6157
  0.441       -1.5736
  0.472       -1.5126
  0.504       -1.5084
  0.535       -1.5244
  0.567       -1.5375
  0.598       -1.5477
  0.630       -1.5550
  0.661       -1.5593
  0.693       -1.5608
  0.693       -1.5608
  0.725       -1.5584
  0.758       -1.5512
  0.791       -1.5393
  0.823       -1.5226
  0.856       -1.5012
  0.889       -1.5542
  0.921       -1.6179
  0.954       -1.6310
  0.987       -1.6437
  1.019       -1.6555
  1.052       -1.6659
  1.085       -1.6745
  1.117       -1.6808
  1.150       -1.6848
  1.182       -1.6861
  1.182       -1.6861
  1.214       -1.6837
  1.245       -1.6768
  1.277       -1.6662
  1.308       -1.6533
  1.340       -1.6410
  1.371       -1.6348
  1.403       -1.6673
  1.434       -1.7905
  1.466       -1.9141
  1.497       -2.0357
  1.529       -2.1535
  1.560       -2.2656
  1.592       -2.3708
  1.623       -2.4678
  1.655       -2.5557
  1.686       -2.6334
  1.718       -2.7004
  1.749       -2.7560
  1.781       -2.7998
  1.812       -2.8313
  1.844       -2.8503
  1.875       -2.8567
  1.875       -2.8567
  1.907       -2.8521
  1.938       -2.8385
  1.969       -2.8159
  2.001       -2.7844
  2.032       -2.7441
  2.064       -2.6952
  2.095       -2.6380
  2.126       -2.5728
  2.158       -2.4998
  2.189       -2.4196
  2.221       -2.3325
  2.252       -2.2391
  2.284       -2.1403
  2.315       -2.0367
  2.346       -1.9297
  2.378       -1.8210
  2.409       -1.7135
  2.441       -1.6141
  2.472       -1.5395
  2.504       -1.5100
  2.535       -1.5116
  2.566       -1.5227
  2.598       -1.5351
  2.629       -1.5459
  2.661       -1.5540
  2.692       -1.5591
  2.723       -1.5608
#Band-index   16
  2.723       -1.5608
  2.692       -1.5591
  2.661       -1.5540
  2.629       -1.5459
  2.598       -1.5351
  2.566       -1.5227
  2.535       -1.5116
  2.504       -1.5100
  2.472       -1.5395
  2.441       -1.6042
  2.409       -1.6274
  2.378       -1.6624
  2.346       -1.7126
  2.315       -1.7800
  2.284       -1.8635
  2.252       -1.9596
  2.221       -2.0636
  2.189       -2.1713
  2.158       -2.2790
  2.126       -2.3836
  2.095       -2.4827
  2.064       -2.5739
  2.032       -2.6553
  2.001       -2.7250
  1.969       -2.7814
  1.938       -2.8228
  1.907       -2.8481
  1.875       -2.8567
  1.875       -2.8567
  1.844       -2.8463
  1.812       -2.8156
  1.781       -2.7656
  1.749       -2.6978
  1.718       -2.6145
  1.686       -2.5178
  1.655       -2.4104
  1.623       -2.2953
  1.592       -2.1754
  1.560       -2.0547
  1.529       -1.9377
  1.497       -1.8304
  1.466       -1.7407
  1.434       -1.6768
  1.403       -1.6432
  1.371       -1.5472
  1.340       -1.4333
  1.308       -1.3291
  1.277       -1.2384
  1.245       -1.1655
  1.214       -1.1162
  1.182       -1.0982
  1.182       -1.0982
  1.150       -1.1281
  1.117       -1.1791
  1.085       -1.2312
  1.052       -1.2811
  1.019       -1.3279
  0.987       -1.3709
  0.954       -1.4100
  0.921       -1.4448
  0.889       -1.4753
  0.856       -1.5012
  0.823       -1.5226
  0.791       -1.5393
  0.758       -1.5512
  0.725       -1.5584
  0.693       -1.5608
  0.693       -1.5608
  0.661       -1.5586
  0.630       -1.5521
  0.598       -1.5419
  0.567       -1.5292
  0.535       -1.5162
  0.504       -1.5076
  0.472       -1.4896
  0.441       -1.5456
  0.409       -1.5711
  0.378       -1.5662
  0.346       -1.5586
  0.315       -1.5484
  0.283       -1.5355
  0.252       -1.5203
  0.220       -1.5032
  0.189       -1.4848
  0.157       -1.4659
  0.126       -1.4477
  0.094       -1.4313
  0.063       -1.4182
  0.031       -1.4096
  0.000       -1.4066
#Band-index   17
  0.000       -0.9586
  0.031       -0.9847
  0.063       -1.0279
  0.094       -1.0730
  0.126       -1.1178
  0.157       -1.1617
  0.189       -1.2041
  0.220       -1.2448
  0.252       -1.2837
  0.283       -1.3205
  0.315       -1.3550
  0.346       -1.3871
  0.378       -1.4167
  0.409       -1.4437
  0.441       -1.4680
  0.472       -1.4761
  0.504       -1.3432
  0.535       -1.2171
  0.567       -1.1028
  0.598       -1.0058
  0.630       -0.9319
  0.661       -0.8856
  0.693       -0.8698
  0.693       -0.8698
  0.725       -0.8925
  0.758       -0.9594
  0.791       -1.0674
  0.823       -1.2092
  0.856       -1.3750
  0.889       -1.4753
  0.921       -1.4448
  0.954       -1.4100
  0.987       -1.3709
  1.019       -1.3279
  1.052       -1.2811
  1.085       -1.2312
  1.117       -1.1791
  1.150       -1.1281
  1.182       -1.0982
  1.182       -1.0982
  1.214       -1.1017
  1.245       -1.1122
  1.277       -1.1296
  1.308       -1.1535
  1.340       -1.1828
  1.371       -1.2140
  1.403       -1.2402
  1.434       -1.2516
  1.466       -1.2424
  1.497       -1.2149
  1.529       -1.1744
  1.560       -1.1259
  1.592       -1.0731
  1.623       -1.0187
  1.655       -0.9652
  1.686       -0.9151
  1.718       -0.8706
  1.749       -0.8339
  1.781       -0.8062
  1.812       -0.7875
  1.844       -0.7769
  1.875       -0.7735
  1.875       -0.7735
  1.907       -0.7762
  1.938       -0.7845
  1.969       -0.7990
  2.001       -0.8199
  2.032       -0.8469
  2.064       -0.8794
  2.095       -0.9163
  2.126       -0.9567
  2.158       -0.9997
  2.189       -1.0442
  2.221       -1.0893
  2.252       -1.1343
  2.284       -1.1784
  2.315       -1.2206
  2.346       -1.2603
  2.378       -1.2961
  2.409       -1.3258
  2.441       -1.3439
  2.472       -1.3349
  2.504       -1.2806
  2.535       -1.1974
  2.566       -1.1099
  2.598       -1.0294
  2.629       -0.9620
  2.661       -0.9115
  2.692       -0.8803
  2.723       -0.8698
#Band-index   18
  2.723       -0.8698
  2.692       -0.8803
  2.661       -0.9115
  2.629       -0.9620
  2.598       -1.0294
  2.566       -1.1099
  2.535       -1.1974
  2.504       -1.2806
  2.472       -1.3349
  2.441       -1.3439
  2.409       -1.3258
  2.378       -1.2961
  2.346       -1.2603
  2.315       -1.2206
  2.284       -1.1784
  2.252       -1.1343
  2.221       -1.0893
  2.189       -1.0442
  2.158       -0.9997
  2.126       -0.9567
  2.095       -0.9163
  2.064       -0.8794
  2.032       -0.8469
  2.001       -0.8199
  1.969       -0.7990
  1.938       -0.7845
  1.907       -0.7762
  1.875       -0.7735
  1.875       -0.7735
  1.844       -0.7747
  1.812       -0.7786
  1.781       -0.7849
  1.749       -0.7934
  1.718       -0.8041
  1.686       -0.8165
  1.655       -0.8305
  1.623       -0.8456
  1.592       -0.8615
  1.560       -0.8780
  1.529       -0.8945
  1.497       -0.9109
  1.466       -0.9267
  1.434       -0.9417
  1.403       -0.9555
  1.371       -0.9681
  1.340       -0.9790
  1.308       -0.9883
  1.277       -0.9956
  1.245       -1.0010
  1.214       -1.0042
  1.182       -1.0053
  1.182       -1.0053
  1.150       -0.9729
  1.117       -0.9146
  1.085       -0.8759
  1.052       -0.8754
  1.019       -0.8749
  0.987       -0.8742
  0.954       -0.8736
  0.921       -0.8729
  0.889       -0.8722
  0.856       -0.8715
  0.823       -0.8710
  0.791       -0.8705
  0.758       -0.8701
  0.725       -0.8699
  0.693       -0.8698
  0.693       -0.8698
  0.661       -0.8752
  0.630       -0.8914
  0.598       -0.9192
  0.567       -0.9591
  0.535       -1.0104
  0.504       -1.0697
  0.472       -1.1276
  0.441       -1.1678
  0.409       -1.1783
  0.378       -1.1629
  0.346       -1.1314
  0.315       -1.0908
  0.283       -1.0455
  0.252       -0.9979
  0.220       -0.9503
  0.189       -0.9043
  0.157       -0.8700
  0.126       -0.8995
  0.094       -0.9241
  0.063       -0.9428
  0.031       -0.9546
  0.000       -0.9586
#Band-index   19
  0.000       -0.8968
  0.031       -0.8705
  0.063       -0.8268
  0.094       -0.7920
  0.126       -0.8236
  0.157       -0.8616
  0.189       -0.8364
  0.220       -0.7996
  0.252       -0.7599
  0.283       -0.7180
  0.315       -0.6743
  0.346       -0.6294
  0.378       -0.5838
  0.409       -0.5382
  0.441       -0.4933
  0.472       -0.4501
  0.504       -0.4094
  0.535       -0.3726
  0.567       -0.3447
  0.598       -0.3191
  0.630       -0.2975
  0.661       -0.2826
  0.693       -0.2772
  0.693       -0.2772
  0.725       -0.2831
  0.758       -0.3005
  0.791       -0.3287
  0.823       -0.3666
  0.856       -0.4127
  0.889       -0.4656
  0.921       -0.5238
  0.954       -0.5860
  0.987       -0.6509
  1.019       -0.7174
  1.052       -0.7842
  1.085       -0.8505
  1.117       -0.9146
  1.150       -0.9729
  1.182       -1.0053
  1.182       -1.0053
  1.214       -1.0031
  1.245       -0.9968
  1.277       -0.9864
  1.308       -0.9725
  1.340       -0.9553
  1.371       -0.9356
  1.403       -0.9137
  1.434       -0.8904
  1.466       -0.8662
  1.497       -0.8416
  1.529       -0.8173
  1.560       -0.7936
  1.592       -0.7709
  1.623       -0.7591
  1.655       -0.7579
  1.686       -0.7583
  1.718       -0.7604
  1.749       -0.7636
  1.781       -0.7673
  1.812       -0.7705
  1.844       -0.7727
  1.875       -0.7735
  1.875       -0.7735
  1.907       -0.7720
  1.938       -0.7675
  1.969       -0.7602
  2.001       -0.7500
  2.032       -0.7532
  2.064       -0.7862
  2.095       -0.8204
  2.126       -0.8538
  2.158       -0.8841
  2.189       -0.9089
  2.221       -0.9251
  2.252       -0.9292
  2.284       -0.9170
  2.315       -0.8844
  2.346       -0.8281
  2.378       -0.7478
  2.409       -0.6461
  2.441       -0.5275
  2.472       -0.4304
  2.504       -0.4068
  2.535       -0.3827
  2.566       -0.3586
  2.598       -0.3350
  2.629       -0.3129
  2.661       -0.2943
  2.692       -0.2817
  2.723       -0.2772
#Band-index   20
  2.723       -0.2772
  2.692       -0.2817
  2.661       -0.2943
  2.629       -0.3129
  2.598       -0.3350
  2.566       -0.3586
  2.535       -0.3827
  2.504       -0.4068
  2.472       -0.4304
  2.441       -0.4536
  2.409       -0.4762
  2.378       -0.4981
  2.346       -0.5192
  2.315       -0.5394
  2.284       -0.5584
  2.252       -0.5835
  2.221       -0.6106
  2.189       -0.6365
  2.158       -0.6607
  2.126       -0.6831
  2.095       -0.7035
  2.064       -0.7215
  2.032       -0.7371
  2.001       -0.7232
  1.969       -0.6979
  1.938       -0.6787
  1.907       -0.6667
  1.875       -0.6627
  1.875       -0.6627
  1.844       -0.6661
  1.812       -0.6757
  1.781       -0.6893
  1.749       -0.7041
  1.718       -0.7175
  1.686       -0.7280
  1.655       -0.7346
  1.623       -0.7498
  1.592       -0.7618
  1.560       -0.7658
  1.529       -0.7708
  1.497       -0.7766
  1.466       -0.7831
  1.434       -0.7904
  1.403       -0.7984
  1.371       -0.8074
  1.340       -0.8177
  1.308       -0.8295
  1.277       -0.8431
  1.245       -0.8578
  1.214       -0.8709
  1.182       -0.8766
  1.182       -0.8766
  1.150       -0.8765
  1.117       -0.8763
  1.085       -0.8505
  1.052       -0.7842
  1.019       -0.7174
  0.987       -0.6509
  0.954       -0.5860
  0.921       -0.5238
  0.889       -0.4656
  0.856       -0.4127
  0.823       -0.3666
  0.791       -0.3287
  0.758       -0.3005
  0.725       -0.2831
  0.693       -0.2772
  0.693       -0.2772
  0.661       -0.2814
  0.630       -0.2936
  0.598       -0.3134
  0.567       -0.3400
  0.535       -0.3723
  0.504       -0.4018
  0.472       -0.4320
  0.441       -0.4628
  0.409       -0.4939
  0.378       -0.5248
  0.346       -0.5552
  0.315       -0.5846
  0.283       -0.6127
  0.252       -0.6390
  0.220       -0.6631
  0.189       -0.6848
  0.157       -0.7036
  0.126       -0.7350
  0.094       -0.7809
  0.063       -0.7681
  0.031       -0.7531
  0.000       -0.7480
#Band-index   21
  0.000       -0.7480
  0.031       -0.7462
  0.063       -0.7408
  0.094       -0.7317
  0.126       -0.7193
  0.157       -0.6899
  0.189       -0.6461
  0.220       -0.6038
  0.252       -0.5634
  0.283       -0.5251
  0.315       -0.4892
  0.346       -0.4558
  0.378       -0.4251
  0.409       -0.3971
  0.441       -0.3720
  0.472       -0.3498
  0.504       -0.3305
  0.535       -0.3142
  0.567       -0.3009
  0.598       -0.2905
  0.630       -0.2831
  0.661       -0.2787
  0.693       -0.2772
  0.693       -0.2772
  0.725       -0.2774
  0.758       -0.2778
  0.791       -0.2784
  0.823       -0.2793
  0.856       -0.2804
  0.889       -0.2816
  0.921       -0.2829
  0.954       -0.2842
  0.987       -0.2854
  1.019       -0.2866
  1.052       -0.2877
  1.085       -0.2886
  1.117       -0.2892
  1.150       -0.2896
  1.182       -0.2898
  1.182       -0.2898
  1.214       -0.2939
  1.245       -0.3057
  1.277       -0.3238
  1.308       -0.3464
  1.340       -0.3720
  1.371       -0.3992
  1.403       -0.4824
  1.434       -0.5578
  1.466       -0.6185
  1.497       -0.6646
  1.529       -0.6975
  1.560       -0.7191
  1.592       -0.7314
  1.623       -0.7361
  1.655       -0.7304
  1.686       -0.7131
  1.718       -0.6980
  1.749       -0.6855
  1.781       -0.6756
  1.812       -0.6684
  1.844       -0.6641
  1.875       -0.6627
  1.875       -0.6627
  1.907       -0.6629
  1.938       -0.6632
  1.969       -0.6627
  2.001       -0.6607
  2.032       -0.6568
  2.064       -0.6508
  2.095       -0.6427
  2.126       -0.6328
  2.158       -0.6211
  2.189       -0.6077
  2.221       -0.5927
  2.252       -0.5762
  2.284       -0.5584
  2.315       -0.5394
  2.346       -0.5192
  2.378       -0.4981
  2.409       -0.4762
  2.441       -0.4536
  2.472       -0.3971
  2.504       -0.3641
  2.535       -0.3424
  2.566       -0.3233
  2.598       -0.3072
  2.629       -0.2943
  2.661       -0.2849
  2.692       -0.2791
  2.723       -0.2772
#Band-index   22
  2.723        0.4609
  2.692        0.4375
  2.661        0.3718
  2.629        0.2736
  2.598        0.1537
  2.566        0.0208
  2.535       -0.1186
  2.504       -0.2594
  2.472       -0.3881
  2.441       -0.4138
  2.409       -0.4410
  2.378       -0.4692
  2.346       -0.4979
  2.315       -0.5268
  2.284       -0.5555
  2.252       -0.5762
  2.221       -0.5927
  2.189       -0.6077
  2.158       -0.6211
  2.126       -0.6328
  2.095       -0.6427
  2.064       -0.6508
  2.032       -0.6568
  2.001       -0.6607
  1.969       -0.6627
  1.938       -0.6632
  1.907       -0.6629
  1.875       -0.6627
  1.875       -0.6627
  1.844       -0.6623
  1.812       -0.6611
  1.781       -0.6586
  1.749       -0.6543
  1.718       -0.6474
  1.686       -0.6374
  1.655       -0.6237
  1.623       -0.6066
  1.592       -0.5864
  1.560       -0.5635
  1.529       -0.5385
  1.497       -0.5119
  1.466       -0.4842
  1.434       -0.4559
  1.403       -0.4274
  1.371       -0.3944
  1.340       -0.2983
  1.308       -0.2010
  1.277       -0.1106
  1.245       -0.0365
  1.214        0.0126
  1.182        0.0298
  1.182        0.0298
  1.150        0.0308
  1.117        0.0338
  1.085        0.0390
  1.052        0.0465
  1.019        0.0568
  0.987        0.0706
  0.954        0.0886
  0.921        0.1124
  0.889        0.1439
  0.856        0.1854
  0.823        0.2391
  0.791        0.3049
  0.758        0.3764
  0.725        0.4366
  0.693        0.4609
  0.693        0.4609
  0.661        0.4376
  0.630        0.3742
  0.598        0.2848
  0.567        0.1843
  0.535        0.0845
  0.504       -0.0069
  0.472       -0.0858
  0.441       -0.1509
  0.409       -0.2033
  0.378       -0.2449
  0.346       -0.2779
  0.315       -0.3042
  0.283       -0.3255
  0.252       -0.3429
  0.220       -0.3573
  0.189       -0.3694
  0.157       -0.3797
  0.126       -0.3884
  0.094       -0.3955
  0.063       -0.4009
  0.031       -0.4044
  0.000       -0.4056
#Band-index   23
  0.000        2.7340
  0.031        2.7312
  0.063        2.7229
  0.094        2.7090
  0.126        2.6895
  0.157        2.6643
  0.189        2.6337
  0.220        2.5978
  0.252        2.5571
  0.283        2.5123
  0.315        2.4639
  0.346        2.4129
  0.378        2.3602
  0.409        2.3069
  0.441        2.2542
  0.472        2.2032
  0.504        2.1553
  0.535        2.1118
  0.567        2.0739
  0.598        2.0429
  0.630        2.0199
  0.661        2.0057
  0.693        2.0009
  0.693        2.0009
  0.725        2.0061
  0.758        2.0211
  0.791        2.0452
  0.823        2.0769
  0.856        2.1143
  0.889        2.1554
  0.921        2.1983
  0.954        2.2410
  0.987        2.2817
  1.019        2.3188
  1.052        2.3509
  1.085        2.3771
  1.117        2.3963
  1.150        2.4081
  1.182        2.4121
  1.182        2.4121
  1.214        2.4327
  1.245        2.4932
  1.277        2.5905
  1.308        2.7196
  1.340        2.8757
  1.371        3.0536
  1.403        3.2489
  1.434        3.4577
  1.466        3.6766
  1.497        3.9026
  1.529        4.1328
  1.560        4.2580
  1.592        4.1965
  1.623        4.0890
  1.655        3.9807
  1.686        3.8795
  1.718        3.7887
  1.749        3.7109
  1.781        3.6480
  1.812        3.6017
  1.844        3.5735
  1.875        3.5639
  1.875        3.5639
  1.907        3.5734
  1.938        3.6015
  1.969        3.6474
  2.001        3.7095
  2.032        3.7856
  2.064        3.8733
  2.095        3.9690
  2.126        4.0682
  2.158        4.1636
  2.189        4.2410
  2.221        4.2662
  2.252        4.1979
  2.284        4.0604
  2.315        3.8684
  2.346        3.6664
  2.378        3.4661
  2.409        3.2690
  2.441        3.0766
  2.472        2.8910
  2.504        2.7141
  2.535        2.5486
  2.566        2.3976
  2.598        2.2648
  2.629        2.1543
  2.661        2.0709
  2.692        2.0187
  2.723        2.0009
#Band-index   24
  2.723        2.0009
  2.692        2.0187
  2.661        2.0709
  2.629        2.1543
  2.598        2.2648
  2.566        2.3976
  2.535        2.5486
  2.504        2.7141
  2.472        2.8910
  2.441        3.0766
  2.409        3.2690
  2.378        3.4661
  2.346        3.6664
  2.315        3.8684
  2.284        4.0705
  2.252        4.2711
  2.221        4.4682
  2.189        4.6586
  2.158        4.8342
  2.126        4.9439
  2.095        4.9192
  2.064        4.8666
  2.032        4.8140
  2.001        4.7662
  1.969        4.7260
  1.938        4.6956
  1.907        4.6766
  1.875        4.6702
  1.875        4.6702
  1.844        4.6760
  1.812        4.6937
  1.781        4.7229
  1.749        4.7634
  1.718        4.8150
  1.686        4.8725
  1.655        4.9045
  1.623        4.8080
  1.592        4.5953
  1.560        4.3646
  1.529        4.1363
  1.497        3.9345
  1.466        3.7217
  1.434        3.5093
  1.403        3.3023
  1.371        3.1046
  1.340        2.9205
  1.308        2.7549
  1.277        2.6141
  1.245        2.5053
  1.214        2.4359
  1.182        2.4121
  1.182        2.4121
  1.150        2.4081
  1.117        2.3963
  1.085        2.3771
  1.052        2.3509
  1.019        2.3188
  0.987        2.2817
  0.954        2.2410
  0.921        2.1983
  0.889        2.1554
  0.856        2.1143
  0.823        2.0769
  0.791        2.0452
  0.758        2.0211
  0.725        2.0061
  0.693        2.0009
  0.693        2.0009
  0.661        2.0253
  0.630        2.0962
  0.598        2.2080
  0.567        2.3537
  0.535        2.5261
  0.504        2.7189
  0.472        2.9270
  0.441        3.1461
  0.409        3.3727
  0.378        3.6039
  0.346        3.8368
  0.315        4.0681
  0.283        4.2747
  0.252        4.4748
  0.220        4.6662
  0.189        4.8455
  0.157        5.0083
  0.126        5.0121
  0.094        4.9898
  0.063        4.9706
  0.031        4.9576
  0.000        4.9531
#Band-index   25
  0.000        5.2790
  0.031        5.2798
  0.063        5.2754
  0.094        5.2395
  0.126        5.1457
  0.157        5.0334
  0.189        4.9288
  0.220        4.7306
  0.252        4.5187
  0.283        4.2970
  0.315        4.0687
  0.346        3.8569
  0.378        3.6430
  0.409        3.4282
  0.441        3.2141
  0.472        3.0029
  0.504        2.7971
  0.535        2.6001
  0.567        2.4166
  0.598        2.2535
  0.630        2.1210
  0.661        2.0324
  0.693        2.0009
  0.693        2.0009
  0.725        2.0552
  0.758        2.2044
  0.791        2.4204
  0.823        2.6785
  0.856        2.9615
  0.889        3.2577
  0.921        3.5581
  0.954        3.8555
  0.987        4.1429
  1.019        4.4140
  1.052        4.6622
  1.085        4.8807
  1.117        5.0611
  1.150        5.1889
  1.182        5.2378
  1.182        5.2378
  1.214        5.2394
  1.245        5.2439
  1.277        5.2514
  1.308        5.2618
  1.340        5.2579
  1.371        5.1450
  1.403        5.0230
  1.434        4.8958
  1.466        4.7664
  1.497        4.6388
  1.529        4.5235
  1.560        4.4878
  1.592        4.6317
  1.623        4.8218
  1.655        4.9494
  1.686        4.8771
  1.718        4.8216
  1.749        4.7728
  1.781        4.7306
  1.812        4.6979
  1.844        4.6772
  1.875        4.6702
  1.875        4.6702
  1.907        4.6766
  1.938        4.6956
  1.969        4.7260
  2.001        4.7662
  2.032        4.8140
  2.064        4.8666
  2.095        4.9192
  2.126        4.9439
  2.158        4.8342
  2.189        4.6586
  2.221        4.4682
  2.252        4.2711
  2.284        4.0705
  2.315        3.8951
  2.346        3.7188
  2.378        3.5381
  2.409        3.3560
  2.441        3.1744
  2.472        2.9948
  2.504        2.8188
  2.535        2.6484
  2.566        2.4862
  2.598        2.3360
  2.629        2.2035
  2.661        2.0967
  2.692        2.0259
  2.723        2.0009
#Band-index   26
  2.723        4.4311
  2.692        4.4382
  2.661        4.4591
  2.629        4.4927
  2.598        4.5369
  2.566        4.5888
  2.535        4.6443
  2.504        4.6983
  2.472        4.7450
  2.441        4.7792
  2.409        4.7966
  2.378        4.7953
  2.346        4.7751
  2.315        4.7383
  2.284        4.6918
  2.252        4.6535
  2.221        4.6665
  2.189        4.7567
  2.158        4.8824
  2.126        5.0063
  2.095        5.1048
  2.064        5.1600
  2.032        5.1716
  2.001        5.1586
  1.969        5.1381
  1.938        5.1194
  1.907        5.1069
  1.875        5.1025
  1.875        5.1025
  1.844        5.1066
  1.812        5.1186
  1.781        5.1382
  1.749        5.1645
  1.718        5.1964
  1.686        5.1643
  1.655        5.0408
  1.623        5.0312
  1.592        5.0981
  1.560        5.1680
  1.529        5.2439
  1.497        5.3245
  1.466        5.3399
  1.434        5.3242
  1.403        5.3071
  1.371        5.2902
  1.340        5.2749
  1.308        5.3572
  1.277        5.4355
  1.245        5.4838
  1.214        5.5011
  1.182        5.5035
  1.182        5.5035
  1.150        5.4814
  1.117        5.4195
  1.085        5.3289
  1.052        5.2220
  1.019        5.1087
  0.987        4.9958
  0.954        4.8877
  0.921        4.7873
  0.889        4.6969
  0.856        4.6181
  0.823        4.5520
  0.791        4.4996
  0.758        4.4617
  0.725        4.4388
  0.693        4.4311
  0.693        4.4311
  0.661        4.4382
  0.630        4.4593
  0.598        4.4935
  0.567        4.5392
  0.535        4.5947
  0.504        4.6573
  0.472        4.7243
  0.441        4.7924
  0.409        4.8583
  0.378        4.9186
  0.346        4.9701
  0.315        5.0106
  0.283        5.0388
  0.252        5.0541
  0.220        5.0573
  0.189        5.0496
  0.157        5.1093
  0.126        5.2671
  0.094        5.3974
  0.063        5.4950
  0.031        5.5557
  0.000        5.5762
#Band-index   27
  0.000        5.5762
  0.031        5.5562
  0.063        5.5075
  0.094        5.4647
  0.126        5.4599
  0.157        5.4814
  0.189        5.5114
  0.220        5.5416
  0.252        5.5674
  0.283        5.5866
  0.315        5.5982
  0.346        5.6017
  0.378        5.5975
  0.409        5.5865
  0.441        5.5701
  0.472        5.5499
  0.504        5.5278
  0.535        5.5056
  0.567        5.4850
  0.598        5.4674
  0.630        5.4540
  0.661        5.4457
  0.693        5.4428
  0.693        5.4428
  0.725        5.4471
  0.758        5.4600
  0.791        5.4816
  0.823        5.5117
  0.856        5.5476
  0.889        5.5885
  0.921        5.6319
  0.954        5.6749
  0.987        5.7133
  1.019        5.7424
  1.052        5.7573
  1.085        5.7542
  1.117        5.7331
  1.150        5.7029
  1.182        5.6868
  1.182        5.6868
  1.214        5.6858
  1.245        5.6941
  1.277        5.7296
  1.308        5.7833
  1.340        5.7606
  1.371        5.6768
  1.403        5.5866
  1.434        5.4967
  1.466        5.4090
  1.497        5.3513
  1.529        5.3257
  1.560        5.2202
  1.592        5.1217
  1.623        5.0411
  1.655        5.0563
  1.686        5.2319
  1.718        5.2142
  1.749        5.1929
  1.781        5.1537
  1.812        5.1254
  1.844        5.1083
  1.875        5.1025
  1.875        5.1025
  1.907        5.1086
  1.938        5.1267
  1.969        5.1568
  2.001        5.1973
  2.032        5.2422
  2.064        5.2627
  2.095        5.1951
  2.126        5.0870
  2.158        5.0895
  2.189        5.1476
  2.221        5.2145
  2.252        5.2840
  2.284        5.3536
  2.315        5.4211
  2.346        5.4836
  2.378        5.5375
  2.409        5.5786
  2.441        5.6031
  2.472        5.6091
  2.504        5.5979
  2.535        5.5517
  2.566        5.5133
  2.598        5.4854
  2.629        5.4657
  2.661        5.4527
  2.692        5.4453
  2.723        5.4428
#Band-index   28
  2.723        5.4428
  2.692        5.4477
  2.661        5.4618
  2.629        5.4840
  2.598        5.5125
  2.566        5.5440
  2.535        5.5743
  2.504        5.5979
  2.472        5.6091
  2.441        5.6031
  2.409        5.5786
  2.378        5.5375
  2.346        5.4836
  2.315        5.4211
  2.284        5.3536
  2.252        5.2840
  2.221        5.2145
  2.189        5.1476
  2.158        5.0895
  2.126        5.0870
  2.095        5.1951
  2.064        5.2627
  2.032        5.2422
  2.001        5.1973
  1.969        5.1568
  1.938        5.1267
  1.907        5.1086
  1.875        5.1025
  1.875        5.1025
  1.844        5.1093
  1.812        5.1291
  1.781        5.1603
  1.749        5.1963
  1.718        5.2424
  1.686        5.2484
  1.655        5.2685
  1.623        5.3028
  1.592        5.3308
  1.560        5.3488
  1.529        5.3553
  1.497        5.4373
  1.466        5.5537
  1.434        5.6735
  1.403        5.7953
  1.371        5.9171
  1.340        5.9291
  1.308        5.8994
  1.277        5.9688
  1.245        6.0437
  1.214        6.1025
  1.182        6.1261
  1.182        6.1261
  1.150        6.1189
  1.117        6.1078
  1.085        6.0853
  1.052        5.9806
  1.019        5.8853
  0.987        5.7995
  0.954        5.7233
  0.921        5.6566
  0.889        5.5992
  0.856        5.5510
  0.823        5.5119
  0.791        5.4816
  0.758        5.4600
  0.725        5.4471
  0.693        5.4428
  0.693        5.4428
  0.661        5.4468
  0.630        5.4586
  0.598        5.4778
  0.567        5.5037
  0.535        5.5354
  0.504        5.5720
  0.472        5.6126
  0.441        5.6568
  0.409        5.7049
  0.378        5.7578
  0.346        5.8166
  0.315        5.8822
  0.283        5.8817
  0.252        5.8307
  0.220        5.7862
  0.189        5.7484
  0.157        5.7172
  0.126        5.6924
  0.094        5.6737
  0.063        5.6607
  0.031        5.6530
  0.000        5.6504
#Band-index   29
  0.000        5.6571
  0.031        5.6619
  0.063        5.6769
  0.094        5.7038
  0.126        5.7449
  0.157        5.8030
  0.189        5.8798
  0.220        5.9736
  0.252        6.0232
  0.283        5.9542
  0.315        5.9387
  0.346        5.9712
  0.378        5.8935
  0.409        5.8187
  0.441        5.7479
  0.472        5.6821
  0.504        5.6225
  0.535        5.5699
  0.567        5.5255
  0.598        5.4899
  0.630        5.4639
  0.661        5.4481
  0.693        5.4428
  0.693        5.4428
  0.725        5.4473
  0.758        5.4606
  0.791        5.4823
  0.823        5.5119
  0.856        5.5510
  0.889        5.5992
  0.921        5.6566
  0.954        5.7233
  0.987        5.7995
  1.019        5.8853
  1.052        5.9806
  1.085        6.0853
  1.117        6.1990
  1.150        6.3211
  1.182        6.4501
  1.182        6.4501
  1.214        6.4234
  1.245        6.3535
  1.277        6.2597
  1.308        6.1524
  1.340        6.0370
  1.371        6.0402
  1.403        6.0808
  1.434        5.9962
  1.466        5.9012
  1.497        5.8051
  1.529        5.7098
  1.560        5.6170
  1.592        5.5285
  1.623        5.4456
  1.655        5.3696
  1.686        5.3016
  1.718        5.4401
  1.749        5.6102
  1.781        5.7527
  1.812        5.8610
  1.844        5.9290
  1.875        5.9522
  1.875        5.9522
  1.907        5.9360
  1.938        5.8884
  1.969        5.8128
  2.001        5.7149
  2.032        5.6055
  2.064        5.5183
  2.095        5.5234
  2.126        5.6016
  2.158        5.7075
  2.189        5.7961
  2.221        5.8857
  2.252        5.9807
  2.284        6.0690
  2.315        6.1161
  2.346        6.0741
  2.378        5.9719
  2.409        5.8595
  2.441        5.7571
  2.472        5.6714
  2.504        5.6035
  2.535        5.5743
  2.566        5.5440
  2.598        5.5125
  2.629        5.4840
  2.661        5.4618
  2.692        5.4477
  2.723        5.4428
#Band-index   30
  2.723        6.5026
  2.692        6.5008
  2.661        6.4953
  2.629        6.4858
  2.598        6.4724
  2.566        6.4560
  2.535        6.4383
  2.504        6.4224
  2.472        6.4114
  2.441        6.4056
  2.409        6.4000
  2.378        6.3841
  2.346        6.3459
  2.315        6.2789
  2.284        6.1852
  2.252        6.0726
  2.221        5.9504
  2.189        5.8264
  2.158        5.7075
  2.126        5.6016
  2.095        5.5234
  2.064        5.5183
  2.032        5.6055
  2.001        5.7149
  1.969        5.8128
  1.938        5.8884
  1.907        5.9360
  1.875        5.9522
  1.875        5.9522
  1.844        5.9327
  1.812        5.8764
  1.781        5.7898
  1.749        5.6857
  1.718        5.5934
  1.686        5.5700
  1.655        5.6286
  1.623        5.7299
  1.592        5.8474
  1.560        5.8583
  1.529        5.8836
  1.497        5.9220
  1.466        5.9699
  1.434        6.0237
  1.403        6.0879
  1.371        6.1392
  1.340        6.1980
  1.308        6.2570
  1.277        6.3157
  1.245        6.3733
  1.214        6.4247
  1.182        6.4501
  1.182        6.4501
  1.150        6.3211
  1.117        6.1990
  1.085        6.1064
  1.052        6.1182
  1.019        6.1416
  0.987        6.1745
  0.954        6.2144
  0.921        6.2595
  0.889        6.3074
  0.856        6.3558
  0.823        6.4019
  0.791        6.4426
  0.758        6.4748
  0.725        6.4954
  0.693        6.5026
  0.693        6.5026
  0.661        6.4983
  0.630        6.4851
  0.598        6.4623
  0.567        6.4292
  0.535        6.3855
  0.504        6.3321
  0.472        6.2709
  0.441        6.2046
  0.409        6.1358
  0.378        6.0672
  0.346        6.0009
  0.315        6.0506
  0.283        6.1306
  0.252        6.1144
  0.220        6.1330
  0.189        6.2180
  0.157        6.3072
  0.126        6.2714
  0.094        6.2033
  0.063        6.1494
  0.031        6.1126
  0.000        6.0991
#Band-index   31
  0.000        6.6072
  0.031        6.5992
  0.063        6.5552
  0.094        6.4801
  0.126        6.3958
  0.157        6.3532
  0.189        6.3603
  0.220        6.2870
  0.252        6.2098
  0.283        6.2347
  0.315        6.3722
  0.346        6.5030
  0.378        6.5949
  0.409        6.6214
  0.441        6.6056
  0.472        6.5782
  0.504        6.5525
  0.535        6.5326
  0.567        6.5189
  0.598        6.5104
  0.630        6.5056
  0.661        6.5033
  0.693        6.5026
  0.693        6.5026
  0.725        6.5059
  0.758        6.5158
  0.791        6.5320
  0.823        6.5540
  0.856        6.5812
  0.889        6.6129
  0.921        6.6479
  0.954        6.6849
  0.987        6.7226
  1.019        6.7592
  1.052        6.7927
  1.085        6.8215
  1.117        6.7255
  1.150        6.5859
  1.182        6.4508
  1.182        6.4508
  1.214        6.4416
  1.245        6.4164
  1.277        6.3753
  1.308        6.3199
  1.340        6.2521
  1.371        6.1740
  1.403        6.1727
  1.434        6.2958
  1.466        6.3105
  1.497        6.2241
  1.529        6.1072
  1.560        5.9794
  1.592        5.8507
  1.623        5.8496
  1.655        5.8612
  1.686        5.8781
  1.718        5.8970
  1.749        5.9151
  1.781        5.9306
  1.812        5.9424
  1.844        5.9497
  1.875        5.9522
  1.875        5.9522
  1.907        5.9396
  1.938        5.9030
  1.969        5.8458
  2.001        5.7745
  2.032        5.7011
  2.064        5.6459
  2.095        5.6307
  2.126        5.6591
  2.158        5.7181
  2.189        5.8264
  2.221        5.9504
  2.252        6.0726
  2.284        6.1852
  2.315        6.2789
  2.346        6.3459
  2.378        6.3841
  2.409        6.4000
  2.441        6.4056
  2.472        6.4114
  2.504        6.4224
  2.535        6.4383
  2.566        6.4560
  2.598        6.4724
  2.629        6.4858
  2.661        6.4953
  2.692        6.5008
  2.723        6.5026
#Band-index   32
  2.723        7.9632
  2.692        7.9311
  2.661        7.8672
  2.629        7.7983
  2.598        7.7343
  2.566        7.6807
  2.535        7.5246
  2.504        7.3560
  2.472        7.1822
  2.441        7.0092
  2.409        6.8439
  2.378        6.6958
  2.346        6.5858
  2.315        6.5626
  2.284        6.6517
  2.252        6.7984
  2.221        6.9537
  2.189        7.0763
  2.158        7.1388
  2.126        7.1636
  2.095        7.1787
  2.064        7.1943
  2.032        7.2125
  2.001        7.2323
  1.969        7.2518
  1.938        7.2683
  1.907        7.2794
  1.875        7.2833
  1.875        7.2833
  1.844        7.2773
  1.812        7.2602
  1.781        7.2345
  1.749        7.2035
  1.718        7.1708
  1.686        7.1397
  1.655        7.1127
  1.623        7.0915
  1.592        7.0770
  1.560        7.0689
  1.529        6.9641
  1.497        6.7671
  1.466        6.5979
  1.434        6.5242
  1.403        6.5515
  1.371        6.5812
  1.340        6.5904
  1.308        6.5777
  1.277        6.5472
  1.245        6.5065
  1.214        6.4679
  1.182        6.4508
  1.182        6.4508
  1.150        6.5859
  1.117        6.7255
  1.085        6.8666
  1.052        7.0059
  1.019        7.1383
  0.987        7.2581
  0.954        7.3611
  0.921        7.4492
  0.889        7.5298
  0.856        7.6094
  0.823        7.6914
  0.791        7.7754
  0.758        7.8577
  0.725        7.9291
  0.693        7.9632
  0.693        7.9632
  0.661        7.9294
  0.630        7.8564
  0.598        7.7691
  0.567        7.6763
  0.535        7.5826
  0.504        7.4901
  0.472        7.3997
  0.441        7.2594
  0.409        7.1148
  0.378        7.0215
  0.346        7.0033
  0.315        6.9143
  0.283        6.7963
  0.252        6.6751
  0.220        6.5575
  0.189        6.4490
  0.157        6.4280
  0.126        6.4879
  0.094        6.5379
  0.063        6.5756
  0.031        6.6119
  0.000        6.6072
#Band-index   33
  0.000        6.6345
  0.031        6.6150
  0.063        6.6378
  0.094        6.6748
  0.126        6.7250
  0.157        6.7874
  0.189        6.8613
  0.220        6.9467
  0.252        7.0439
  0.283        7.0758
  0.315        7.0328
  0.346        7.0246
  0.378        7.1260
  0.409        7.2202
  0.441        7.3104
  0.472        7.4215
  0.504        7.5823
  0.535        7.7307
  0.567        7.7753
  0.598        7.8196
  0.630        7.8756
  0.661        7.9328
  0.693        7.9632
  0.693        7.9632
  0.725        7.9291
  0.758        7.8577
  0.791        7.7754
  0.823        7.6914
  0.856        7.6094
  0.889        7.5298
  0.921        7.4492
  0.954        7.3611
  0.987        7.2581
  1.019        7.1383
  1.052        7.0059
  1.085        6.8666
  1.117        6.7448
  1.150        6.6445
  1.182        6.6059
  1.182        6.6059
  1.214        6.6340
  1.245        6.6931
  1.277        6.7619
  1.308        6.8331
  1.340        6.9018
  1.371        6.9630
  1.403        7.0113
  1.434        7.0428
  1.466        7.0586
  1.497        7.0639
  1.529        7.0656
  1.560        7.1702
  1.592        7.3693
  1.623        7.4641
  1.655        7.4217
  1.686        7.3850
  1.718        7.3539
  1.749        7.3285
  1.781        7.3087
  1.812        7.2946
  1.844        7.2861
  1.875        7.2833
  1.875        7.2833
  1.907        7.2882
  1.938        7.3024
  1.969        7.3254
  2.001        7.3558
  2.032        7.3925
  2.064        7.4337
  2.095        7.4774
  2.126        7.5209
  2.158        7.5602
  2.189        7.5173
  2.221        7.4803
  2.252        7.5133
  2.284        7.5588
  2.315        7.5249
  2.346        7.5112
  2.378        7.5249
  2.409        7.5543
  2.441        7.5789
  2.472        7.5949
  2.504        7.6127
  2.535        7.6402
  2.566        7.6807
  2.598        7.7343
  2.629        7.7983
  2.661        7.8672
  2.692        7.9311
  2.723        7.9632
#Band-index   34
  2.723        7.9632
  2.692        7.9713
  2.661        7.9956
  2.629        7.9370
  2.598        7.8212
  2.566        7.6818
  2.535        7.6402
  2.504        7.6127
  2.472        7.5949
  2.441        7.5789
  2.409        7.5543
  2.378        7.5249
  2.346        7.5112
  2.315        7.5249
  2.284        7.5588
  2.252        7.5915
  2.221        7.6028
  2.189        7.5899
  2.158        7.5602
  2.126        7.5209
  2.095        7.4774
  2.064        7.4337
  2.032        7.3925
  2.001        7.3558
  1.969        7.3254
  1.938        7.3024
  1.907        7.2882
  1.875        7.2833
  1.875        7.2833
  1.844        7.2923
  1.812        7.3183
  1.781        7.3592
  1.749        7.4115
  1.718        7.4710
  1.686        7.5292
  1.655        7.5648
  1.623        7.5214
  1.592        7.5121
  1.560        7.5657
  1.529        7.6251
  1.497        7.6901
  1.466        7.6982
  1.434        7.5717
  1.403        7.4494
  1.371        7.3328
  1.340        7.2230
  1.308        7.1210
  1.277        7.0281
  1.245        6.9472
  1.214        6.8864
  1.182        6.8622
  1.182        6.8622
  1.150        6.8574
  1.117        6.8435
  1.085        6.8816
  1.052        7.0372
  1.019        7.2012
  0.987        7.3660
  0.954        7.5250
  0.921        7.6722
  0.889        7.8014
  0.856        7.9076
  0.823        7.9876
  0.791        8.0161
  0.758        7.9868
  0.725        7.9691
  0.693        7.9632
  0.693        7.9632
  0.661        7.9707
  0.630        7.9930
  0.598        7.9618
  0.567        7.8591
  0.535        7.7478
  0.504        7.7397
  0.472        7.7508
  0.441        7.7615
  0.409        7.6501
  0.378        7.5295
  0.346        7.4021
  0.315        7.2743
  0.283        7.1535
  0.252        7.1137
  0.220        7.1371
  0.189        7.1420
  0.157        7.1254
  0.126        7.0660
  0.094        7.0185
  0.063        6.9838
  0.031        6.9627
  0.000        6.9556
#Band-index   35
  0.000        6.9556
  0.031        6.9725
  0.063        7.0121
  0.094        7.0577
  0.126        7.0986
  0.157        7.1283
  0.189        7.1956
  0.220        7.2750
  0.252        7.3623
  0.283        7.4557
  0.315        7.5531
  0.346        7.6517
  0.378        7.7454
  0.409        7.8007
  0.441        7.7778
  0.472        7.8632
  0.504        7.9536
  0.535        8.0293
  0.567        8.0808
  0.598        8.0299
  0.630        8.0360
  0.661        8.0804
  0.693        8.0952
  0.693        8.0952
  0.725        8.0906
  0.758        8.0743
  0.791        8.0419
  0.823        8.0575
  0.856        8.0087
  0.889        7.9241
  0.921        7.8329
  0.954        7.7488
  0.987        7.6842
  1.019        7.6443
  1.052        7.6266
  1.085        7.6248
  1.117        7.6317
  1.150        7.6402
  1.182        7.6439
  1.182        7.6439
  1.214        7.6513
  1.245        7.6737
  1.277        7.7106
  1.308        7.7618
  1.340        7.8270
  1.371        7.9060
  1.403        7.8762
  1.434        7.8369
  1.466        7.7607
  1.497        7.8279
  1.529        7.9597
  1.560        7.9826
  1.592        7.9439
  1.623        7.9490
  1.655        8.0629
  1.686        8.2574
  1.718        8.4752
  1.749        8.6909
  1.781        8.8890
  1.812        9.0540
  1.844        9.1614
  1.875        9.2265
  1.875        9.2265
  1.907        9.1716
  1.938        9.0770
  1.969        8.9131
  2.001        8.7150
  2.032        8.4977
  2.064        8.2720
  2.095        8.0468
  2.126        7.8318
  2.158        7.6440
  2.189        7.5899
  2.221        7.6028
  2.252        7.5915
  2.284        7.5894
  2.315        7.6961
  2.346        7.7638
  2.378        7.7511
  2.409        7.7608
  2.441        7.8055
  2.472        7.8793
  2.504        7.9630
  2.535        8.0409
  2.566        8.1029
  2.598        8.0919
  2.629        8.0358
  2.661        8.0236
  2.692        8.0771
  2.723        8.0952
#Band-index   36
  2.723        8.0952
  2.692        8.1155
  2.661        8.1442
  2.629        8.1556
  2.598        8.1421
  2.566        8.1029
  2.535        8.0409
  2.504        7.9630
  2.472        7.8793
  2.441        7.8055
  2.409        7.7608
  2.378        7.7511
  2.346        7.7638
  2.315        7.7882
  2.284        7.8240
  2.252        7.8811
  2.221        7.9694
  2.189        8.0853
  2.158        8.2183
  2.126        8.3598
  2.095        8.5033
  2.064        8.6440
  2.032        8.7775
  2.001        8.9001
  1.969        9.0082
  1.938        9.0992
  1.907        9.1861
  1.875        9.2266
  1.875        9.2266
  1.844        9.1694
  1.812        9.0791
  1.781        8.9821
  1.749        8.8712
  1.718        8.7511
  1.686        8.6244
  1.655        8.4936
  1.623        8.3605
  1.592        8.2266
  1.560        8.0928
  1.529        8.0211
  1.497        7.9987
  1.466        7.9242
  1.434        7.8814
  1.403        7.9182
  1.371        7.9206
  1.340        7.8619
  1.308        7.7974
  1.277        7.7372
  1.245        7.6878
  1.214        7.6553
  1.182        7.6439
  1.182        7.6439
  1.150        7.6402
  1.117        7.6317
  1.085        7.6248
  1.052        7.6266
  1.019        7.6443
  0.987        7.6842
  0.954        7.7488
  0.921        7.8329
  0.889        7.9241
  0.856        8.0087
  0.823        8.0753
  0.791        8.1154
  0.758        8.1255
  0.725        8.1105
  0.693        8.0952
  0.693        8.0952
  0.661        8.1105
  0.630        8.1247
  0.598        8.1182
  0.567        8.0857
  0.535        8.1471
  0.504        8.1043
  0.472        8.0391
  0.441        7.9625
  0.409        7.8972
  0.378        7.9194
  0.346        7.9902
  0.315        8.0453
  0.283        8.0143
  0.252        8.0070
  0.220        8.0142
  0.189        8.0276
  0.157        8.0408
  0.126        8.0496
  0.094        8.0529
  0.063        8.0519
  0.031        8.0495
  0.000        8.0484
