     #Energy  up_1&5_all  dw_1&5_all    up_3_all    dw_3_all
   -10.54087     0.00000     0.00000     0.00000     0.00000
   -10.42787         NaN     0.00000         NaN     0.00000
   -10.31487     0.00000     0.00000     0.00000     0.00000
   -10.20187     0.00000     0.00000     0.00000     0.00000
   -10.08887     0.00000     0.00000     0.00000     0.00000
    -9.97587     0.00000     0.00000     0.00000     0.00000
    -9.86387     0.00000     0.00000     0.00000     0.00000
    -9.75087     0.00000     0.00000     0.00000     0.00000
    -9.63787     0.00000     0.00000     0.00000     0.00000
    -9.52487     0.00000     0.00000     0.00000     0.00000
    -9.41187     0.00000     0.00000     0.00000     0.00000
    -9.29887     0.00000     0.00000     0.00000     0.00000
    -9.18587     0.00000     0.00000     0.00000     0.00000
    -9.07287     0.00000     0.00000     0.00000     0.00000
    -8.95987     0.00000     0.00000     0.00000     0.00000
    -8.84787     0.00000     0.00000     0.00000     0.00000
    -8.73487     0.00000     0.00000     0.00000     0.00000
    -8.62187     0.00000     0.00000     0.00000     0.00000
    -8.50887     0.00000    -0.00182     0.00000    -0.00403
    -8.39587     0.00581    -0.00823     0.01279    -0.01825
    -8.28287     0.01231    -0.01465     0.02708    -0.03249
    -8.16987     0.01780    -0.01687     0.03920    -0.03747
    -8.05687     0.01579    -0.01486     0.03481    -0.03305
    -7.94387     0.01378    -0.01285     0.03042    -0.02861
    -7.83187     0.01296    -0.01305     0.02863    -0.02911
    -7.71887     0.01382    -0.01388     0.03055    -0.03098
    -7.60587     0.01468    -0.01471     0.03247    -0.03285
    -7.49287     0.01554    -0.01555     0.03439    -0.03473
    -7.37987     0.01641    -0.01638     0.03630    -0.03660
    -7.26687     0.02560    -0.03078     0.03862    -0.03853
    -7.15387     0.04425    -0.04890     0.03989    -0.03955
    -7.04087     0.06288    -0.06366     0.04119    -0.04027
    -6.92887     0.06139    -0.05866     0.04221    -0.04102
    -6.81587     0.05632    -0.05342     0.04267    -0.04125
    -6.70287     0.05378    -0.05272     0.04348    -0.04212
    -6.58987     0.05682    -0.05554     0.04508    -0.04347
    -6.47687     0.05986    -0.05837     0.04670    -0.04483
    -6.36387     0.06289    -0.06120     0.04833    -0.04621
    -6.25087     0.06592    -0.06401     0.04997    -0.04760
    -6.13787     0.06670    -0.06380     0.05256    -0.04956
    -6.02487     0.06700    -0.06317     0.05570    -0.05175
    -5.91287     0.06886    -0.06399     0.06043    -0.05443
    -5.79987     0.07137    -0.06565     0.06520    -0.05693
    -5.68687     0.07373    -0.06729     0.06941    -0.05934
    -5.57387     0.09429    -0.08572     0.08531    -0.07193
    -5.46087     0.12653    -0.11541     0.10908    -0.09147
    -5.34787     0.14493    -0.13567     0.12409    -0.10543
    -5.23487     0.14319    -0.13094     0.12651    -0.10407
    -5.12187     0.15291    -0.12770     0.14528    -0.10417
    -5.00887     0.16861    -0.13896     0.16676    -0.11940
    -4.89687     0.17890    -0.14880     0.18520    -0.13171
    -4.78387     0.21538    -0.15606     0.28885    -0.14218
    -4.67087     0.27002    -0.16418     0.36749    -0.15360
    -4.55787     0.26272    -0.19650     0.32417    -0.23633
    -4.44487     0.30093    -0.20139     0.33882    -0.23648
    -4.33187     0.60030    -0.23358     0.58659    -0.26480
    -4.21887     0.49081    -0.27739     0.42055    -0.28020
    -4.10587     0.46112    -0.33889     0.44755    -0.30197
    -3.99287     0.43844    -0.64338     0.32606    -0.86879
    -3.88087     1.35160    -0.41321     1.12658    -0.39906
    -3.76787     0.93821    -0.37127     0.92449    -0.39650
    -3.65487     0.73832    -0.25502     0.88589    -0.18010
    -3.54187     1.51155    -0.30714     1.08755    -0.20554
    -3.42887     1.10695    -1.29849     0.60860    -0.83314
    -3.31587     1.15152    -0.75043     0.59083    -0.75887
    -3.20287     1.00159    -0.81324     0.42641    -0.92140
    -3.08987     1.48805    -0.74365     0.79342    -0.65162
    -2.97687     1.25280    -1.29599     0.83924    -0.78139
    -2.86487     2.07607    -0.59805     1.19789    -0.44406
    -2.75187     2.32464    -1.04373     1.71827    -0.61221
    -2.63887     2.41512    -0.99379     1.19388    -0.42552
    -2.52587     1.28525    -1.02244     1.15983    -0.45487
    -2.41287     1.71927    -1.44937     1.15756    -0.99157
    -2.29987     3.18532    -2.12117     2.25505    -1.27581
    -2.18687     3.35287    -1.81135     2.00073    -1.16479
    -2.07387     2.53816    -1.37412     0.82876    -1.06072
    -1.96087     3.44888    -1.25173     1.01192    -1.27450
    -1.84887     3.86847    -1.05223     0.85860    -0.89317
    -1.73587     3.46448    -1.44284     1.01882    -1.41506
    -1.62287     3.13921    -3.52294     1.19331    -2.11465
    -1.50987     2.91692    -3.94708     0.91342    -2.07749
    -1.39687     2.66901    -2.26503     1.06455    -0.87728
    -1.28387     3.91044    -2.56435     2.02796    -0.86913
    -1.17087     3.85579    -4.66235     1.54438    -0.95142
    -1.05787     4.42601    -3.40619     1.46711    -1.05346
    -0.94487     4.32206    -2.95065     1.10795    -1.07280
    -0.83287     4.34377    -2.96558     1.18868    -0.93966
    -0.71987     5.37036    -2.64833     2.07926    -1.21120
    -0.60687     3.23403    -3.54711     2.53776    -1.39112
    -0.49387     1.73343    -4.22386     0.71923    -1.56065
    -0.38087     0.95884    -4.22427     0.29184    -1.26746
    -0.26787     0.38566    -4.26887     0.20442    -1.30409
    -0.15487     0.36124    -3.21171     0.19173    -1.13974
    -0.04187     0.33350    -2.37842     0.17663    -1.13226
     0.07113     0.40230    -4.88302     0.20051    -1.62381
     0.18313     0.35706    -5.88916     0.18616    -4.10950
     0.29613     0.33992    -1.67801     0.19072    -0.69662
     0.40913     0.28335    -1.14407     0.17561    -0.38692
     0.52213     0.26883    -0.58142     0.16321    -0.23827
     0.63513     0.23817    -0.50513     0.13372    -0.21970
     0.74813     0.23256    -0.43417     0.12779    -0.20100
     0.86113     0.22640    -0.42848     0.12128    -0.23554
     0.97413     0.22111    -0.36731     0.11642    -0.21190
     1.08713     0.20248    -0.34143     0.10348    -0.19087
     1.19913     0.19664    -0.30052     0.09921    -0.15791
     1.31213     0.18549    -0.28350     0.09099    -0.14509
     1.42513     0.18939    -0.25990     0.09277    -0.12578
     1.53813     0.21555    -0.24381     0.09969    -0.11728
     1.65113     0.23797    -0.22571     0.10085    -0.10568
     1.76413     0.22855    -0.27543     0.09521    -0.11850
     1.87713     0.21721    -0.26491     0.08963    -0.11289
     1.99013     0.20382    -0.25638     0.08621    -0.10817
     2.10313     0.22616    -0.24707     0.13803    -0.10262
     2.21513     0.21818    -0.23101     0.14505    -0.09749
     2.32813     0.19725    -0.21486     0.10927    -0.09385
     2.44113     0.18702    -0.23464     0.10285    -0.15411
     2.55413     0.18921    -0.22425     0.11123    -0.15146
     2.66713     0.18993    -0.20316     0.11456    -0.11343
     2.78013     0.18669    -0.20479     0.11507    -0.11816
     2.89313     0.18326    -0.20674     0.11526    -0.12520
     3.00613     0.16711    -0.20301     0.10616    -0.12544
     3.11913     0.16570    -0.19918     0.10511    -0.12533
     3.23113     0.16483    -0.18467     0.10432    -0.11889
     3.34413     0.16485    -0.18321     0.10399    -0.11780
     3.45713     0.16395    -0.18273     0.10091    -0.11719
     3.57013     0.16126    -0.18235     0.09875    -0.11651
     3.68313     0.17219    -0.17964     0.10548    -0.11218
     3.79613     0.16287    -0.15736     0.09237    -0.09605
     3.90913     0.15275    -0.18307     0.07988    -0.11105
     4.02213     0.14618    -0.17053     0.07066    -0.09567
     4.13513     0.10489    -0.15948     0.05429    -0.08253
     4.24713     0.14329    -0.11036     0.06982    -0.05873
     4.36013     0.11088    -0.10966     0.05192    -0.05807
     4.47313     0.10498    -0.14621     0.04901    -0.07242
     4.58613     0.22216    -0.11250     0.05628    -0.05319
     4.69913     0.24769    -0.11143     0.06148    -0.05210
     4.81213     0.30201    -0.23084     0.07174    -0.05737
     4.92513     0.34561    -0.25750     0.08556    -0.06194
     5.03813     0.30200    -0.31699     0.09052    -0.07036
     5.15113     0.30526    -0.36416     0.09440    -0.08589
     5.26313     0.30906    -0.31524     0.09850    -0.08929
     5.37613     0.28070    -0.31887     0.09768    -0.09310
     5.48913     0.25951    -0.30605     0.08924    -0.09249
     5.60213     0.26285    -0.29324     0.08997    -0.09646
     5.71513     0.26584    -0.29220     0.08934    -0.09491
     5.82813     0.22597    -0.28356     0.08087    -0.09313
     5.94113     0.19250    -0.25130     0.07009    -0.08623
     6.05413     0.17337    -0.20992     0.06107    -0.07537
     6.16713     0.15589    -0.19062     0.05105    -0.06631
     6.27913     0.15895    -0.16597     0.05303    -0.05396
     6.39213     0.15632    -0.16816     0.05105    -0.05730
     6.50513     0.16814    -0.16581     0.05335    -0.05548
     6.61813     0.11523    -0.21971     0.03331    -0.07140
     6.73113     0.11385    -0.11838     0.03348    -0.03366
     6.84413     0.35680    -0.11686     0.16656    -0.03389
     6.95713     0.35582    -0.11532     0.21987    -0.03411
     7.07013     0.27517    -0.23866     0.12463    -0.14449
     7.18213     0.27795    -0.39047     0.16760    -0.24717
     7.29513     0.25439    -0.27692     0.16796    -0.12868
     7.40813     0.19923    -0.28293     0.11663    -0.19392
     7.52113     0.17563    -0.25224     0.10155    -0.18388
     7.63413     0.14501    -0.18416     0.07685    -0.11125
     7.74713     0.12548    -0.16382     0.06828    -0.09330
     7.86013     0.13014    -0.13555     0.06959    -0.07511
     7.97313     0.12930    -0.13868     0.06538    -0.07569
     8.08613     0.12710    -0.14247     0.06735    -0.07654
     8.19813     0.12425    -0.13354     0.06992    -0.07078
     8.31113     0.16405    -0.12903     0.10433    -0.07223
     8.42413     0.24034    -0.11596     0.15990    -0.07093
     8.53713     0.26776    -0.22369     0.16950    -0.14686
     8.65013     0.25459    -0.28822     0.16801    -0.18085
     8.76313     0.19705    -0.25922     0.15467    -0.16971
     8.87613     0.20303    -0.19679     0.15089    -0.14628
     8.98913     0.21093    -0.21177     0.14579    -0.15500
     9.10213     0.25483    -0.22058     0.16841    -0.15307
     9.21413     0.25617    -0.22959     0.15533    -0.15531
     9.32713     0.21012    -0.26106     0.12716    -0.16059
     9.44013     0.17839    -0.22141     0.08962    -0.13522
     9.55313     0.18554    -0.18625     0.07984    -0.11039
     9.66613     0.16874    -0.18778     0.06187    -0.08204
     9.77913     0.15266    -0.17074     0.05461    -0.06384
     9.89213     0.15519    -0.15317     0.05414    -0.05615
    10.00513     0.14021    -0.15606     0.05162    -0.05585
    10.11813     0.20610    -0.21228     0.09560    -0.09153
    10.23013     0.20637    -0.19125     0.09169    -0.09131
    10.34313     0.21097    -0.18704     0.11133    -0.08821
    10.45613     0.22583    -0.20448     0.12294    -0.10119
    10.56913     0.25120    -0.22682     0.14877    -0.12173
    10.68213     0.22228    -0.25205     0.13679    -0.14898
    10.79513     0.23539    -0.21947     0.14566    -0.13691
    10.90813     0.23647    -0.24190     0.11549    -0.14793
    11.02113     0.23573    -0.25399     0.12188    -0.12280
    11.13413     0.24780    -0.24835     0.12484    -0.12725
    11.24613     0.25000    -0.23173     0.11236    -0.11599
    11.35913     0.26994    -0.27507     0.11812    -0.12328
    11.47213     0.25562    -0.24543     0.10262    -0.10059
    11.58513     0.27903    -0.26623     0.11694    -0.10589
    11.69813     0.33228    -0.27867     0.13725    -0.11602
    11.81113     0.32568    -0.31064     0.15834    -0.13897
    11.92413     0.28511    -0.36490     0.15449    -0.17502
    12.03713     0.25797    -0.23064     0.15585    -0.13214
    12.15013     0.29467    -0.26550     0.18953    -0.15921
    12.26213     0.30564    -0.30733     0.17141    -0.20020
    12.37513     0.30960    -0.28835     0.17814    -0.17084
    12.48813     0.31923    -0.30521     0.18279    -0.17348
    12.60113     0.27920    -0.32916     0.15853    -0.18247
    12.71413     0.23039    -0.26757     0.14294    -0.14221
    12.82713     0.25694    -0.26487     0.12437    -0.17083
    12.94013     0.22047    -0.24923     0.12261    -0.11791
    13.05313     0.31289    -0.22518     0.22941    -0.12377
    13.16613     0.21458    -0.31554     0.11286    -0.19293
    13.27813     0.26098    -0.18330     0.14854    -0.10473
    13.39113     0.16732    -0.18308     0.09288    -0.10968
    13.50413     0.19587    -0.18546     0.10787    -0.11066
    13.61713     0.20618    -0.19775     0.11138    -0.11608
    13.73013     0.22272    -0.20678     0.12080    -0.11909
    13.84313     0.26648    -0.23501     0.14402    -0.13546
    13.95613     0.29384    -0.25884     0.15857    -0.14919
    14.06913     0.31726    -0.27688     0.20505    -0.15685
    14.18213     0.34778    -0.33162     0.20805    -0.23464
    14.29413     0.30911    -0.31094     0.16033    -0.17331
    14.40713     0.30337    -0.30773     0.14824    -0.15712
    14.52013     0.42225    -0.36057     0.20351    -0.18029
    14.63313     0.28827    -0.34373     0.12115    -0.14709
    14.74613     0.33400    -0.29465     0.12473    -0.12420
    14.85913     0.22732    -0.31931     0.10257    -0.11934
    14.97213     0.21248    -0.22175     0.09992    -0.10111
    15.08513     0.23651    -0.20783     0.12219    -0.09860
    15.19813     0.25405    -0.23860     0.13637    -0.12243
    15.31013     0.25172    -0.26724     0.13800    -0.14139
    15.42313     0.24371    -0.25045     0.13711    -0.13884
    15.53613     0.26572    -0.26913     0.15105    -0.14957
    15.64913     0.30825    -0.30765     0.18097    -0.17775
    15.76213     0.26378    -0.35409     0.16429    -0.21038
    15.87513     0.22757    -0.21200     0.14040    -0.13526
    15.98813     0.23361    -0.24241     0.13938    -0.14470
    16.10113     0.22454    -0.23393     0.13315    -0.13766
    16.21413     0.22952    -0.21980     0.13457    -0.12679
    16.32613     0.20594    -0.22711     0.12208    -0.13109
    16.43913     0.20225    -0.20610     0.11966    -0.12213
    16.55213     0.19827    -0.20057     0.11548    -0.12034
    16.66513     0.19540    -0.19894     0.11251    -0.11683
    16.77813     0.17639    -0.18697     0.10587    -0.11069
    16.89113     0.17530    -0.17194     0.10655    -0.10603
    17.00413     0.20774    -0.21861     0.11727    -0.12597
    17.11713     0.21725    -0.21209     0.11780    -0.11880
    17.23013     0.20441    -0.21432     0.10659    -0.11520
    17.34213     0.17908    -0.18942     0.09215    -0.09915
    17.45513     0.17238    -0.17119     0.09167    -0.09081
    17.56813     0.16979    -0.17391     0.09206    -0.09533
    17.68113     0.16314    -0.16618     0.08915    -0.09202
    17.79413     0.16095    -0.15624     0.08869    -0.08765
    17.90713     0.16824    -0.16364     0.09334    -0.09186
    18.02013     0.29891    -0.17855     0.24324    -0.10010
    18.13313     0.21863    -0.34804     0.11170    -0.17596
    18.24613     0.21715    -0.21955     0.10502    -0.10975
    18.35813     0.15268    -0.15968     0.06591    -0.06986
    18.47113     0.13342    -0.14070     0.05861    -0.06106
    18.58413     0.10901    -0.12215     0.05193    -0.05481
    18.69713     0.10221    -0.10437     0.05068    -0.05069
    18.81013     0.09623    -0.09851     0.04961    -0.04964
    18.92313     0.09044    -0.09277     0.04865    -0.04867
    19.03613     0.08556    -0.08716     0.04807    -0.04778
    19.14913     0.07621    -0.07899     0.04493    -0.04574
    19.26213     0.07009    -0.07181     0.04145    -0.04218
    19.37413     0.06698    -0.06765     0.03983    -0.04013
    19.48713     0.06405    -0.06457     0.03832    -0.03854
    19.60013     0.06111    -0.06149     0.03685    -0.03700
    19.71313     0.07863    -0.05842     0.05661    -0.03551
    19.82613     0.04522    -0.06433     0.02611    -0.04567
    19.93913     0.04287    -0.04278     0.02471    -0.02491
    20.05213     0.04055    -0.04031     0.02334    -0.02350
    20.16513     0.04529    -0.04363     0.02368    -0.02349
    20.27813     0.03406    -0.03501     0.02024    -0.02057
    20.39013     0.02594    -0.02937     0.01889    -0.01944
    20.50313     0.02555    -0.02529     0.01924    -0.01895
    20.61613     0.02531    -0.02550     0.01966    -0.01941
    20.72913     0.03529    -0.03186     0.02350    -0.02194
    20.84213     0.03785    -0.03872     0.02477    -0.02470
    20.95513     0.03617    -0.03640     0.02465    -0.02412
    21.06813     0.03514    -0.03967     0.02717    -0.04475
    21.18113     0.02989    -0.02999     0.01495    -0.01999
    21.29313     0.00000    -0.13821     0.00000    -0.04147
    21.40613     0.00000     0.00000     0.00000     0.00000
    21.51913     0.00000     0.00000     0.00000     0.00000
    21.63213     0.00000     0.00000     0.00000     0.00000
    21.74513     0.00000     0.00000     0.00000     0.00000
    21.85813     0.00000     0.00000     0.00000     0.00000
    21.97113     0.00000     0.00000     0.00000     0.00000
    22.08413     0.00000     0.00000     0.00000     0.00000
    22.19713     0.00000     0.00000     0.00000     0.00000
    22.30913     0.00000     0.00000     0.00000     0.00000
    22.42213     0.00000     0.00000     0.00000     0.00000
    22.53513     0.00000     0.00000     0.00000     0.00000
    22.64813     0.00000     0.00000     0.00000     0.00000
    22.76113     0.00000     0.00000     0.00000     0.00000
    22.87413     0.00000     0.00000     0.00000     0.00000
    22.98713     0.00000     0.00000     0.00000     0.00000
    23.10013     0.00000     0.00000     0.00000     0.00000
    23.21313     0.00000     0.00000     0.00000     0.00000
    23.32513     0.00000     0.00000     0.00000     0.00000
