 #KPT:            1
      0.0000    -12.4161      0.8906
      0.0000    -12.4104      1.0000
      0.0000    -10.3495      0.9559
      0.0000      0.1762      0.9698
      0.0000      0.1776      0.9999
      0.0000     10.7897      0.9399
      0.0000     13.0468      0.9999
      0.0000     13.0483      0.9791
      0.0000     13.6442      0.9879
      0.0000     15.2410      1.0000
      0.0000     15.2424      0.7022
      0.0000     15.3101      0.9999
      0.0000     15.3115      0.8916
      0.0000     15.7836      0.8928
      0.0000     16.4393      0.8936
      0.0000     16.8791      0.9999
      0.0000     16.8812      0.9044
      0.0000     18.3133      0.9942
      0.0000     19.0466      1.0000
      0.0000     19.0481      0.9913
 #KPT:            2
      0.0414    -12.5989      0.9791
      0.0414    -12.2479      0.9188
      0.0414    -10.3202      0.9488
      0.0414     -0.0552      0.9933
      0.0414      0.4069      0.9775
      0.0414     10.7996      0.9430
      0.0414     12.8918      0.9975
      0.0414     13.1162      0.9824
      0.0414     13.6344      0.9810
      0.0414     14.9206      0.9574
      0.0414     15.0927      0.9974
      0.0414     15.4686      0.9355
      0.0414     15.5086      0.7765
      0.0414     15.8066      0.9017
      0.0414     16.5064      0.8605
      0.0414     16.8616      0.9496
      0.0414     17.0179      0.9129
      0.0414     18.3090      0.9913
      0.0414     18.7615      0.9955
      0.0414     19.3083      0.9933
 #KPT:            3
      0.0828    -12.8239      0.9846
      0.0828    -12.0734      0.9187
      0.0828    -10.2412      0.9438
      0.0828     -0.2997      0.9941
      0.0828      0.6475      0.9776
      0.0828     10.8264      0.9463
      0.0828     12.6103      0.9991
      0.0828     13.1603      0.9809
      0.0828     13.6131      0.9757
      0.0828     14.5389      0.9707
      0.0828     14.7667      0.9999
      0.0828     15.6389      0.9506
      0.0828     15.7876      0.7767
      0.0828     15.8811      0.9290
      0.0828     16.6417      0.8487
      0.0828     16.9851      0.9269
      0.0828     17.1931      0.8995
      0.0828     18.2790      0.9865
      0.0828     18.4492      0.9897
      0.0828     19.5808      0.9931
 #KPT:            4
      0.1241    -13.0738      0.9884
      0.1241    -11.8913      0.9189
      0.1241    -10.1257      0.9405
      0.1241     -0.5547      0.9948
      0.1241      0.8978      0.9777
      0.1241     10.8640      0.9500
      0.1241     12.2550      0.9996
      0.1241     13.1779      0.9800
      0.1241     13.5619      0.9728
      0.1241     14.1479      0.9758
      0.1241     14.3822      0.9988
      0.1241     15.8268      0.9632
      0.1241     16.0081      0.9512
      0.1241     16.0788      0.7767
      0.1241     16.7694      0.8543
      0.1241     17.1512      0.9176
      0.1241     17.4017      0.8879
      0.1241     18.1675      0.9742
      0.1241     18.2079      0.9759
      0.1241     19.8647      0.9929
 #KPT:            5
      0.1655    -13.3386      0.9910
      0.1655    -11.7016      0.9191
      0.1655     -9.9830      0.9385
      0.1655     -0.8182      0.9955
      0.1655      1.1581      0.9779
      0.1655     10.9034      0.9546
      0.1655     11.8645      0.9998
      0.1655     13.1722      0.9796
      0.1655     13.4605      0.9732
      0.1655     13.7728      0.9771
      0.1655     13.9845      0.9957
      0.1655     16.0360      0.9731
      0.1655     16.1786      0.9671
      0.1655     16.3823      0.7769
      0.1655     16.8061      0.8845
      0.1655     17.2680      0.9300
      0.1655     17.6391      0.8784
      0.1655     17.9986      0.9376
      0.1655     18.1423      0.9493
      0.1655     20.1602      0.9927
 #KPT:            6
      0.2069    -13.6113      0.9928
      0.2069    -11.5044      0.9194
      0.2069     -9.8198      0.9373
      0.2069     -1.0890      0.9960
      0.2069      1.4277      0.9781
      0.2069     10.9307      0.9603
      0.2069     11.4589      0.9999
      0.2069     13.1441      0.9798
      0.2069     13.2776      0.9811
      0.2069     13.4319      0.9757
      0.2069     13.6214      0.9867
      0.2069     16.2673      0.9807
      0.2069     16.3813      0.9792
      0.2069     16.6801      0.9306
      0.2069     16.6978      0.7736
      0.2069     17.2276      0.9599
      0.2069     17.9011      0.8706
      0.2069     18.0163      0.8903
      0.2069     18.1966      0.9086
      0.2069     20.4668      0.9924
 #KPT:            7
      0.2483    -13.8877      0.9941
      0.2483    -11.2998      0.9196
      0.2483     -9.6407      0.9367
      0.2483     -1.3644      0.9965
      0.2483      1.7059      0.9783
      0.2483     10.9264      0.9675
      0.2483     11.0485      1.0000
      0.2483     12.9682      0.9935
      0.2483     13.0970      0.9801
      0.2483     13.1449      0.9725
      0.2483     13.3487      0.9743
      0.2483     16.4303      0.9541
      0.2483     16.5200      0.9865
      0.2483     16.5852      0.9912
      0.2483     17.0252      0.7768
      0.2483     17.0507      0.9746
      0.2483     18.1841      0.8642
      0.2483     18.1849      0.8599
      0.2483     18.3931      0.8815
      0.2483     20.7841      0.9921
 #KPT:            8
      0.2897    -14.1644      0.9950
      0.2897    -11.0880      0.9200
      0.2897     -9.4486      0.9365
      0.2897     -1.6432      0.9969
      0.2897      1.9928      0.9785
      0.2897     10.6399      1.0000
      0.2897     10.8671      0.9758
      0.2897     12.5850      0.9978
      0.2897     12.9320      0.9681
      0.2897     13.0346      0.9811
      0.2897     13.1287      0.9696
      0.2897     16.1332      0.9659
      0.2897     16.5849      0.9997
      0.2897     16.7926      0.9907
      0.2897     17.0250      0.9791
      0.2897     17.3643      0.7770
      0.2897     18.4304      0.8444
      0.2897     18.4850      0.8588
      0.2897     18.6666      0.8676
      0.2897     21.1118      0.9917
 #KPT:            9
      0.3311    -14.4392      0.9957
      0.3311    -10.8687      0.9203
      0.3311     -9.2455      0.9365
      0.3311     -1.9240      0.9973
      0.3311      2.2889      0.9787
      0.3311     10.2366      1.0000
      0.3311     10.7360      0.9838
      0.3311     12.1854      0.9990
      0.3311     12.8044      0.9645
      0.3311     12.9121      0.9699
      0.3311     12.9620      0.9808
      0.3311     15.8327      0.9705
      0.3311     16.3024      0.9985
      0.3311     17.0829      0.9939
      0.3311     17.2724      0.9872
      0.3311     17.7152      0.7772
      0.3311     18.7121      0.8365
      0.3311     18.8010      0.8542
      0.3311     18.9788      0.8594
      0.3311     21.4500      0.9914
 #KPT:           10
      0.3724    -14.7108      0.9963
      0.3724    -10.6425      0.9207
      0.3724     -9.0332      0.9368
      0.3724     -2.2049      0.9976
      0.3724      2.5930      0.9789
      0.3724      9.8405      1.0000
      0.3724     10.5340      0.9898
      0.3724     11.7872      0.9995
      0.3724     12.6887      0.9694
      0.3724     12.7516      0.9636
      0.3724     12.8787      0.9822
      0.3724     15.5534      0.9712
      0.3724     15.9661      0.9985
      0.3724     17.3875      0.9964
      0.3724     17.5820      0.9914
      0.3724     18.0775      0.7775
      0.3724     19.0076      0.8333
      0.3724     19.1285      0.8504
      0.3724     19.3157      0.8537
      0.3724     21.3803      0.9940
 #KPT:           11
      0.4138    -14.9779      0.9967
      0.4138    -10.4092      0.9211
      0.4138     -8.8129      0.9372
      0.4138     -2.4848      0.9978
      0.4138      2.9055      0.9791
      0.4138      9.4533      1.0000
      0.4138     10.2784      0.9938
      0.4138     11.3962      0.9997
      0.4138     12.4596      0.9697
      0.4138     12.7423      0.9659
      0.4138     12.7895      0.9831
      0.4138     15.3154      0.9691
      0.4138     15.6189      0.9987
      0.4138     17.7027      0.9982
      0.4138     17.9193      0.9941
      0.4138     18.4511      0.7777
      0.4138     19.2958      0.8358
      0.4138     19.4635      0.8475
      0.4138     19.6712      0.8496
      0.4138     21.1871      0.9868
 #KPT:           12
      0.4552    -15.2398      0.9971
      0.4552    -10.1691      0.9215
      0.4552     -8.5855      0.9377
      0.4552     -2.7626      0.9981
      0.4552      3.2252      0.9794
      0.4552      9.0759      1.0000
      0.4552      9.9898      0.9961
      0.4552     11.0146      0.9998
      0.4552     12.2266      0.9700
      0.4552     12.6942      0.9840
      0.4552     12.7376      0.9710
      0.4552     15.1394      0.9651
      0.4552     15.2711      0.9989
      0.4552     18.0229      0.9994
      0.4552     18.2767      0.9959
      0.4552     18.8355      0.7781
      0.4552     19.5404      0.8497
      0.4552     19.7990      0.8460
      0.4552     20.0402      0.8469
      0.4552     21.0367      0.9689
 #KPT:           13
      0.4966    -15.4957      0.9974
      0.4966     -9.9221      0.9219
      0.4966     -8.3519      0.9384
      0.4966     -3.0373      0.9983
      0.4966      3.5536      0.9796
      0.4966      8.7089      1.0000
      0.4966      9.6839      0.9975
      0.4966     10.6434      0.9999
      0.4966     11.9923      0.9703
      0.4966     12.5956      0.9849
      0.4966     12.7020      0.9778
      0.4966     14.9273      0.9990
      0.4966     15.0455      0.9600
      0.4966     18.3386      1.0000
      0.4966     18.6509      0.9973
      0.4966     19.2307      0.7787
      0.4966     19.6767      0.8833
      0.4966     20.1226      0.8479
      0.4966     20.4140      0.8476
      0.4966     21.0072      0.9319
 #KPT:           14
      0.5380    -15.7451      0.9976
      0.5380     -9.6688      0.9223
      0.5380     -8.1130      0.9392
      0.5380     -3.3083      0.9985
      0.5380      3.8860      0.9799
      0.5380      8.3530      1.0000
      0.5380      9.3709      0.9983
      0.5380     10.2835      0.9999
      0.5380     11.7584      0.9705
      0.5380     12.4933      0.9857
      0.5380     12.6133      0.9845
      0.5380     14.5902      0.9991
      0.5380     15.0440      0.9554
      0.5380     18.6325      0.9994
      0.5380     19.0399      0.9984
      0.5380     19.6352      0.7819
      0.5380     19.6569      0.9211
      0.5380     20.4100      0.8582
      0.5380     20.7376      0.8833
      0.5380     21.1332      0.9562
 #KPT:           15
      0.5794    -15.9875      0.9978
      0.5794     -9.4092      0.9228
      0.5794     -7.8695      0.9400
      0.5794     -3.5741      0.9986
      0.5794      4.2257      0.9802
      0.5794      8.0084      1.0000
      0.5794      9.0575      0.9988
      0.5794      9.9352      0.9999
      0.5794     11.5275      0.9707
      0.5794     12.3888      0.9865
      0.5794     12.4690      0.9898
      0.5794     14.2614      0.9991
      0.5794     15.1289      0.9526
      0.5794     18.8720      0.9970
      0.5794     19.4404      0.9992
      0.5794     19.5248      0.9494
      0.5794     20.0495      0.7798
      0.5794     20.6306      0.8851
      0.5794     20.7108      0.9808
      0.5794     21.3363      0.8579
 #KPT:           16
      0.6207    -16.2227      0.9980
      0.6207     -9.1434      0.9233
      0.6207     -7.6219      0.9410
      0.6207     -3.8342      0.9988
      0.6207      4.5709      0.9805
      0.6207      7.6755      1.0000
      0.6207      8.7478      0.9992
      0.6207      9.5989      0.9999
      0.6207     11.3009      0.9707
      0.6207     12.2808      0.9934
      0.6207     12.2826      0.9872
      0.6207     13.9420      0.9992
      0.6207     15.2805      0.9519
      0.6207     19.0020      0.9921
      0.6207     19.3483      0.9614
      0.6207     19.8417      0.9998
      0.6207     20.4725      0.7809
      0.6207     20.5016      0.9944
      0.6207     20.7939      0.9238
      0.6207     21.7353      0.8425
 #KPT:           17
      0.6621    -16.4504      0.9981
      0.6621     -8.8720      0.9238
      0.6621     -7.3714      0.9421
      0.6621     -4.0879      0.9989
      0.6621      4.9210      0.9808
      0.6621      7.3544      1.0000
      0.6621      8.4443      0.9994
      0.6621      9.2746      0.9999
      0.6621     11.0784      0.9707
      0.6621     12.0640      0.9957
      0.6621     12.1748      0.9879
      0.6621     13.6327      0.9992
      0.6621     15.4749      0.9533
      0.6621     18.9674      0.9866
      0.6621     19.1688      0.9664
      0.6621     20.1003      0.9991
      0.6621     20.4200      0.9981
      0.6621     20.9031      0.7823
      0.6621     20.9846      0.9561
      0.6621     22.1666      0.8381
 #KPT:           18
      0.7035    -16.6703      0.9982
      0.7035     -8.5950      0.9244
      0.7035     -7.1182      0.9432
      0.7035     -4.3349      0.9990
      0.7035      5.2764      0.9812
      0.7035      7.0453      1.0000
      0.7035      8.1488      0.9995
      0.7035      8.9626      1.0000
      0.7035     10.8620      0.9705
      0.7035     11.8311      0.9971
      0.7035     12.0662      0.9887
      0.7035     13.3339      0.9992
      0.7035     15.6886      0.9565
      0.7035     18.7717      0.9832
      0.7035     19.0107      0.9672
      0.7035     19.9237      0.9986
      0.7035     20.7801      0.9998
      0.7035     21.2625      0.9750
      0.7035     21.3405      0.7841
      0.7035     22.6136      0.8357
 #KPT:           19
      0.7449    -16.8822      0.9983
      0.7449     -8.3128      0.9250
      0.7449     -6.8632      0.9444
      0.7449     -4.5745      0.9991
      0.7449      5.6362      0.9816
      0.7449      6.7484      1.0000
      0.7449      7.8625      0.9996
      0.7449      8.6631      1.0000
      0.7449     10.6550      0.9703
      0.7449     11.5910      0.9980
      0.7449     11.9554      0.9894
      0.7449     13.0461      0.9992
      0.7449     15.8975      0.9615
      0.7449     18.4711      0.9820
      0.7449     18.8950      0.9652
      0.7449     19.6797      0.9989
      0.7449     21.2190      1.0000
      0.7449     21.6209      0.9849
      0.7449     21.7832      0.7864
 #KPT:           20
      0.7863    -17.0859      0.9984
      0.7863     -8.0258      0.9256
      0.7863     -6.6077      0.9458
      0.7863     -4.8063      0.9991
      0.7863      5.9966      0.9820
      0.7863      6.4637      1.0000
      0.7863      7.5862      0.9997
      0.7863      8.3761      1.0000
      0.7863     10.4555      0.9700
      0.7863     11.3499      0.9986
      0.7863     11.8443      0.9901
      0.7863     12.7695      0.9992
      0.7863     16.0772      0.9681
      0.7863     18.1029      0.9817
      0.7863     18.8430      0.9610
      0.7863     19.4327      0.9991
      0.7863     21.6726      0.9998
      0.7863     22.0328      0.9904
      0.7863     22.2282      0.7895
 #KPT:           21
      0.8276    -17.2813      0.9985
      0.8276     -7.7344      0.9263
      0.8276     -6.3521      0.9472
      0.8276     -5.0299      0.9992
      0.8276      6.1914      1.0000
      0.8276      6.3590      0.9824
      0.8276      7.3206      0.9998
      0.8276      8.1016      1.0000
      0.8276     10.2648      0.9696
      0.8276     11.1115      0.9989
      0.8276     11.7294      0.9909
      0.8276     12.5045      0.9992
      0.8276     16.2043      0.9756
      0.8276     17.6995      0.9816
      0.8276     18.8751      0.9556
      0.8276     19.1903      0.9993
      0.8276     22.1320      0.9992
      0.8276     22.4822      0.9936
      0.8276     22.6735      0.7936
 #KPT:           22
      0.8690    -17.4682      0.9986
      0.8690     -7.4396      0.9271
      0.8690     -6.0978      0.9487
      0.8690     -5.2448      0.9993
      0.8690      5.9315      1.0000
      0.8690      6.7209      0.9830
      0.8690      7.0660      0.9998
      0.8690      7.8397      1.0000
      0.8690     10.0818      0.9693
      0.8690     10.8788      0.9992
      0.8690     11.6104      0.9918
      0.8690     12.2511      0.9992
      0.8690     16.2647      0.9829
      0.8690     17.2732      0.9817
      0.8690     18.9553      0.9994
      0.8690     19.0032      0.9503
      0.8690     22.5903      0.9982
 #KPT:           23
      0.9104    -17.6466      0.9986
      0.9104     -7.1417      0.9278
      0.9104     -5.8447      0.9503
      0.9104     -5.4513      0.9994
      0.9104      5.6840      1.0000
      0.9104      6.8227      0.9998
      0.9104      7.0819      0.9835
      0.9104      7.5905      1.0000
      0.9104      9.9097      0.9688
      0.9104     10.6530      0.9994
      0.9104     11.4882      0.9926
      0.9104     12.0094      0.9992
      0.9104     16.2584      0.9886
      0.9104     16.8420      0.9813
      0.9104     18.7287      0.9995
      0.9104     19.2240      0.9465
      0.9104     23.0386      0.9962
 #KPT:           24
      0.9518    -17.8163      0.9987
      0.9518     -6.8412      0.9287
      0.9518     -5.6481      0.9994
      0.9518     -5.5946      0.9520
      0.9518      5.4491      1.0000
      0.9518      6.5912      0.9999
      0.9518      7.3540      1.0000
      0.9518      7.4422      0.9840
      0.9518      9.7472      0.9682
      0.9518     10.4360      0.9995
      0.9518     11.3610      0.9935
      0.9518     11.7795      0.9992
      0.9518     16.2003      0.9926
      0.9518     16.4085      0.9808
      0.9518     18.5116      0.9995
      0.9518     19.5216      0.9445
 #KPT:           25
      0.9932    -17.9772      0.9987
      0.9932     -6.5393      0.9295
      0.9932     -5.8355      0.9995
      0.9932     -5.3482      0.9538
      0.9932      5.2267      1.0000
      0.9932      6.3716      0.9999
      0.9932      7.1301      1.0000
      0.9932      7.7988      0.9845
      0.9932      9.5945      0.9677
      0.9932     10.2285      0.9996
      0.9932     11.2274      0.9945
      0.9932     11.5616      0.9992
      0.9932     15.9821      0.9801
      0.9932     16.1069      0.9951
      0.9932     18.3047      0.9996
      0.9932     19.8764      0.9440
 #KPT:           26
      1.0346    -18.1293      0.9988
      1.0346     -6.2364      0.9305
      1.0346     -6.0131      0.9995
      1.0346     -5.1064      0.9556
      1.0346      5.0170      1.0000
      1.0346      6.1641      0.9999
      1.0346      6.9191      1.0000
      1.0346      8.1512      0.9851
      1.0346      9.4532      0.9670
      1.0346     10.0311      0.9997
      1.0346     11.0861      0.9954
      1.0346     11.3557      0.9992
      1.0346     15.5703      0.9792
      1.0346     15.9926      0.9967
      1.0346     18.1082      0.9996
      1.0346     20.2707      0.9447
 #KPT:           27
      1.0759    -18.2725      0.9988
      1.0759     -6.1807      0.9995
      1.0759     -5.9337      0.9316
      1.0759     -4.8708      0.9576
      1.0759      4.8198      1.0000
      1.0759      5.9688      0.9999
      1.0759      6.7207      1.0000
      1.0759      8.4994      0.9857
      1.0759      9.3219      0.9664
      1.0759      9.8445      0.9997
      1.0759     10.9353      0.9964
      1.0759     11.1618      0.9992
      1.0759     15.1746      0.9783
      1.0759     15.8679      0.9977
      1.0759     17.9226      0.9997
      1.0759     20.6899      0.9464
 #KPT:           28
      1.1173    -18.4066      0.9989
      1.1173     -6.3381      0.9996
      1.1173     -5.6326      0.9327
      1.1173     -4.6423      0.9596
      1.1173      4.6354      1.0000
      1.1173      5.7857      0.9999
      1.1173      6.5352      1.0000
      1.1173      8.8407      0.9863
      1.1173      9.2007      0.9657
      1.1173      9.6689      0.9998
      1.1173     10.7729      0.9974
      1.1173     10.9799      0.9992
      1.1173     14.8022      0.9773
      1.1173     15.7394      0.9984
      1.1173     17.7481      0.9997
      1.1173     21.1205      0.9492
 #KPT:           29
      1.1587    -18.5318      0.9989
      1.1587     -6.4854      0.9996
      1.1587     -5.3346      0.9340
      1.1587     -4.4220      0.9616
      1.1587      4.4636      1.0000
      1.1587      5.6150      0.9999
      1.1587      6.3625      1.0000
      1.1587      9.0914      0.9651
      1.1587      9.1688      0.9869
      1.1587      9.5046      0.9998
      1.1587     10.6012      0.9983
      1.1587     10.8102      0.9992
      1.1587     14.4561      0.9763
      1.1587     15.6116      0.9988
      1.1587     17.5849      0.9997
      1.1587     21.5471      0.9533
 #KPT:           30
      1.2001    -18.6478      0.9989
      1.2001     -6.6224      0.9996
      1.2001     -5.0416      0.9353
      1.2001     -4.2117      0.9638
      1.2001      4.3045      1.0000
      1.2001      5.4568      0.9999
      1.2001      6.2026      1.0000
      1.2001      8.9919      0.9644
      1.2001      9.3518      0.9998
      1.2001      9.4827      0.9876
      1.2001     10.4145      0.9991
      1.2001     10.6525      0.9993
      1.2001     14.1391      0.9753
      1.2001     15.4875      0.9991
      1.2001     17.4331      0.9998
      1.2001     21.9502      0.9591
 #KPT:           31
      1.2415    -18.7547      0.9990
      1.2415     -6.7488      0.9997
      1.2415     -4.7551      0.9369
      1.2415     -4.0122      0.9659
      1.2415      4.1581      1.0000
      1.2415      5.3110      1.0000
      1.2415      6.0554      1.0000
      1.2415      8.9022      0.9638
      1.2415      9.2108      0.9999
      1.2415      9.7836      0.9883
      1.2415     10.2153      0.9997
      1.2415     10.5070      0.9993
      1.2415     13.8544      0.9745
      1.2415     15.3695      0.9993
      1.2415     17.2929      0.9998
      1.2415     22.3050      0.9669
 #KPT:           32
      1.2829    -18.8524      0.9990
      1.2829     -6.8645      0.9997
      1.2829     -4.4773      0.9385
      1.2829     -3.8248      0.9681
      1.2829      4.0244      1.0000
      1.2829      5.1778      1.0000
      1.2829      5.9211      1.0000
      1.2829      8.8246      0.9633
      1.2829      9.0817      0.9999
      1.2829     10.0065      1.0000
      1.2829     10.0694      0.9890
      1.2829     10.3736      0.9993
      1.2829     13.6030      0.9737
      1.2829     15.2591      0.9995
      1.2829     17.1644      0.9998
      1.2829     22.5844      0.9758
 #KPT:           33
      1.3242    -18.9409      0.9990
      1.3242     -6.9693      0.9997
      1.3242     -4.2107      0.9404
      1.3242     -3.6501      0.9704
      1.3242      3.9035      1.0000
      1.3242      5.0572      1.0000
      1.3242      5.7996      1.0000
      1.3242      8.7572      0.9628
      1.3242      8.9648      0.9999
      1.3242      9.7921      0.9999
      1.3242     10.2525      0.9994
      1.3242     10.3387      0.9898
      1.3242     13.3851      0.9731
      1.3242     15.1576      0.9996
      1.3242     17.0477      0.9998
      1.3242     22.7746      0.9841
 #KPT:           34
      1.3656    -19.0202      0.9990
      1.3656     -7.0634      0.9997
      1.3656     -3.9588      0.9425
      1.3656     -3.4908      0.9726
      1.3656      3.7952      1.0000
      1.3656      4.9492      1.0000
      1.3656      5.6909      1.0000
      1.3656      8.6977      0.9624
      1.3656      8.8598      0.9999
      1.3656      9.5748      0.9995
      1.3656     10.1437      0.9994
      1.3656     10.5855      0.9905
      1.3656     13.1982      0.9726
      1.3656     15.0651      0.9997
      1.3656     16.9429      0.9999
 #KPT:           35
      1.4070    -19.0902      0.9990
      1.4070     -7.1468      0.9997
      1.4070     -3.7252      0.9447
      1.4070     -3.3472      0.9748
      1.4070      3.6998      1.0000
      1.4070      4.8538      1.0000
      1.4070      5.5950      1.0000
      1.4070      8.6451      0.9621
      1.4070      8.7670      0.9999
      1.4070      9.3628      0.9988
      1.4070     10.0473      0.9995
      1.4070     10.8080      0.9912
      1.4070     13.0408      0.9722
      1.4070     14.9823      0.9997
      1.4070     16.8501      0.9999
 #KPT:           36
      1.4484    -19.1509      0.9991
      1.4484     -7.2190      0.9997
      1.4484     -3.5119      0.9473
      1.4484     -3.2202      0.9769
      1.4484      3.6170      1.0000
      1.4484      4.7712      1.0000
      1.4484      5.5119      1.0000
      1.4484      8.6041      0.9619
      1.4484      8.6865      0.9999
      1.4484      9.1599      0.9977
      1.4484      9.9633      0.9996
      1.4484     11.0070      0.9919
      1.4484     12.9113      0.9718
      1.4484     14.9101      0.9998
      1.4484     16.7694      0.9999
 #KPT:           37
      1.4898    -19.2024      0.9991
      1.4898     -7.2803      0.9998
      1.4898     -3.3228      0.9501
      1.4898     -3.1111      0.9789
      1.4898      3.5470      1.0000
      1.4898      4.7012      1.0000
      1.4898      5.4416      1.0000
      1.4898      8.5698      0.9619
      1.4898      8.6183      0.9999
      1.4898      8.9742      0.9964
      1.4898      9.8920      0.9997
      1.4898     11.1792      0.9927
      1.4898     12.8067      0.9715
      1.4898     14.8485      0.9998
      1.4898     16.7010      0.9999
 #KPT:           38
      1.5311    -19.2444      0.9991
      1.5311     -7.3303      0.9998
      1.5311     -3.1613      0.9532
      1.5311     -3.0200      0.9808
      1.5311      3.4897      1.0000
      1.5311      4.6439      1.0000
      1.5311      5.3841      1.0000
      1.5311      8.5430      0.9620
      1.5311      8.5625      0.9999
      1.5311      8.8122      0.9950
      1.5311      9.8334      0.9998
      1.5311     11.3251      0.9934
      1.5311     12.7248      0.9711
      1.5311     14.7980      0.9998
      1.5311     16.6448      1.0000
 #KPT:           39
      1.5725    -19.2772      0.9991
      1.5725     -7.3694      0.9998
      1.5725     -3.0316      0.9567
      1.5725     -2.9488      0.9824
      1.5725      3.4452      1.0000
      1.5725      4.5994      1.0000
      1.5725      5.3393      1.0000
      1.5725      8.5190      1.0000
      1.5725      8.5240      0.9622
      1.5725      8.6781      0.9935
      1.5725      9.7876      0.9998
      1.5725     11.4384      0.9940
      1.5725     12.6630      0.9707
      1.5725     14.7584      0.9999
      1.5725     16.6011      1.0000
 #KPT:           40
      1.6139    -19.3006      0.9991
      1.6139     -7.3972      0.9998
      1.6139     -2.9356      0.9610
      1.6139     -2.8974      0.9832
      1.6139      3.4133      1.0000
      1.6139      4.5675      1.0000
      1.6139      5.3074      1.0000
      1.6139      8.4880      1.0000
      1.6139      8.5105      0.9622
      1.6139      8.5793      0.9924
      1.6139      9.7548      0.9999
      1.6139     11.5226      0.9947
      1.6139     12.6202      0.9702
      1.6139     14.7302      0.9999
      1.6139     16.5698      1.0000
 #KPT:           41
      1.6553    -19.3146      0.9991
      1.6553     -7.4139      0.9998
      1.6553     -2.8776      0.9691
      1.6553     -2.8663      0.9803
      1.6553      3.3943      1.0000
      1.6553      4.5484      1.0000
      1.6553      5.2883      1.0000
      1.6553      8.4694      1.0000
      1.6553      8.5014      0.9601
      1.6553      8.5187      0.9936
      1.6553      9.7350      1.0000
      1.6553     11.5722      0.9952
      1.6553     12.5949      0.9696
      1.6553     14.7132      0.9999
      1.6553     16.5510      1.0000
 #KPT:           42
      1.6967    -19.3193      0.9991
      1.6967     -7.4188      0.9998
      1.6967     -2.8591      0.9889
      1.6967     -2.8554      0.9655
      1.6967      3.3879      1.0000
      1.6967      4.5423      1.0000
      1.6967      5.2819      1.0000
      1.6967      8.4636      1.0000
      1.6967      8.4953      0.9646
      1.6967      8.4997      0.9886
      1.6967      9.7284      1.0000
      1.6967     11.5857      0.9958
      1.6967     12.5864      0.9689
      1.6967     14.7085      0.9999
      1.6967     16.5447      1.0000
 #KPT:           43
      1.6967    -19.3193      0.9991
      1.6967     -7.4188      0.9998
      1.6967     -2.8591      0.9889
      1.6967     -2.8554      0.9655
      1.6967      3.3879      1.0000
      1.6967      4.5423      1.0000
      1.6967      5.2819      1.0000
      1.6967      8.4636      1.0000
      1.6967      8.4953      0.9646
      1.6967      8.4997      0.9886
      1.6967      9.7284      1.0000
      1.6967     11.5857      0.9958
      1.6967     12.5864      0.9689
      1.6967     14.7085      0.9999
      1.6967     16.5447      1.0000
 #KPT:           44
      1.7387    -19.3145      0.9991
      1.7387     -7.4136      0.9998
      1.7387     -2.8790      0.9885
      1.7387     -2.8661      0.9630
      1.7387      3.3944      1.0000
      1.7387      4.5487      1.0000
      1.7387      5.2884      1.0000
      1.7387      8.4696      1.0000
      1.7387      8.5027      0.9857
      1.7387      8.5154      0.9675
      1.7387      9.7352      1.0000
      1.7387     11.5702      0.9955
      1.7387     12.5951      0.9694
      1.7387     14.7135      0.9999
      1.7387     16.5511      1.0000
 #KPT:           45
      1.7806    -19.3000      0.9991
      1.7806     -7.3963      0.9998
      1.7806     -2.9389      0.9884
      1.7806     -2.8973      0.9604
      1.7806      3.4141      1.0000
      1.7806      4.5684      1.0000
      1.7806      5.3082      1.0000
      1.7806      8.4888      1.0000
      1.7806      8.5118      0.9828
      1.7806      8.5791      0.9699
      1.7806      9.7555      0.9999
      1.7806     11.5222      0.9952
      1.7806     12.6213      0.9703
      1.7806     14.7311      0.9999
      1.7806     16.5705      1.0000
 #KPT:           46
      1.8226    -19.2760      0.9991
      1.8226     -7.3677      0.9998
      1.8226     -3.0386      0.9885
      1.8226     -2.9492      0.9578
      1.8226      3.4468      1.0000
      1.8226      4.6011      1.0000
      1.8226      5.3410      1.0000
      1.8226      8.5208      1.0000
      1.8226      8.5228      0.9794
      1.8226      8.6834      0.9723
      1.8226      9.7893      0.9999
      1.8226     11.4356      0.9949
      1.8226     12.6652      0.9714
      1.8226     14.7602      0.9999
      1.8226     16.6027      1.0000
 #KPT:           47
      1.8646    -19.2423      0.9991
      1.8646     -7.3276      0.9998
      1.8646     -3.1747      0.9887
      1.8646     -3.0204      0.9553
      1.8646      3.4927      1.0000
      1.8646      4.6469      1.0000
      1.8646      5.3871      1.0000
      1.8646      8.5358      0.9755
      1.8646      8.5655      1.0000
      1.8646      8.8274      0.9746
      1.8646      9.8363      0.9998
      1.8646     11.3166      0.9947
      1.8646     12.7281      0.9728
      1.8646     14.8008      0.9999
      1.8646     16.6478      1.0000
 #KPT:           48
      1.9066    -19.1989      0.9991
      1.9066     -7.2760      0.9998
      1.9066     -3.3450      0.9889
      1.9066     -3.1083      0.9530
      1.9066      3.5516      1.0000
      1.9066      4.7059      1.0000
      1.9066      5.4462      1.0000
      1.9066      8.5466      0.9713
      1.9066      8.6229      1.0000
      1.9066      9.0090      0.9768
      1.9066      9.8966      0.9997
      1.9066     11.1688      0.9945
      1.9066     12.8113      0.9744
      1.9066     14.8530      0.9999
      1.9066     16.7055      1.0000
 #KPT:           49
      1.9486    -19.1460      0.9991
      1.9486     -7.2130      0.9998
      1.9486     -3.5471      0.9892
      1.9486     -3.2115      0.9508
      1.9486      3.6237      1.0000
      1.9486      4.7779      1.0000
      1.9486      5.5186      1.0000
      1.9486      8.5568      0.9669
      1.9486      8.6931      1.0000
      1.9486      9.2273      0.9788
      1.9486      9.9697      0.9996
      1.9486     10.9915      0.9944
      1.9486     12.9153      0.9763
      1.9486     14.9165      0.9998
      1.9486     16.7759      0.9999
 #KPT:           50
      1.9906    -19.0835      0.9991
      1.9906     -7.1386      0.9998
      1.9906     -3.7779      0.9896
      1.9906     -3.3278      0.9488
      1.9906      3.7088      1.0000
      1.9906      4.8630      1.0000
      1.9906      5.6041      1.0000
      1.9906      8.5634      0.9623
      1.9906      8.7759      1.0000
      1.9906      9.4794      0.9807
      1.9906     10.0557      0.9996
      1.9906     10.7865      0.9942
      1.9906     13.0409      0.9784
      1.9906     14.9911      0.9998
      1.9906     16.8590      0.9999
 #KPT:           51
      2.0325    -19.0115      0.9991
      2.0325     -7.0530      0.9998
      2.0325     -4.0347      0.9900
      2.0325     -3.4552      0.9470
      2.0325      3.8071      1.0000
      2.0325      4.9611      1.0000
      2.0325      5.7027      1.0000
      2.0325      8.5603      0.9577
      2.0325      8.8711      1.0000
      2.0325      9.7620      0.9824
      2.0325     10.1542      0.9995
      2.0325     10.5556      0.9942
      2.0325     13.1877      0.9805
      2.0325     15.0766      0.9998
      2.0325     16.9544      0.9999
 #KPT:           52
      2.0745    -18.9299      0.9991
      2.0745     -6.9562      0.9998
      2.0745     -4.3145      0.9905
      2.0745     -3.5916      0.9454
      2.0745      3.9184      1.0000
      2.0745      5.0722      1.0000
      2.0745      5.8145      1.0000
      2.0745      8.5513      0.9532
      2.0745      8.9786      1.0000
      2.0745     10.0744      0.9839
      2.0745     10.2652      0.9994
      2.0745     10.3024      0.9941
      2.0745     13.3540      0.9827
      2.0745     15.1726      0.9998
      2.0745     17.0623      0.9999
      2.0745     22.8361      0.9969
 #KPT:           53
      2.1165    -18.8388      0.9991
      2.1165     -6.8481      0.9998
      2.1165     -4.6139      0.9909
      2.1165     -3.7346      0.9439
      2.1165      4.0429      1.0000
      2.1165      5.1963      1.0000
      2.1165      5.9395      1.0000
      2.1165      8.5337      0.9489
      2.1165      9.0976      1.0000
      2.1165     10.0279      0.9941
      2.1165     10.3886      0.9993
      2.1165     10.4146      0.9854
      2.1165     13.5395      0.9848
      2.1165     15.2791      0.9997
      2.1165     17.1824      0.9999
      2.1165     22.7072      0.9959
 #KPT:           54
      2.1585    -18.7382      0.9990
      2.1585     -6.7291      0.9997
      2.1585     -4.9303      0.9914
      2.1585     -3.8828      0.9425
      2.1585      4.1804      1.0000
      2.1585      5.3333      1.0000
      2.1585      6.0775      1.0000
      2.1585      8.5084      0.9450
      2.1585      9.2249      1.0000
      2.1585      9.7362      0.9941
      2.1585     10.5245      0.9993
      2.1585     10.7779      0.9867
      2.1585     13.7434      0.9868
      2.1585     15.3954      0.9997
      2.1585     17.3148      0.9998
      2.1585     22.5149      0.9949
 #KPT:           55
      2.2005    -18.6282      0.9990
      2.2005     -6.5993      0.9997
      2.2005     -5.2619      0.9918
      2.2005     -4.0344      0.9413
      2.2005      4.3309      1.0000
      2.2005      5.4830      1.0000
      2.2005      6.2286      0.9999
      2.2005      8.4739      0.9413
      2.2005      9.3097      0.9984
      2.2005      9.4795      0.9960
      2.2005     10.6727      0.9993
      2.2005     11.1625      0.9878
      2.2005     13.9601      0.9887
      2.2005     15.5209      0.9996
      2.2005     17.4591      0.9998
      2.2005     22.2619      0.9940
 #KPT:           56
      2.2424    -18.5088      0.9990
      2.2424     -6.4585      0.9997
      2.2424     -5.6053      0.9923
      2.2424     -4.1876      0.9403
      2.2424      4.4945      1.0000
      2.2424      5.6454      1.0000
      2.2424      6.3928      0.9999
      2.2424      8.4357      0.9380
      2.2424      9.0566      0.9950
      2.2424      9.5592      0.9994
      2.2424     10.8335      0.9993
      2.2424     11.5729      0.9888
      2.2424     14.1900      0.9904
      2.2424     15.6554      0.9995
      2.2424     17.6154      0.9998
      2.2424     21.9617      0.9933
 #KPT:           57
      2.2844    -18.3801      0.9990
      2.2844     -6.3072      0.9997
      2.2844     -5.9588      0.9927
      2.2844     -4.3409      0.9393
      2.2844      4.6711      1.0000
      2.2844      5.8202      1.0000
      2.2844      6.5700      0.9999
      2.2844      8.3901      0.9351
      2.2844      8.7175      0.9948
      2.2844      9.7230      0.9996
      2.2844     11.0068      0.9993
      2.2844     11.9960      0.9898
      2.2844     14.4273      0.9919
      2.2844     15.7974      0.9994
      2.2844     17.7835      0.9998
      2.2844     21.6305      0.9929
 #KPT:           58
      2.3264    -18.2420      0.9990
      2.3264     -6.3202      0.9931
      2.3264     -6.1455      0.9997
      2.3264     -4.4932      0.9385
      2.3264      4.8607      1.0000
      2.3264      6.0069      1.0000
      2.3264      6.7600      0.9998
      2.3264      8.3403      0.9325
      2.3264      8.3620      0.9948
      2.3264      9.9042      0.9997
      2.3264     11.1925      0.9993
      2.3264     12.4340      0.9906
      2.3264     14.6710      0.9933
      2.3264     15.9461      0.9992
      2.3264     17.9633      0.9998
      2.3264     21.2825      0.9927
 #KPT:           59
      2.3684    -18.0947      0.9990
      2.3684     -6.6882      0.9935
      2.3684     -5.9736      0.9997
      2.3684     -4.6430      0.9377
      2.3684      5.0633      1.0000
      2.3684      6.2044      1.0000
      2.3684      6.9627      0.9996
      2.3684      7.9945      0.9950
      2.3684      8.2873      0.9303
      2.3684     10.0988      0.9997
      2.3684     11.3909      0.9994
      2.3684     12.8867      0.9914
      2.3684     14.9151      0.9945
      2.3684     16.0997      0.9990
      2.3684     18.1545      0.9997
      2.3684     20.9276      0.9928
      2.3684     22.8497      0.9979
 #KPT:           60
      2.4104    -17.9382      0.9989
      2.4104     -7.0607      0.9938
      2.4104     -5.7916      0.9997
      2.4104     -4.7898      0.9370
      2.4104      5.2788      1.0000
      2.4104      6.4095      1.0000
      2.4104      7.1775      0.9994
      2.4104      7.6253      0.9951
      2.4104      8.2326      0.9285
      2.4104     10.3060      0.9997
      2.4104     11.6016      0.9994
      2.4104     13.3502      0.9921
      2.4104     15.1526      0.9956
      2.4104     16.2563      0.9988
      2.4104     18.3567      0.9997
      2.4104     20.5721      0.9931
      2.4104     22.2484      0.9987
 #KPT:           61
      2.4524    -17.7726      0.9989
      2.4524     -7.4362      0.9941
      2.4524     -5.6003      0.9997
      2.4524     -4.9324      0.9364
      2.4524      5.5071      0.9999
      2.4524      6.6067      0.9999
      2.4524      7.2696      0.9953
      2.4524      7.4034      0.9986
      2.4524      8.1792      0.9273
      2.4524     10.5252      0.9997
      2.4524     11.8249      0.9994
      2.4524     13.8217      0.9926
      2.4524     15.3852      0.9964
      2.4524     16.4122      0.9984
      2.4524     18.5694      0.9997
      2.4524     20.2198      0.9936
      2.4524     21.6443      0.9991
      2.4524     23.3227      0.9963
      2.4524     23.3911      0.9989
 #KPT:           62
      2.4943    -17.5979      0.9989
      2.4943     -7.8139      0.9944
      2.4943     -5.3995      0.9997
      2.4943     -5.0698      0.9359
      2.4943      5.7483      0.9999
      2.4943      6.6616      0.9979
      2.4943      7.0628      0.9976
      2.4943      7.6366      0.9962
      2.4943      8.1305      0.9282
      2.4943     10.7564      0.9996
      2.4943     12.0606      0.9995
      2.4943     14.3039      0.9932
      2.4943     15.5971      0.9972
      2.4943     16.5637      0.9980
      2.4943     18.7924      0.9996
      2.4943     19.8730      0.9944
      2.4943     21.0520      0.9993
      2.4943     22.7814      0.9992
      2.4943     22.8192      0.9956
 #KPT:           63
      2.5363    -17.4143      0.9989
      2.5363     -8.1924      0.9947
      2.5363     -5.2015      0.9354
      2.5363     -5.1898      0.9997
      2.5363      6.0022      0.9999
      2.5363      6.3680      0.9962
      2.5363      7.2124      0.9993
      2.5363      7.8541      0.9804
      2.5363      8.1110      0.9421
      2.5363     10.9992      0.9996
      2.5363     12.3087      0.9995
      2.5363     14.7917      0.9938
      2.5363     15.7786      0.9979
      2.5363     16.7031      0.9974
      2.5363     19.0241      0.9996
      2.5363     19.5343      0.9955
      2.5363     20.4820      0.9995
      2.5363     22.1865      0.9994
      2.5363     22.3207      0.9950
      2.5363     23.2061      0.9430
 #KPT:           64
      2.5783    -17.2219      0.9989
      2.5783     -8.5711      0.9950
      2.5783     -5.3286      0.9350
      2.5783     -4.9719      0.9997
      2.5783      5.9878      0.9960
      2.5783      6.2685      0.9998
      2.5783      7.4576      0.9996
      2.5783      7.9374      0.9346
      2.5783      8.2401      0.9863
      2.5783     11.2530      0.9995
      2.5783     12.5689      0.9995
      2.5783     15.2807      0.9943
      2.5783     15.9106      0.9984
      2.5783     16.8188      0.9966
      2.5783     19.2080      0.9968
      2.5783     19.2593      0.9994
      2.5783     19.9451      0.9996
      2.5783     21.6180      0.9995
      2.5783     21.8455      0.9947
      2.5783     23.0179      0.9429
 #KPT:           65
      2.6203    -17.0208      0.9988
      2.6203     -8.9481      0.9952
      2.6203     -5.4472      0.9346
      2.6203     -4.7454      0.9996
      2.6203      5.5977      0.9961
      2.6203      6.5471      0.9996
      2.6203      7.7288      0.9997
      2.6203      7.9104      0.9237
      2.6203      8.4953      0.9966
      2.6203     11.5184      0.9995
      2.6203     12.8415      0.9996
      2.6203     15.7747      0.9947
      2.6203     15.9850      0.9989
      2.6203     16.8956      0.9956
      2.6203     18.9053      0.9982
      2.6203     19.3666      0.9991
      2.6203     19.5796      0.9999
      2.6203     21.0928      0.9996
      2.6203     21.4069      0.9945
      2.6203     22.8431      0.9428
 #KPT:           66
      2.6623    -16.8111      0.9988
      2.6623     -9.3234      0.9955
      2.6623     -5.5586      0.9343
      2.6623     -4.5128      0.9996
      2.6623      5.2050      0.9962
      2.6623      6.8372      0.9992
      2.6623      7.8679      0.9213
      2.6623      8.0162      0.9997
      2.6623      8.7826      0.9986
      2.6623     11.7939      0.9994
      2.6623     13.1260      0.9996
      2.6623     15.9720      0.9993
      2.6623     16.2635      0.9952
      2.6623     16.9053      0.9946
      2.6623     18.6402      0.9995
      2.6623     18.9431      0.9996
      2.6623     19.7814      0.9995
      2.6623     20.6344      0.9997
      2.6623     21.0141      0.9947
      2.6623     22.6809      0.9428
 #KPT:           67
      2.7042    -16.5931      0.9988
      2.7042     -9.6959      0.9957
      2.7042     -5.6625      0.9340
      2.7042     -4.2743      0.9996
      2.7042      4.8143      0.9963
      2.7042      7.1366      0.9980
      2.7042      7.8262      0.9211
      2.7042      8.3177      0.9997
      2.7042      9.0875      0.9992
      2.7042     12.0792      0.9993
      2.7042     13.4221      0.9996
      2.7042     15.8552      0.9996
      2.7042     16.7485      0.9957
      2.7042     16.8185      0.9942
      2.7042     18.4319      1.0000
      2.7042     18.5050      0.9997
      2.7042     19.9723      0.9991
      2.7042     20.3150      0.9999
      2.7042     20.6751      0.9953
      2.7042     22.5316      0.9427
 #KPT:           68
      2.7462    -16.3670      0.9988
      2.7462    -10.0649      0.9958
      2.7462     -5.7582      0.9337
      2.7462     -4.0314      0.9996
      2.7462      4.4286      0.9964
      2.7462      7.4353      0.9916
      2.7462      7.7995      0.9262
      2.7462      8.6323      0.9997
      2.7462      9.4069      0.9995
      2.7462     12.3737      0.9992
      2.7462     13.7298      0.9996
      2.7462     15.6315      0.9998
      2.7462     16.6212      0.9945
      2.7462     17.2246      0.9961
      2.7462     18.0703      0.9998
      2.7462     18.2824      0.9992
      2.7462     19.8648      0.9992
      2.7462     20.3953      0.9965
      2.7462     20.3974      0.9997
      2.7462     22.3950      0.9426
 #KPT:           69
      2.7882    -16.1330      0.9988
      2.7882    -10.4292      0.9960
      2.7882     -5.8457      0.9335
      2.7882     -3.7852      0.9997
      2.7882      4.0515      0.9965
      2.7882      7.6421      0.9434
      2.7882      7.8812      0.9722
      2.7882      8.9596      0.9997
      2.7882      9.7400      0.9997
      2.7882     12.6762      0.9990
      2.7882     14.0483      0.9996
      2.7882     15.3184      0.9999
      2.7882     16.3300      0.9954
      2.7882     17.6218      0.9999
      2.7882     17.6834      0.9965
      2.7882     18.1652      0.9976
      2.7882     19.6835      0.9995
      2.7882     20.1763      0.9980
      2.7882     20.6456      0.9995
      2.7882     22.2714      0.9426
 #KPT:           70
      2.8302    -15.8916      0.9988
      2.8302    -10.7884      0.9961
      2.8302     -5.9246      0.9333
      2.8302     -3.5387      0.9997
      2.8302      3.6850      0.9966
      2.8302      7.6533      0.9205
      2.8302      8.1733      0.9954
      2.8302      9.2990      0.9996
      2.8302     10.0864      0.9998
      2.8302     12.9844      0.9988
      2.8302     14.3750      0.9997
      2.8302     14.9422      0.9999
      2.8302     15.9746      0.9965
      2.8302     17.1533      1.0000
      2.8302     18.0440      0.9959
      2.8302     18.1229      0.9969
      2.8302     19.5420      0.9996
      2.8302     20.0119      0.9993
      2.8302     20.9047      0.9993
      2.8302     22.1606      0.9425
      2.8302     22.7167      0.9903
 #KPT:           71
      2.8722    -15.6434      0.9988
      2.8722    -11.1414      0.9962
      2.8722     -5.9946      0.9331
      2.8722     -3.2945      0.9997
      2.8722      3.3331      0.9967
      2.8722      7.6279      0.9174
      2.8722      8.5180      0.9984
      2.8722      9.6502      0.9996
      2.8722     10.4457      0.9998
      2.8722     13.2949      0.9985
      2.8722     14.4958      0.9999
      2.8722     14.7404      0.9997
      2.8722     15.5837      0.9975
      2.8722     16.6698      1.0000
      2.8722     17.8949      0.9947
      2.8722     18.5405      0.9973
      2.8722     19.4086      0.9997
      2.8722     19.8877      1.0000
      2.8722     21.1497      0.9991
      2.8722     22.0629      0.9425
      2.8722     22.5092      0.9905
 #KPT:           72
      2.9142    -15.3892      0.9988
      2.9142    -11.4869      0.9963
      2.9142     -6.0555      0.9330
      2.9142     -3.0562      0.9997
      2.9142      3.0011      0.9967
      2.9142      7.6007      0.9162
      2.9142      8.8815      0.9992
      2.9142     10.0130      0.9996
      2.9142     10.8179      0.9999
      2.9142     13.5990      0.9981
      2.9142     14.0629      1.0000
      2.9142     15.0784      0.9997
      2.9142     15.1817      0.9984
      2.9142     16.1787      1.0000
      2.9142     17.7109      0.9943
      2.9142     18.9278      0.9978
      2.9142     19.2463      0.9998
      2.9142     19.7859      0.9996
      2.9142     21.3592      0.9990
      2.9142     21.9782      0.9425
      2.9142     22.3835      0.9913
 #KPT:           73
      2.9561    -15.1306      0.9988
      2.9561    -11.8234      0.9964
      2.9561     -6.1072      0.9328
      2.9561     -2.8295      0.9998
      2.9561      2.6946      0.9968
      2.9561      7.5757      0.9156
      2.9561      9.2589      0.9995
      2.9561     10.3869      0.9995
      2.9561     11.2027      0.9999
      2.9561     13.6061      1.0000
      2.9561     13.8655      0.9974
      2.9561     14.8084      0.9994
      2.9561     15.4365      0.9997
      2.9561     15.6872      1.0000
      2.9561     17.4942      0.9946
      2.9561     19.0324      0.9998
      2.9561     19.2717      0.9982
      2.9561     19.6929      0.9983
      2.9561     21.5092      0.9989
      2.9561     21.9065      0.9424
      2.9561     22.3386      0.9926
 #KPT:           74
      2.9981    -14.8701      0.9989
      2.9981    -12.1481      0.9963
      2.9981     -6.1502      0.9327
      2.9981     -2.6227      0.9998
      2.9981      2.4186      0.9968
      2.9981      7.5538      0.9152
      2.9981      9.6488      0.9996
      2.9981     10.7707      0.9994
      2.9981     11.5997      0.9999
      2.9981     13.1436      0.9999
      2.9981     13.9385      0.9969
      2.9981     14.6212      0.9999
      2.9981     15.1953      1.0000
      2.9981     15.8066      0.9997
      2.9981     17.2500      0.9954
      2.9981     18.7601      0.9998
      2.9981     19.5613      0.9985
      2.9981     19.6044      0.9965
      2.9981     21.5935      0.9989
      2.9981     21.8477      0.9424
      2.9981     22.3612      0.9944
 #KPT:           75
      3.0401    -14.6128      0.9990
      3.0401    -12.4551      0.9962
      3.0401     -6.1835      0.9327
      3.0401     -2.4423      0.9999
      3.0401      2.1863      0.9967
      3.0401      7.5373      0.9149
      3.0401     10.0505      0.9997
      3.0401     11.1642      0.9993
      3.0401     12.0084      0.9999
      3.0401     12.6831      0.9999
      3.0401     13.6635      0.9979
      3.0401     14.7124      1.0000
      3.0401     14.7763      0.9987
      3.0401     16.1824      0.9997
      3.0401     16.9896      0.9965
      3.0401     18.4450      0.9998
      3.0401     19.5271      0.9947
      3.0401     19.8060      0.9988
      3.0401     21.6486      0.9990
      3.0401     21.8020      0.9424
      3.0401     22.4290      0.9963
 #KPT:           76
      3.0821    -14.3707      0.9993
      3.0821    -12.7328      0.9960
      3.0821     -6.2072      0.9326
      3.0821     -2.3008      0.9999
      3.0821      2.0075      0.9967
      3.0821      7.5256      0.9147
      3.0821     10.4631      0.9998
      3.0821     11.5651      0.9991
      3.0821     12.2193      0.9999
      3.0821     12.4365      0.9999
      3.0821     13.2693      0.9986
      3.0821     14.2374      1.0000
      3.0821     15.0345      0.9976
      3.0821     16.5638      0.9997
      3.0821     16.7295      0.9978
      3.0821     18.0965      0.9998
      3.0821     19.4663      0.9933
      3.0821     19.9895      0.9990
      3.0821     21.6873      0.9991
      3.0821     21.7694      0.9424
      3.0821     22.5127      0.9981
 #KPT:           77
      3.1241    -14.1742      0.9997
      3.1241    -12.9507      0.9956
      3.1241     -6.2215      0.9326
      3.1241     -2.2097      0.9999
      3.1241      1.8941      0.9967
      3.1241      7.5187      0.9146
      3.1241     10.8844      0.9999
      3.1241     11.7748      0.9999
      3.1241     11.9664      0.9989
      3.1241     12.8604      0.9991
      3.1241     12.8643      0.9999
      3.1241     13.7730      1.0000
      3.1241     15.2651      0.9964
      3.1241     16.5077      0.9992
      3.1241     16.9466      0.9997
      3.1241     17.7304      0.9998
      3.1241     19.4277      0.9924
      3.1241     20.0996      0.9993
      3.1241     21.7174      0.9991
      3.1241     21.7498      0.9424
      3.1241     22.5813      0.9995
 #KPT:           78
      3.1660    -14.0907      1.0000
      3.1660    -13.0414      0.9953
      3.1660     -6.2263      0.9326
      3.1660     -2.1781      1.0000
      3.1660      1.8550      0.9967
      3.1660      7.5163      0.9146
      3.1660     11.2505      1.0000
      3.1660     11.3998      0.9998
      3.1660     12.2640      0.9980
      3.1660     12.5590      1.0000
      3.1660     13.2540      1.0000
      3.1660     13.3721      0.9999
      3.1660     15.3670      0.9957
      3.1660     16.4095      1.0000
      3.1660     17.2635      0.9999
      3.1660     17.4180      0.9996
      3.1660     19.4144      0.9921
      3.1660     20.1368      0.9994
      3.1660     21.7261      0.9992
      3.1660     21.7433      0.9424
      3.1660     22.6079      1.0000
 #KPT:           79
      3.1660    -14.0907      1.0000
      3.1660    -13.0414      0.9953
      3.1660     -6.2263      0.9326
      3.1660     -2.1781      1.0000
      3.1660      1.8550      0.9967
      3.1660      7.5163      0.9146
      3.1660     11.2505      1.0000
      3.1660     11.3998      0.9998
      3.1660     12.2640      0.9980
      3.1660     12.5590      1.0000
      3.1660     13.2540      1.0000
      3.1660     13.3721      0.9999
      3.1660     15.3670      0.9957
      3.1660     16.4095      1.0000
      3.1660     17.2635      0.9999
      3.1660     17.4180      0.9996
      3.1660     19.4144      0.9921
      3.1660     20.1368      0.9994
      3.1660     21.7261      0.9992
      3.1660     21.7433      0.9424
      3.1660     22.6079      1.0000
 #KPT:           80
      3.2085    -14.0865      1.0000
      3.2085    -13.0372      0.9949
      3.2085     -6.2483      0.9253
      3.2085     -2.1721      1.0000
      3.2085      1.8540      0.9963
      3.2085      7.5464      0.9195
      3.2085     11.2564      1.0000
      3.2085     11.4060      0.9998
      3.2085     12.2630      0.9975
      3.2085     12.5657      1.0000
      3.2085     13.2601      1.0000
      3.2085     13.3785      0.9999
      3.2085     15.3551      0.9941
      3.2085     16.4161      1.0000
      3.2085     17.2637      0.9999
      3.2085     17.4227      0.9996
      3.2085     19.3611      0.9845
      3.2085     20.1091      0.9994
      3.2085     21.7596      0.9992
      3.2085     21.8018      0.9418
      3.2085     22.6143      1.0000
 #KPT:           81
      3.2509    -14.0738      1.0000
      3.2509    -13.0248      0.9946
      3.2509     -6.3149      0.9182
      3.2509     -2.1543      1.0000
      3.2509      1.8495      0.9959
      3.2509      7.6360      0.9245
      3.2509     11.2739      1.0000
      3.2509     11.4245      0.9998
      3.2509     12.2587      0.9968
      3.2509     12.5859      1.0000
      3.2509     13.2785      1.0000
      3.2509     13.3977      0.9999
      3.2509     15.3185      0.9921
      3.2509     16.4360      1.0000
      3.2509     17.2639      0.9999
      3.2509     17.4367      0.9996
      3.2509     19.2221      0.9768
      3.2509     20.0327      0.9994
      3.2509     21.8512      0.9991
      3.2509     21.9529      0.9406
      3.2509     22.6333      1.0000
 #KPT:           82
      3.2933    -14.0527      1.0000
      3.2933    -13.0041      0.9942
      3.2933     -6.4236      0.9113
      3.2933     -2.1246      1.0000
      3.2933      1.8410      0.9954
      3.2933      7.7831      0.9293
      3.2933     11.3030      1.0000
      3.2933     11.4554      0.9998
      3.2933     12.2495      0.9958
      3.2933     12.6195      1.0000
      3.2933     13.3092      1.0000
      3.2933     13.4296      0.9999
      3.2933     15.2579      0.9897
      3.2933     16.4691      1.0000
      3.2933     17.2631      0.9999
      3.2933     17.4599      0.9995
      3.2933     19.0410      0.9710
      3.2933     19.9304      0.9994
      3.2933     21.9891      0.9991
      3.2933     22.1465      0.9360
      3.2933     22.6649      1.0000
 #KPT:           83
      3.3357    -14.0232      1.0000
      3.3357    -12.9752      0.9937
      3.3357     -6.5708      0.9048
      3.3357     -2.0827      1.0000
      3.3357      1.8297      0.9949
      3.3357      7.9846      0.9338
      3.3357     11.3438      1.0000
      3.3357     11.4988      0.9997
      3.3357     12.2339      0.9946
      3.3357     12.6666      1.0000
      3.3357     13.3520      1.0000
      3.3357     13.4742      0.9999
      3.3357     15.1772      0.9871
      3.3357     16.5156      1.0000
      3.3357     17.2602      0.9999
      3.3357     17.4922      0.9995
      3.3357     18.8561      0.9671
      3.3357     19.8266      0.9994
      3.3357     22.1590      0.9990
      3.3357     22.3357      0.9258
      3.3357     22.7094      1.0000
 #KPT:           84
      3.3781    -13.9852      1.0000
      3.3781    -12.9384      0.9932
      3.3781     -6.7533      0.8988
      3.3781     -2.0282      1.0000
      3.3781      1.8131      0.9942
      3.3781      8.2361      0.9380
      3.3781     11.3958      1.0000
      3.3781     11.5543      0.9997
      3.3781     12.2076      0.9928
      3.3781     12.7273      1.0000
      3.3781     13.4068      1.0000
      3.3781     13.5315      0.9999
      3.3781     15.0806      0.9844
      3.3781     16.5757      1.0000
      3.3781     17.2527      0.9998
      3.3781     17.5328      0.9994
      3.3781     18.6910      0.9648
      3.3781     19.7241      0.9995
      3.3781     22.3526      0.9990
      3.3781     22.4841      0.9070
      3.3781     22.7674      1.0000
 #KPT:           85
      3.4205    -13.9388      1.0000
      3.4205    -12.8939      0.9925
      3.4205     -6.9668      0.8935
      3.4205     -1.9634      1.0000
      3.4205      1.7912      0.9935
      3.4205      8.5330      0.9417
      3.4205     11.4591      1.0000
      3.4205     11.6217      0.9997
      3.4205     12.1670      0.9906
      3.4205     12.8011      1.0000
      3.4205     13.4735      1.0000
      3.4205     13.6013      0.9999
      3.4205     14.9769      0.9819
      3.4205     16.6483      1.0000
      3.4205     17.2379      0.9998
      3.4205     17.5805      0.9993
      3.4205     18.5584      0.9633
      3.4205     19.6288      0.9996
      3.4205     22.5601      0.8738
      3.4205     22.5613      0.9989
      3.4205     22.8364      1.0000
 #KPT:           86
      3.4630    -13.8841      1.0000
      3.4630    -12.8418      0.9918
      3.4630     -7.2067      0.8887
      3.4630     -1.8857      1.0000
      3.4630      1.7628      0.9926
      3.4630      8.8703      0.9450
      3.4630     11.5330      1.0000
      3.4630     11.7013      0.9997
      3.4630     12.1079      0.9877
      3.4630     12.8886      1.0000
      3.4630     13.5518      1.0000
      3.4630     13.6836      0.9999
      3.4630     14.8769      0.9800
      3.4630     16.7346      1.0000
      3.4630     17.2129      0.9998
      3.4630     17.6356      0.9992
      3.4630     18.4625      0.9619
      3.4630     19.5519      0.9996
      3.4630     22.3941      0.9981
      3.4630     22.5284      0.8195
      3.4630     22.7763      0.9989
 #KPT:           87
      3.5054    -13.8208      1.0000
      3.5054    -12.7826      0.9908
      3.5054     -7.4682      0.8847
      3.5054     -1.7961      1.0000
      3.5054      1.7269      0.9917
      3.5054      9.2429      0.9478
      3.5054     11.6179      1.0000
      3.5054     11.7927      0.9996
      3.5054     12.0270      0.9842
      3.5054     12.9895      1.0000
      3.5054     13.6416      1.0000
      3.5054     13.7783      0.9999
      3.5054     14.7922      0.9789
      3.5054     16.8341      1.0000
      3.5054     17.1803      0.9998
      3.5054     17.6960      0.9991
      3.5054     18.4022      0.9599
      3.5054     19.5070      0.9997
      3.5054     21.7612      0.9997
      3.5054     22.3501      0.7484
      3.5054     22.7511      0.9771
 #KPT:           88
      3.5478    -13.7492      1.0000
      3.5478    -12.7171      0.9897
      3.5478     -7.7475      0.8813
      3.5478     -1.6951      1.0000
      3.5478      1.6813      0.9906
      3.5478      9.6441      0.9502
      3.5478     11.7129      1.0000
      3.5478     11.8955      0.9996
      3.5478     11.9230      0.9803
      3.5478     13.1038      1.0000
      3.5478     13.7425      1.0000
      3.5478     13.8850      0.9999
      3.5478     14.7324      0.9784
      3.5478     16.9467      1.0000
      3.5478     17.1345      0.9998
      3.5478     17.7595      0.9989
      3.5478     18.3727      0.9563
      3.5478     19.4819      0.9997
      3.5478     21.1058      1.0000
      3.5478     22.0154      0.6877
      3.5478     22.5336      0.9296
 #KPT:           89
      3.5902    -13.6691      1.0000
      3.5902    -12.6457      0.9882
      3.5902     -8.0401      0.8787
      3.5902     -1.5815      1.0000
      3.5902      1.6251      0.9893
      3.5902     10.0690      0.9520
      3.5902     11.7981      0.9762
      3.5902     11.8174      1.0000
      3.5902     12.0099      0.9995
      3.5902     13.2316      1.0000
      3.5902     13.8540      1.0000
      3.5902     14.0037      0.9998
      3.5902     14.7044      0.9784
      3.5902     17.0728      1.0000
      3.5902     17.0775      0.9997
      3.5902     17.8248      0.9986
      3.5902     18.3673      0.9499
      3.5902     19.4860      0.9998
      3.5902     20.4573      0.9997
      3.5902     21.5689      0.6565
      3.5902     22.1716      0.7851
 #KPT:           90
      3.6326    -13.5807      1.0000
      3.6326    -12.5697      0.9863
      3.6326     -8.3411      0.8769
      3.6326     -1.4569      1.0000
      3.6326      1.5561      0.9879
      3.6326     10.5119      0.9533
      3.6326     11.6576      0.9721
      3.6326     11.9308      1.0000
      3.6326     12.1353      0.9993
      3.6326     13.3726      1.0000
      3.6326     13.9753      1.0000
      3.6326     14.1341      0.9998
      3.6326     14.7104      0.9785
      3.6326     17.0118      0.9997
      3.6326     17.2118      1.0000
      3.6326     17.8877      0.9981
      3.6326     18.3757      0.9381
      3.6326     19.5209      0.9998
      3.6326     19.8227      0.9990
      3.6326     21.0705      0.6512
      3.6326     21.6177      0.7072
 #KPT:           91
      3.6751    -13.4838      1.0000
      3.6751    -12.4906      0.9838
      3.6751     -8.6470      0.8760
      3.6751     -1.3207      1.0000
      3.6751      1.4719      0.9864
      3.6751     10.9635      0.9543
      3.6751     11.5084      0.9683
      3.6751     12.0522      1.0000
      3.6751     12.2720      0.9990
      3.6751     13.5271      1.0000
      3.6751     14.1060      1.0000
      3.6751     14.2757      0.9998
      3.6751     14.7495      0.9783
      3.6751     16.9426      0.9997
      3.6751     17.3639      1.0000
      3.6751     17.9433      0.9975
      3.6751     18.3825      0.9159
      3.6751     19.2070      0.9975
      3.6751     19.5859      0.9999
      3.6751     20.5672      0.6673
      3.6751     21.0121      0.6944
 #KPT:           92
      3.7175    -13.3787      1.0000
      3.7175    -12.4108      0.9804
      3.7175     -8.9525      0.8763
      3.7175     -1.1730      1.0000
      3.7175      1.3732      0.9846
      3.7175     11.3596      0.9648
      3.7175     11.4158      0.9549
      3.7175     12.1799      0.9999
      3.7175     12.4206      0.9983
      3.7175     13.6949      1.0000
      3.7175     14.2445      1.0000
      3.7175     14.4282      0.9997
      3.7175     14.8187      0.9775
      3.7175     16.8700      0.9997
      3.7175     17.5290      1.0000
      3.7175     17.9781      0.9970
      3.7175     18.3602      0.8732
      3.7175     18.6213      0.9943
      3.7175     19.6749      0.9999
      3.7175     20.1029      0.7095
      3.7175     20.4083      0.6962
 #KPT:           93
      3.7599    -13.2651      1.0000
      3.7599    -12.3336      0.9758
      3.7599     -9.2522      0.8782
      3.7599     -1.0141      1.0000
      3.7599      1.2566      0.9828
      3.7599     11.2182      0.9616
      3.7599     11.8548      0.9560
      3.7599     12.3129      0.9999
      3.7599     12.5838      0.9966
      3.7599     13.8759      1.0000
      3.7599     14.3899      1.0000
      3.7599     14.5910      0.9996
      3.7599     14.9135      0.9755
      3.7599     16.8034      0.9998
      3.7599     17.7070      1.0000
      3.7599     17.8828      0.9999
      3.7599     18.1718      0.9839
      3.7599     18.2585      0.7991
      3.7599     19.7330      0.7862
      3.7599     19.7891      0.9999
      3.7599     19.8224      0.7053
 #KPT:           94
      3.8023    -13.1433      1.0000
      3.8023    -12.2643      0.9691
      3.8023     -9.5387      0.8824
      3.8023     -0.8427      1.0000
      3.8023      1.1223      0.9808
      3.8023     11.0910      0.9587
      3.8023     12.2571      0.9595
      3.8023     12.4489      0.9999
      3.8023     12.7709      0.9919
      3.8023     14.0705      1.0000
      3.8023     14.5406      1.0000
      3.8023     14.7631      0.9995
      3.8023     15.0288      0.9715
      3.8023     16.7503      0.9998
      3.8023     17.4221      0.9938
      3.8023     17.8985      1.0000
      3.8023     18.0243      0.7143
      3.8023     18.0884      0.9725
      3.8023     19.2689      0.7254
      3.8023     19.5120      0.8765
      3.8023     19.9273      0.9999
 #KPT:           95
      3.8447    -13.0132      1.0000
      3.8447    -12.2111      0.9596
      3.8447     -9.8026      0.8897
      3.8447     -0.6605      1.0000
      3.8447      0.9692      0.9787
      3.8447     10.9830      0.9559
      3.8447     12.5847      0.9698
      3.8447     12.5848      0.9992
      3.8447     12.9992      0.9809
      3.8447     14.2783      1.0000
      3.8447     14.6939      0.9999
      3.8447     14.9425      0.9993
      3.8447     15.1575      0.9635
      3.8447     16.7131      0.9998
      3.8447     16.9195      0.9850
      3.8447     17.6675      0.6646
      3.8447     18.0235      0.9307
      3.8447     18.1027      1.0000
      3.8447     18.7844      0.7785
      3.8447     19.4267      0.9371
      3.8447     20.0851      1.0000
 #KPT:           96
      3.8871    -12.8748      1.0000
      3.8871    -12.1857      0.9463
      3.8871    -10.0304      0.9014
      3.8871     -0.4674      1.0000
      3.8871      0.7972      0.9765
      3.8871     10.8977      0.9529
      3.8871     12.7173      0.9999
      3.8871     12.8146      0.9794
      3.8871     13.2597      0.9696
      3.8871     14.4992      1.0000
      3.8871     14.8484      0.9999
      3.8871     15.1239      0.9993
      3.8871     15.2879      0.9468
      3.8871     16.4606      0.9695
      3.8871     16.7016      0.9998
      3.8871     17.2542      0.6562
      3.8871     17.8189      0.8338
      3.8871     18.3196      1.0000
      3.8871     18.4682      0.8926
      3.8871     19.4041      0.9663
 #KPT:           97
      3.9296    -12.7282      1.0000
      3.9296    -12.2037      0.9289
      3.9296    -10.2058      0.9179
      3.9296     -0.2634      1.0000
      3.9296      0.6070      0.9743
      3.9296     10.8369      0.9495
      3.9296     12.8420      0.9999
      3.9296     12.9708      0.9832
      3.9296     13.4844      0.9667
      3.9296     14.7333      1.0000
      3.9296     15.0024      0.9999
      3.9296     15.2904      0.9999
      3.9296     15.3940      0.9076
      3.9296     16.0818      0.9381
      3.9296     16.7223      0.9998
      3.9296     16.8520      0.6868
      3.9296     17.4597      0.7948
      3.9296     18.3512      0.9647
      3.9296     18.5493      1.0000
      3.9296     19.3700      0.9799
 #KPT:           98
      3.9720    -12.5734      1.0000
      3.9720    -12.2790      0.9092
      3.9720    -10.3142      0.9374
      3.9720     -0.0483      1.0000
      3.9720      0.3996      0.9720
      3.9720     10.8012      0.9453
      3.9720     12.9535      0.9999
      3.9720     13.0607      0.9820
      3.9720     13.6131      0.9738
      3.9720     14.9806      1.0000
      3.9720     15.1553      0.9999
      3.9720     15.3848      0.9886
      3.9720     15.4107      0.8177
      3.9720     15.8417      0.8886
      3.9720     16.5458      0.7756
      3.9720     16.7797      0.9999
      3.9720     17.1032      0.8300
      3.9720     18.3180      0.9864
      3.9720     18.7917      1.0000
      3.9720     19.2614      0.9870
 #KPT:           99
      4.0144    -12.4161      0.8906
      4.0144    -12.4104      1.0000
      4.0144    -10.3495      0.9559
      4.0144      0.1762      0.9698
      4.0144      0.1776      0.9999
      4.0144     10.7897      0.9399
      4.0144     13.0468      0.9999
      4.0144     13.0483      0.9791
      4.0144     13.6442      0.9879
      4.0144     15.2410      1.0000
      4.0144     15.2424      0.7022
      4.0144     15.3101      0.9999
      4.0144     15.3115      0.8916
      4.0144     15.7836      0.8928
      4.0144     16.4393      0.8936
      4.0144     16.8791      0.9999
      4.0144     16.8812      0.9044
      4.0144     18.3133      0.9942
      4.0144     19.0466      1.0000
      4.0144     19.0481      0.9913
