#K-Path  Band-1   Band-2   Band-3   Band-4      ...   Band-n
  0.00  -21.648  -16.956  -16.947  -16.907  -16.907  -16.906  -12.102  -11.817  -11.602   -8.421   -8.421   -8.416   -7.558   -3.464   -3.464   -2.087   -1.632   -1.632   -1.569   -1.422   -1.422   -1.106    1.968    4.280    4.594    4.832    4.832    4.977    4.993    5.387    5.944    5.944    5.978    6.266    6.266    7.367
  0.04  -21.648  -16.956  -16.947  -16.907  -16.907  -16.906  -12.100  -11.817  -11.604   -8.421   -8.421   -8.417   -7.566   -3.455   -3.451   -2.091   -1.665   -1.627   -1.536   -1.428   -1.419   -1.104    1.964    4.286    4.593    4.805    4.808    4.981    5.000    5.405    5.933    5.946    5.953    6.275    6.291    7.368
  0.07  -21.648  -16.956  -16.947  -16.907  -16.907  -16.906  -12.095  -11.817  -11.608   -8.421   -8.420   -8.417   -7.590   -3.428   -3.412   -2.102   -1.716   -1.611   -1.485   -1.449   -1.412   -1.100    1.953    4.303    4.572    4.724    4.760    4.991    5.020    5.455    5.871    5.901    5.981    6.304    6.343    7.369
  0.11  -21.648  -16.956  -16.947  -16.907  -16.907  -16.906  -12.087  -11.817  -11.615   -8.422   -8.420   -8.418   -7.628   -3.384   -3.349   -2.118   -1.768   -1.587   -1.480   -1.431   -1.400   -1.093    1.934    4.327    4.484    4.595    4.749    5.009    5.057    5.527    5.776    5.851    6.027    6.350    6.398    7.367
  0.15  -21.648  -16.955  -16.947  -16.907  -16.907  -16.906  -12.075  -11.817  -11.625   -8.422   -8.420   -8.418   -7.680   -3.322   -3.264   -2.138   -1.820   -1.556   -1.522   -1.383   -1.378   -1.084    1.908    4.333    4.353    4.426    4.775    5.034    5.115    5.618    5.674    5.786    6.089    6.413    6.442    7.358
  0.18  -21.648  -16.954  -16.946  -16.907  -16.907  -16.906  -12.061  -11.817  -11.638   -8.423   -8.420   -8.419   -7.742   -3.244   -3.159   -2.159   -1.869   -1.570   -1.519   -1.362   -1.327   -1.073    1.875    4.146    4.223    4.374    4.814    5.068    5.197    5.569    5.710    5.729    6.166    6.466    6.491    7.341
  0.22  -21.648  -16.953  -16.946  -16.907  -16.907  -16.906  -12.044  -11.817  -11.652   -8.424   -8.421   -8.419   -7.813   -3.150   -3.038   -2.180   -1.917   -1.624   -1.476   -1.337   -1.277   -1.061    1.834    3.938    3.996    4.385    4.852    5.112    5.301    5.470    5.625    5.859    6.257    6.466    6.582    7.323
  0.26  -21.648  -16.952  -16.946  -16.907  -16.907  -16.906  -12.024  -11.817  -11.667   -8.425   -8.422   -8.419   -7.890   -3.041   -2.903   -2.200   -1.962   -1.679   -1.431   -1.309   -1.230   -1.045    1.787    3.714    3.749    4.382    4.884    5.164    5.346    5.460    5.535    6.001    6.364    6.441    6.684    7.313
  0.29  -21.648  -16.951  -16.945  -16.907  -16.907  -16.906  -12.003  -11.816  -11.684   -8.427   -8.424   -8.420   -7.970   -2.918   -2.759   -2.217   -2.005   -1.735   -1.381   -1.278   -1.186   -1.025    1.735    3.479    3.490    4.362    4.907    5.225    5.263    5.443    5.605    6.147    6.397    6.487    6.794    7.325
  0.33  -21.648  -16.950  -16.945  -16.907  -16.907  -16.906  -11.980  -11.816  -11.701   -8.428   -8.426   -8.420   -8.051   -2.784   -2.612   -2.230   -2.044   -1.787   -1.330   -1.244   -1.145   -1.001    1.678    3.224    3.236    4.325    4.919    5.182    5.294    5.349    5.764    6.285    6.351    6.626    6.908    7.356
  0.36  -21.648  -16.949  -16.945  -16.907  -16.907  -16.907  -11.956  -11.816  -11.719   -8.429   -8.427   -8.422   -8.132   -2.639   -2.467   -2.240   -2.080   -1.832   -1.277   -1.209   -1.108   -0.969    1.618    2.953    2.988    4.271    4.921    5.110    5.258    5.370    5.900    6.337    6.408    6.775    7.022    7.261
  0.40  -21.648  -16.948  -16.944  -16.907  -16.907  -16.907  -11.932  -11.815  -11.736   -8.430   -8.429   -8.423   -8.210   -2.487   -2.337   -2.247   -2.112   -1.861   -1.224   -1.174   -1.074   -0.927    1.557    2.683    2.738    4.205    4.912    5.046    5.169    5.450    5.961    6.411    6.517    6.921    7.116    7.201
  0.44  -21.648  -16.947  -16.944  -16.907  -16.907  -16.907  -11.909  -11.815  -11.752   -8.432   -8.431   -8.425   -8.283   -2.329   -2.250   -2.240   -2.141   -1.860   -1.171   -1.137   -1.044   -0.871    1.495    2.418    2.488    4.129    4.896    4.989    5.086    5.532    5.951    6.568    6.619    7.056    7.099    7.264
  0.47  -21.648  -16.946  -16.943  -16.907  -16.907  -16.907  -11.886  -11.814  -11.766   -8.433   -8.433   -8.428   -8.350   -2.250   -2.193   -2.170   -2.166   -1.818   -1.120   -1.101   -1.018   -0.799    1.436    2.162    2.241    4.051    4.874    4.938    5.009    5.611    5.920    6.719    6.753    7.065    7.177    7.354
  0.51  -21.648  -16.945  -16.943  -16.907  -16.907  -16.907  -11.865  -11.814  -11.780   -8.435   -8.434   -8.430   -8.409   -2.249   -2.188   -2.186   -2.014   -1.751   -1.073   -1.066   -0.997   -0.709    1.381    1.922    2.002    3.973    4.849    4.891    4.940    5.683    5.892    6.822    6.936    7.053    7.282    7.428
  0.55  -21.648  -16.944  -16.943  -16.907  -16.907  -16.907  -11.847  -11.813  -11.791   -8.464   -8.435   -8.433   -8.432   -2.246   -2.205   -2.197   -1.869   -1.682   -1.033   -1.031   -0.979   -0.601    1.332    1.702    1.775    3.903    4.824    4.851    4.881    5.744    5.871    6.928    7.067    7.099    7.365    7.431
  0.58  -21.648  -16.943  -16.943  -16.907  -16.907  -16.907  -11.832  -11.813  -11.800   -8.504   -8.435   -8.435   -8.434   -2.242   -2.219   -2.212   -1.742   -1.627   -1.001   -0.996   -0.965   -0.484    1.291    1.513    1.569    3.843    4.802    4.817    4.834    5.791    5.859    7.035    7.107    7.233    7.362    7.419
  0.62  -21.648  -16.943  -16.943  -16.907  -16.907  -16.907  -11.821  -11.812  -11.807   -8.533   -8.436   -8.436   -8.435   -2.239   -2.229   -2.225   -1.643   -1.588   -0.974   -0.969   -0.955   -0.373    1.261    1.364    1.397    3.798    4.785    4.792    4.799    5.824    5.852    7.139    7.166    7.312    7.330    7.438
  0.66  -21.648  -16.943  -16.942  -16.907  -16.907  -16.907  -11.814  -11.812  -11.811   -8.551   -8.436   -8.436   -8.436   -2.237   -2.235   -2.234   -1.579   -1.565   -0.954   -0.952   -0.949   -0.289    1.241    1.268    1.278    3.770    4.774    4.776    4.778    5.842    5.849    7.229    7.234    7.283    7.388    7.425
  0.69  -21.648  -16.942  -16.942  -16.907  -16.907  -16.907  -11.812  -11.812  -11.812   -8.558   -8.436   -8.436   -8.436   -2.237   -2.237   -2.237   -1.558   -1.558   -0.947   -0.947   -0.947   -0.257    1.235    1.235    1.235    3.761    4.771    4.771    4.771    5.848    5.848    7.272    7.272    7.273    7.407    7.407
  0.69  -21.648  -16.942  -16.942  -16.907  -16.907  -16.907  -11.812  -11.812  -11.812   -8.558   -8.436   -8.436   -8.436   -2.237   -2.237   -2.237   -1.558   -1.558   -0.947   -0.947   -0.947   -0.257    1.235    1.235    1.235    3.761    4.771    4.771    4.771    5.848    5.848    7.272    7.272    7.273    7.407    7.407
  0.72  -21.648  -16.942  -16.942  -16.907  -16.907  -16.907  -11.813  -11.812  -11.812   -8.555   -8.436   -8.436   -8.436   -2.238   -2.235   -2.235   -1.572   -1.558   -0.950   -0.950   -0.947   -0.273    1.238    1.238    1.270    3.765    4.773    4.773    4.773    5.843    5.850    7.250    7.250    7.276    7.404    7.418
  0.74  -21.648  -16.943  -16.942  -16.907  -16.907  -16.907  -11.814  -11.812  -11.812   -8.545   -8.436   -8.436   -8.436   -2.240   -2.231   -2.231   -1.616   -1.558   -0.962   -0.962   -0.947   -0.315    1.248    1.248    1.369    3.780    4.781    4.781    4.782    5.830    5.856    7.199    7.200    7.290    7.395    7.434
  0.77  -21.648  -16.943  -16.942  -16.907  -16.907  -16.907  -11.816  -11.812  -11.812   -8.530   -8.436   -8.436   -8.435   -2.244   -2.223   -2.223   -1.687   -1.558   -0.980   -0.980   -0.947   -0.370    1.263    1.263    1.518    3.803    4.795    4.795    4.796    5.808    5.867    7.137    7.137    7.306    7.378    7.438
  0.80  -21.648  -16.943  -16.942  -16.907  -16.907  -16.907  -11.819  -11.813  -11.813   -8.510   -8.435   -8.435   -8.434   -2.250   -2.213   -2.213   -1.782   -1.558   -1.004   -1.004   -0.948   -0.426    1.284    1.284    1.702    3.837    4.813    4.813    4.814    5.780    5.881    7.072    7.072    7.337    7.350    7.424
  0.82  -21.648  -16.944  -16.942  -16.907  -16.907  -16.907  -11.823  -11.813  -11.813   -8.484   -8.434   -8.434   -8.433   -2.257   -2.199   -2.199   -1.899   -1.559   -1.035   -1.035   -0.949   -0.477    1.310    1.310    1.910    3.878    4.838    4.838    4.838    5.747    5.898    7.006    7.006    7.307    7.374    7.391
  0.85  -21.648  -16.945  -16.942  -16.907  -16.907  -16.907  -11.827  -11.813  -11.813   -8.454   -8.434   -8.434   -8.432   -2.266   -2.183   -2.183   -2.030   -1.559   -1.071   -1.071   -0.949   -0.519    1.339    1.339    2.134    3.929    4.866    4.867    4.867    5.710    5.919    6.942    6.942    7.249    7.341    7.343
  0.87  -21.648  -16.945  -16.942  -16.907  -16.907  -16.907  -11.831  -11.814  -11.814   -8.433   -8.433   -8.431   -8.419   -2.275   -2.172   -2.164   -2.164   -1.560   -1.112   -1.112   -0.950   -0.554    1.371    1.371    2.368    3.988    4.897    4.903    4.903    5.671    5.943    6.879    6.879    7.174    7.278    7.278
  0.90  -21.648  -16.946  -16.942  -16.907  -16.907  -16.907  -11.836  -11.814  -11.814   -8.432   -8.432   -8.429   -8.381   -2.318   -2.285   -2.142   -2.142   -1.560   -1.156   -1.156   -0.951   -0.582    1.404    1.404    2.606    4.054    4.930    4.944    4.944    5.631    5.970    6.818    6.818    7.083    7.207    7.207
  0.92  -21.648  -16.947  -16.942  -16.907  -16.907  -16.907  -11.841  -11.814  -11.814   -8.431   -8.431   -8.428   -8.341   -2.464   -2.295   -2.117   -2.117   -1.561   -1.203   -1.203   -0.952   -0.604    1.438    1.438    2.845    4.127    4.965    4.990    4.990    5.593    5.998    6.756    6.756    6.978    7.134    7.134
  0.95  -21.648  -16.948  -16.942  -16.907  -16.907  -16.907  -11.846  -11.815  -11.815   -8.430   -8.430   -8.426   -8.300   -2.607   -2.306   -2.090   -2.090   -1.561   -1.253   -1.253   -0.953   -0.622    1.472    1.472    3.082    4.207    4.999    5.043    5.043    5.556    6.027    6.689    6.689    6.862    7.065    7.065
  0.98  -21.648  -16.948  -16.942  -16.907  -16.907  -16.907  -11.851  -11.815  -11.815   -8.429   -8.429   -8.425   -8.258   -2.743   -2.316   -2.060   -2.060   -1.562   -1.304   -1.304   -0.954   -0.637    1.504    1.504    3.314    4.291    5.030    5.101    5.101    5.523    6.057    6.613    6.613    6.739    7.009    7.009
  1.00  -21.648  -16.949  -16.942  -16.907  -16.907  -16.907  -11.856  -11.816  -11.816   -8.428   -8.428   -8.423   -8.217   -2.869   -2.325   -2.027   -2.027   -1.562   -1.356   -1.356   -0.955   -0.648    1.535    1.535    3.536    4.380    5.057    5.165    5.165    5.494    6.087    6.525    6.525    6.610    6.968    6.968
  1.03  -21.648  -16.950  -16.942  -16.907  -16.907  -16.907  -11.860  -11.816  -11.816   -8.427   -8.427   -8.422   -8.178   -2.984   -2.334   -1.992   -1.992   -1.563   -1.409   -1.409   -0.956   -0.657    1.563    1.563    3.746    4.470    5.076    5.236    5.236    5.469    6.115    6.427    6.427    6.480    6.943    6.943
  1.05  -21.648  -16.950  -16.942  -16.907  -16.907  -16.907  -11.864  -11.816  -11.816   -8.426   -8.426   -8.421   -8.142   -3.085   -2.342   -1.955   -1.955   -1.563   -1.462   -1.462   -0.957   -0.665    1.588    1.588    3.940    4.560    5.086    5.312    5.312    5.451    6.141    6.322    6.322    6.351    6.932    6.932
  1.08  -21.648  -16.951  -16.942  -16.907  -16.907  -16.907  -11.867  -11.817  -11.817   -8.426   -8.426   -8.420   -8.110   -3.171   -2.349   -1.916   -1.916   -1.564   -1.515   -1.515   -0.958   -0.670    1.608    1.608    4.115    4.645    5.085    5.394    5.394    5.441    6.165    6.213    6.213    6.227    6.930    6.930
  1.11  -21.648  -16.951  -16.942  -16.907  -16.907  -16.907  -11.870  -11.817  -11.817   -8.425   -8.425   -8.419   -8.084   -3.239   -2.355   -1.875   -1.875   -1.566   -1.566   -1.564   -0.958   -0.675    1.625    1.625    4.267    4.722    5.073    5.438    5.482    5.482    6.102    6.102    6.114    6.184    6.935    6.935
  1.13  -21.648  -16.952  -16.942  -16.907  -16.907  -16.907  -11.872  -11.817  -11.817   -8.425   -8.425   -8.418   -8.065   -3.289   -2.359   -1.834   -1.834   -1.615   -1.615   -1.564   -0.959   -0.678    1.637    1.637    4.389    4.784    5.053    5.444    5.575    5.575    5.991    5.991    6.019    6.198    6.942    6.942
  1.16  -21.648  -16.952  -16.942  -16.907  -16.907  -16.907  -11.873  -11.817  -11.817   -8.424   -8.424   -8.418   -8.053   -3.319   -2.361   -1.796   -1.796   -1.657   -1.657   -1.564   -0.959   -0.679    1.644    1.644    4.471    4.824    5.033    5.453    5.673    5.673    5.882    5.882    5.952    6.207    6.948    6.948
  1.18  -21.648  -16.952  -16.942  -16.907  -16.907  -16.907  -11.873  -11.817  -11.817   -8.424   -8.424   -8.418   -8.049   -3.329   -2.362   -1.776   -1.776   -1.679   -1.679   -1.564   -0.959   -0.680    1.647    1.647    4.500    4.838    5.024    5.457    5.766    5.766    5.785    5.785    5.927    6.210    6.951    6.951
  1.18  -21.648  -16.952  -16.942  -16.907  -16.907  -16.907  -11.873  -11.817  -11.817   -8.424   -8.424   -8.418   -8.049   -3.329   -2.362   -1.776   -1.776   -1.679   -1.679   -1.564   -0.959   -0.680    1.647    1.647    4.500    4.838    5.024    5.457    5.766    5.766    5.785    5.785    5.927    6.210    6.951    6.951
  1.22  -21.648  -16.952  -16.943  -16.907  -16.907  -16.907  -11.886  -11.816  -11.806   -8.424   -8.424   -8.418   -8.044   -3.331   -2.359   -1.802   -1.781   -1.677   -1.676   -1.555   -0.965   -0.703    1.675    1.679    4.502    4.835    5.023    5.425    5.732    5.751    5.773    5.790    5.964    6.239    6.961    6.966
  1.26  -21.648  -16.952  -16.943  -16.907  -16.907  -16.907  -11.913  -11.812  -11.784   -8.424   -8.424   -8.418   -8.027   -3.337   -2.350   -1.870   -1.796   -1.673   -1.667   -1.536   -0.980   -0.767    1.757    1.772    4.508    4.806    5.039    5.350    5.647    5.688    5.739    5.838    6.037    6.312    6.992    7.010
  1.29  -21.648  -16.952  -16.943  -16.907  -16.907  -16.906  -11.943  -11.805  -11.762   -8.424   -8.423   -8.418   -7.999   -3.347   -2.337   -1.968   -1.821   -1.666   -1.654   -1.517   -1.004   -0.861    1.886    1.916    4.518    4.734    5.091    5.261    5.533    5.621    5.683    5.883    6.116    6.408    7.043    7.074
  1.33  -21.648  -16.952  -16.944  -16.907  -16.906  -16.906  -11.974  -11.796  -11.740   -8.424   -8.423   -8.418   -7.961   -3.360   -2.322   -2.085   -1.855   -1.656   -1.636   -1.501   -1.032   -0.969    2.055    2.097    4.532    4.627    5.114    5.235    5.404    5.553    5.609    5.909    6.195    6.520    7.113    7.148
  1.36  -21.648  -16.953  -16.945  -16.907  -16.906  -16.906  -12.006  -11.785  -11.720   -8.424   -8.422   -8.419   -7.913   -3.376   -2.314   -2.218   -1.893   -1.644   -1.614   -1.487   -1.078   -1.064    2.256    2.307    4.498    4.549    5.023    5.267    5.350    5.485    5.521    5.906    6.264    6.643    7.202    7.220
  1.40  -21.648  -16.953  -16.946  -16.907  -16.906  -16.906  -12.038  -11.771  -11.702   -8.424   -8.421   -8.419   -7.856   -3.394   -2.359   -2.325   -1.926   -1.629   -1.589   -1.475   -1.177   -1.097    2.481    2.535    4.357    4.569    4.918    5.126    5.416    5.420    5.503    5.874    6.316    6.776    7.180    7.236
  1.44  -21.648  -16.953  -16.947  -16.907  -16.906  -16.906  -12.070  -11.756  -11.686   -8.424   -8.420   -8.420   -7.792   -3.413   -2.504   -2.372   -1.937   -1.613   -1.562   -1.465   -1.259   -1.130    2.724    2.777    4.208    4.590    4.813    4.985    5.312    5.348    5.643    5.844    6.346    6.918    7.135    7.193
  1.47  -21.648  -16.954  -16.948  -16.907  -16.906  -16.906  -12.101  -11.740  -11.671   -8.424   -8.420   -8.419   -7.722   -3.432   -2.649   -2.460   -1.919   -1.595   -1.534   -1.456   -1.321   -1.163    2.980    3.025    4.057    4.610    4.711    4.847    5.201    5.282    5.624    5.964    6.356    7.049    7.065    7.255
  1.51  -21.648  -16.954  -16.949  -16.907  -16.906  -16.906  -12.130  -11.723  -11.659   -8.424   -8.421   -8.419   -7.646   -3.452   -2.790   -2.578   -1.879   -1.577   -1.506   -1.448   -1.365   -1.195    3.245    3.272    3.910    4.614    4.625    4.714    5.088    5.223    5.503    6.178    6.358    6.971    7.217    7.351
  1.55  -21.648  -16.954  -16.950  -16.906  -16.906  -16.906  -12.158  -11.705  -11.648   -8.424   -8.421   -8.419   -7.566   -3.472   -2.924   -2.713   -1.825   -1.557   -1.478   -1.442   -1.393   -1.225    3.494    3.513    3.789    4.522    4.588    4.631    4.977    5.175    5.358    6.360    6.413    6.899    7.308    7.370
  1.58  -21.648  -16.955  -16.951  -16.906  -16.906  -16.906  -12.184  -11.687  -11.638   -8.424   -8.422   -8.419   -7.485   -3.490   -3.050   -2.854   -1.764   -1.538   -1.451   -1.436   -1.408   -1.253    3.536    3.781    3.846    4.437    4.470    4.624    4.872    5.144    5.206    6.368    6.648    6.836    7.261    7.525
  1.62  -21.648  -16.955  -16.952  -16.906  -16.906  -16.906  -12.208  -11.671  -11.630   -8.424   -8.422   -8.419   -7.404   -3.507   -3.165   -2.995   -1.700   -1.519   -1.432   -1.427   -1.414   -1.278    3.422    4.044    4.050    4.363    4.364    4.602    4.774    5.060    5.130    6.386    6.780    6.832    7.259    7.681
  1.66  -21.648  -16.955  -16.953  -16.906  -16.906  -16.906  -12.229  -11.655  -11.623   -8.424   -8.423   -8.420   -7.325   -3.522   -3.268   -3.129   -1.637   -1.502   -1.430   -1.411   -1.404   -1.298    3.298    4.206    4.268    4.298    4.339    4.570    4.684    4.936    5.132    6.414    6.731    6.877    7.397    7.834
  1.69  -21.648  -16.956  -16.954  -16.906  -16.906  -16.906  -12.247  -11.640  -11.617   -8.424   -8.423   -8.421   -7.252   -3.535   -3.357   -3.252   -1.579   -1.486   -1.431   -1.402   -1.384   -1.314    3.182    4.183    4.186    4.457    4.533    4.536    4.606    4.860    5.143    6.449    6.690    6.828    7.631    7.985
  1.73  -21.648  -16.956  -16.955  -16.906  -16.906  -16.906  -12.262  -11.628  -11.612   -8.424   -8.424   -8.422   -7.186   -3.547   -3.432   -3.359   -1.529   -1.472   -1.433   -1.389   -1.368   -1.325    3.081    4.117    4.125    4.496    4.513    4.540    4.751    4.887    5.158    6.489    6.656    6.759    7.885    8.129
  1.77  -21.648  -16.956  -16.956  -16.906  -16.906  -16.906  -12.274  -11.618  -11.609   -8.424   -8.424   -8.423   -7.131   -3.555   -3.490   -3.447   -1.490   -1.460   -1.437   -1.372   -1.355   -1.331    2.999    4.063    4.072    4.464    4.488    4.490    4.934    4.992    5.173    6.529    6.630    6.693    8.127    8.263
  1.80  -21.648  -16.956  -16.956  -16.906  -16.906  -16.906  -12.282  -11.610  -11.606   -8.424   -8.424   -8.424   -7.089   -3.562   -3.533   -3.513   -1.464   -1.452   -1.441   -1.355   -1.345   -1.335    2.937    4.024    4.030    4.439    4.450    4.453    5.075    5.098    5.185    6.564    6.611    6.641    8.336    8.381
  1.84  -21.648  -16.956  -16.956  -16.906  -16.906  -16.906  -12.288  -11.606  -11.605   -8.424   -8.424   -8.424   -7.063   -3.566   -3.558   -3.553   -1.450   -1.447   -1.444   -1.342   -1.339   -1.337    2.899    4.000    4.002    4.424    4.427    4.428    5.165    5.170    5.193    6.587    6.600    6.607    8.479    8.493
  1.88  -21.648  -16.956  -16.956  -16.906  -16.906  -16.906  -12.289  -11.604  -11.604   -8.424   -8.424   -8.424   -7.054   -3.567   -3.567   -3.567   -1.445   -1.445   -1.445   -1.337   -1.337   -1.337    2.887    3.993    3.993    4.419    4.419    4.419    5.196    5.196    5.196    6.596    6.596    6.596    8.553    8.553
  1.88  -21.648  -16.956  -16.956  -16.906  -16.906  -16.906  -12.289  -11.604  -11.604   -8.424   -8.424   -8.424   -7.054   -3.567   -3.567   -3.567   -1.445   -1.445   -1.445   -1.337   -1.337   -1.337    2.887    3.993    3.993    4.419    4.419    4.419    5.196    5.196    5.196    6.596    6.596    6.596    8.553    8.553
  1.92  -21.648  -16.956  -16.956  -16.906  -16.906  -16.906  -12.287  -11.606  -11.606   -8.424   -8.424   -8.424   -7.067   -3.558   -3.558   -3.550   -1.451   -1.451   -1.442   -1.346   -1.338   -1.338    2.906    4.006    4.006    4.427    4.431    4.431    5.164    5.164    5.172    6.587    6.605    6.605    8.473    8.473
  1.96  -21.648  -16.956  -16.956  -16.906  -16.906  -16.906  -12.279  -11.610  -11.610   -8.424   -8.424   -8.423   -7.106   -3.530   -3.530   -3.500   -1.468   -1.468   -1.433   -1.370   -1.337   -1.337    2.962    4.043    4.043    4.449    4.467    4.467    5.072    5.072    5.104    6.564    6.633    6.633    8.269    8.354
  2.01  -21.648  -16.956  -16.956  -16.906  -16.906  -16.906  -12.266  -11.618  -11.618   -8.424   -8.424   -8.422   -7.169   -3.485   -3.485   -3.420   -1.499   -1.499   -1.418   -1.407   -1.334   -1.334    3.051    4.101    4.101    4.472    4.523    4.523    4.936    4.936    5.011    6.534    6.676    6.676    7.987    8.200
  2.05  -21.648  -16.955  -16.955  -16.906  -16.906  -16.906  -12.248  -11.628  -11.628   -8.424   -8.424   -8.421   -7.250   -3.421   -3.421   -3.314   -1.541   -1.541   -1.453   -1.398   -1.327   -1.327    3.167    4.172    4.172    4.461    4.560    4.560    4.808    4.808    4.935    6.503    6.731    6.731    7.671    8.019
  2.10  -21.648  -16.954  -16.954  -16.906  -16.906  -16.906  -12.226  -11.640  -11.640   -8.424   -8.424   -8.419   -7.347   -3.341   -3.341   -3.186   -1.593   -1.593   -1.503   -1.373   -1.316   -1.316    3.302    4.243    4.243    4.369    4.446    4.446    4.838    4.838    4.931    6.479    6.792    6.792    7.350    7.820
  2.14  -21.648  -16.953  -16.953  -16.906  -16.906  -16.906  -12.199  -11.654  -11.654   -8.424   -8.424   -8.418   -7.455   -3.244   -3.244   -3.043   -1.653   -1.653   -1.551   -1.343   -1.300   -1.300    3.440    4.168    4.168    4.206    4.382    4.382    4.974    4.974    5.000    6.455    6.852    6.852    7.051    7.616
  2.19  -21.648  -16.952  -16.952  -16.906  -16.906  -16.906  -12.169  -11.670  -11.670   -8.424   -8.424   -8.417   -7.571   -3.132   -3.132   -2.890   -1.716   -1.716   -1.592   -1.309   -1.282   -1.282    3.551    3.921    3.921    4.030    4.465    4.465    5.110    5.142    5.142    6.394    6.833    6.898    6.898    7.422
  2.23  -21.648  -16.951  -16.951  -16.906  -16.906  -16.906  -12.135  -11.686  -11.686   -8.425   -8.425   -8.416   -7.691   -3.006   -3.006   -2.735   -1.780   -1.780   -1.617   -1.272   -1.260   -1.260    3.536    3.647    3.647    3.948    4.562    4.562    5.240    5.322    5.322    6.225    6.783    6.912    6.912    7.261
  2.28  -21.648  -16.950  -16.950  -16.907  -16.906  -16.906  -12.098  -11.703  -11.703   -8.426   -8.426   -8.417   -7.811   -2.867   -2.867   -2.588   -1.844   -1.844   -1.617   -1.235   -1.235   -1.232    3.355    3.363    3.363    3.999    4.662    4.662    5.369    5.491    5.491    6.015    6.862    6.881    6.881    7.156
  2.32  -21.648  -16.949  -16.949  -16.907  -16.907  -16.907  -12.059  -11.720  -11.720   -8.427   -8.427   -8.418   -7.930   -2.719   -2.719   -2.462   -1.905   -1.905   -1.578   -1.208   -1.208   -1.191    3.075    3.075    3.114    4.071    4.759    4.759    5.428    5.627    5.627    5.898    6.838    6.838    7.099    7.099
  2.37  -21.648  -16.948  -16.948  -16.907  -16.907  -16.907  -12.020  -11.737  -11.737   -8.428   -8.428   -8.420   -8.044   -2.564   -2.564   -2.369   -1.960   -1.960   -1.493   -1.178   -1.178   -1.150    2.788    2.788    2.858    4.117    4.845    4.845    5.329    5.707    5.707    5.985    6.838    6.838    7.065    7.065
  2.41  -21.648  -16.947  -16.947  -16.907  -16.907  -16.907  -11.980  -11.753  -11.753   -8.429   -8.429   -8.422   -8.152   -2.407   -2.407   -2.310   -2.005   -2.005   -1.360   -1.147   -1.147   -1.110    2.506    2.506    2.597    4.125    4.908    4.908    5.174    5.736    5.736    6.183    6.881    6.881    7.068    7.068
  2.46  -21.648  -16.946  -16.946  -16.907  -16.907  -16.907  -11.942  -11.768  -11.768   -8.431   -8.431   -8.425   -8.251   -2.276   -2.267   -2.267   -2.028   -2.028   -1.191   -1.114   -1.114   -1.071    2.234    2.234    2.338    4.094    4.936    4.936    5.037    5.745    5.745    6.418    6.909    6.909    7.144    7.144
  2.50  -21.648  -16.945  -16.945  -16.907  -16.907  -16.907  -11.906  -11.780  -11.780   -8.432   -8.432   -8.428   -8.339   -2.258   -2.192   -2.192   -1.981   -1.981   -1.080   -1.080   -1.036   -0.999    1.976    1.976    2.084    4.033    4.928    4.928    4.934    5.760    5.760    6.662    6.928    6.928    7.264    7.264
  2.54  -21.648  -16.944  -16.944  -16.907  -16.907  -16.907  -11.875  -11.791  -11.791   -8.434   -8.434   -8.434   -8.412   -2.248   -2.191   -2.191   -1.864   -1.864   -1.046   -1.046   -1.006   -0.800    1.741    1.741    1.841    3.956    4.864    4.894    4.894    5.785    5.785    6.897    6.965    6.965    7.374    7.374
  2.59  -21.648  -16.943  -16.943  -16.907  -16.907  -16.907  -11.848  -11.800  -11.800   -8.477   -8.435   -8.435   -8.432   -2.243   -2.208   -2.208   -1.742   -1.742   -1.012   -1.012   -0.981   -0.605    1.537    1.537    1.616    3.880    4.818    4.849    4.849    5.812    5.812    7.030    7.030    7.104    7.447    7.447
  2.63  -21.648  -16.943  -16.943  -16.907  -16.907  -16.907  -11.829  -11.807  -11.807   -8.521   -8.436   -8.436   -8.434   -2.239   -2.223   -2.223   -1.643   -1.643   -0.980   -0.980   -0.962   -0.431    1.376    1.376    1.423    3.816    4.790    4.808    4.808    5.832    5.832    7.119    7.119    7.267    7.468    7.468
  2.68  -21.648  -16.943  -16.943  -16.907  -16.907  -16.907  -11.816  -11.811  -11.811   -8.548   -8.436   -8.436   -8.436   -2.237   -2.233   -2.233   -1.580   -1.580   -0.956   -0.956   -0.951   -0.305    1.271    1.271    1.286    3.775    4.775    4.780    4.780    5.844    5.844    7.215    7.215    7.289    7.371    7.441
  2.72  -21.648  -16.942  -16.942  -16.907  -16.907  -16.907  -11.812  -11.812  -11.812   -8.558   -8.436   -8.436   -8.436   -2.237   -2.237   -2.237   -1.558   -1.558   -0.947   -0.947   -0.947   -0.257    1.235    1.235    1.235    3.761    4.771    4.771    4.771    5.848    5.848    7.272    7.272    7.273    7.407    7.407
