#Kpoint-index:    1
      0.0000    -35.4794      0.9922
      0.0000    -35.2391      0.9495
      0.0000    -35.2035      0.9936
      0.0000    -12.4763      0.9977
      0.0000    -12.2762      0.9996
      0.0000     -5.9931      0.9976
      0.0000     -5.0021      0.9982
      0.0000     -4.3068      0.9999
      0.0000     -3.4177      0.9992
      0.0000     -2.0985      0.9992
      0.0000     -1.2352      0.9897
      0.0000     -0.8782      0.9993
      0.0000      1.9495      0.9825
      0.0000      2.4676      0.9871
      0.0000      3.6523      0.9996
      0.0000      4.0369      0.9966
#Kpoint-index:    2
      0.0137    -35.4794      0.9921
      0.0137    -35.2391      0.9977
      0.0137    -35.2037      0.9936
      0.0137    -12.4761      0.9977
      0.0137    -12.2760      0.9996
      0.0137     -5.9924      0.9977
      0.0137     -5.0027      0.9982
      0.0137     -4.3066      1.0000
      0.0137     -3.4179      0.9992
      0.0137     -2.0984      0.9992
      0.0137     -1.2408      0.9901
      0.0137     -0.8753      0.9986
      0.0137      1.9498      0.9820
      0.0137      2.4678      0.9874
      0.0137      3.6531      0.9996
      0.0137      4.0346      0.9967
#Kpoint-index:    3
      0.0274    -35.4792      0.9920
      0.0274    -35.2391      0.9994
      0.0274    -35.2041      0.9936
      0.0274    -12.4754      0.9975
      0.0274    -12.2756      0.9995
      0.0274     -5.9903      0.9977
      0.0274     -5.0045      0.9981
      0.0274     -4.3059      1.0000
      0.0274     -3.4183      0.9993
      0.0274     -2.0979      0.9992
      0.0274     -1.2568      0.9908
      0.0274     -0.8669      0.9976
      0.0274      1.9506      0.9815
      0.0274      2.4684      0.9874
      0.0274      3.6558      0.9995
      0.0274      4.0281      0.9967
#Kpoint-index:    4
      0.0410    -35.4790      0.9919
      0.0410    -35.2391      0.9996
      0.0410    -35.2046      0.9936
      0.0410    -12.4742      0.9975
      0.0410    -12.2749      0.9995
      0.0410     -5.9868      0.9977
      0.0410     -5.0074      0.9981
      0.0410     -4.3047      0.9999
      0.0410     -3.4188      0.9993
      0.0410     -2.0973      0.9991
      0.0410     -1.2817      0.9915
      0.0410     -0.8544      0.9966
      0.0410      1.9522      0.9809
      0.0410      2.4695      0.9875
      0.0410      3.6602      0.9995
      0.0410      4.0173      0.9968
#Kpoint-index:    5
      0.0547    -35.4786      0.9917
      0.0547    -35.2390      0.9997
      0.0547    -35.2054      0.9936
      0.0547    -12.4725      0.9975
      0.0547    -12.2739      0.9995
      0.0547     -5.9818      0.9977
      0.0547     -5.0115      0.9980
      0.0547     -4.3030      0.9999
      0.0547     -3.4195      0.9994
      0.0547     -2.0963      0.9991
      0.0547     -1.3140      0.9922
      0.0547     -0.8392      0.9955
      0.0547      1.9541      0.9804
      0.0547      2.4711      0.9875
      0.0547      3.6663      0.9994
      0.0547      4.0025      0.9969
#Kpoint-index:    6
      0.0684    -35.4781      0.9916
      0.0684    -35.2389      0.9997
      0.0684    -35.2064      0.9936
      0.0684    -12.4704      0.9974
      0.0684    -12.2725      0.9995
      0.0684     -5.9754      0.9977
      0.0684     -5.0168      0.9980
      0.0684     -4.3008      0.9999
      0.0684     -3.4202      0.9994
      0.0684     -2.0951      0.9990
      0.0684     -1.3523      0.9929
      0.0684     -0.8225      0.9945
      0.0684      1.9566      0.9798
      0.0684      2.4733      0.9876
      0.0684      3.6741      0.9993
      0.0684      3.9843      0.9970
#Kpoint-index:    7
      0.0821    -35.4776      0.9915
      0.0821    -35.2388      0.9997
      0.0821    -35.2076      0.9936
      0.0821    -12.4679      0.9973
      0.0821    -12.2709      0.9995
      0.0821     -5.9676      0.9976
      0.0821     -5.0233      0.9979
      0.0821     -4.2981      0.9999
      0.0821     -3.4210      0.9994
      0.0821     -2.0937      0.9990
      0.0821     -1.3956      0.9935
      0.0821     -0.8052      0.9936
      0.0821      1.9592      0.9793
      0.0821      2.4762      0.9876
      0.0821      3.6833      0.9992
      0.0821      3.9630      0.9972
#Kpoint-index:    8
      0.0957    -35.4769      0.9914
      0.0957    -35.2387      0.9997
      0.0957    -35.2090      0.9936
      0.0957    -12.4649      0.9973
      0.0957    -12.2690      0.9995
      0.0957     -5.9584      0.9976
      0.0957     -5.0308      0.9978
      0.0957     -4.2950      0.9999
      0.0957     -3.4217      0.9995
      0.0957     -2.0921      0.9989
      0.0957     -1.4433      0.9940
      0.0957     -0.7880      0.9928
      0.0957      1.9619      0.9788
      0.0957      2.4799      0.9877
      0.0957      3.6933      0.9990
      0.0957      3.9390      0.9974
#Kpoint-index:    9
      0.1094    -35.4761      0.9912
      0.1094    -35.2385      0.9997
      0.1094    -35.2106      0.9936
      0.1094    -12.4614      0.9972
      0.1094    -12.2668      0.9995
      0.1094     -5.9478      0.9976
      0.1094     -5.0394      0.9978
      0.1094     -4.2913      0.9999
      0.1094     -3.4224      0.9995
      0.1094     -2.0905      0.9989
      0.1094     -1.4947      0.9945
      0.1094     -0.7711      0.9921
      0.1094      1.9645      0.9782
      0.1094      2.4846      0.9878
      0.1094      3.7038      0.9988
      0.1094      3.9136      0.9977
#Kpoint-index:   10
      0.1231    -35.4752      0.9911
      0.1231    -35.2383      0.9997
      0.1231    -35.2124      0.9936
      0.1231    -12.4575      0.9971
      0.1231    -12.2644      0.9995
      0.1231     -5.9358      0.9976
      0.1231     -5.0492      0.9977
      0.1231     -4.2873      0.9998
      0.1231     -3.4230      0.9995
      0.1231     -2.0890      0.9988
      0.1231     -1.5495      0.9949
      0.1231     -0.7549      0.9914
      0.1231      1.9666      0.9777
      0.1231      2.4903      0.9879
      0.1231      3.7131      0.9985
      0.1231      3.8882      0.9981
#Kpoint-index:   11
      0.1368    -35.4742      0.9910
      0.1368    -35.2382      0.9997
      0.1368    -35.2143      0.9936
      0.1368    -12.4532      0.9970
      0.1368    -12.2617      0.9995
      0.1368     -5.9225      0.9976
      0.1368     -5.0601      0.9977
      0.1368     -4.2828      0.9998
      0.1368     -3.4233      0.9996
      0.1368     -2.0876      0.9988
      0.1368     -1.6071      0.9952
      0.1368     -0.7394      0.9907
      0.1368      1.9682      0.9771
      0.1368      2.4972      0.9880
      0.1368      3.7187      0.9979
      0.1368      3.8659      0.9986
#Kpoint-index:   12
      0.1504    -35.4731      0.9909
      0.1504    -35.2380      0.9997
      0.1504    -35.2166      0.9936
      0.1504    -12.4485      0.9970
      0.1504    -12.2588      0.9995
      0.1504     -5.9078      0.9976
      0.1504     -5.0720      0.9976
      0.1504     -4.2781      0.9998
      0.1504     -3.4235      0.9996
      0.1504     -2.0864      0.9987
      0.1504     -1.6675      0.9955
      0.1504     -0.7247      0.9901
      0.1504      1.9689      0.9766
      0.1504      2.5055      0.9881
      0.1504      3.7160      0.9973
      0.1504      3.8512      0.9993
#Kpoint-index:   13
      0.1641    -35.4719      0.9907
      0.1641    -35.2378      0.9997
      0.1641    -35.2190      0.9936
      0.1641    -12.4434      0.9969
      0.1641    -12.2557      0.9995
      0.1641     -5.8918      0.9976
      0.1641     -5.0849      0.9976
      0.1641     -4.2730      0.9997
      0.1641     -3.4234      0.9996
      0.1641     -2.0854      0.9987
      0.1641     -1.7305      0.9958
      0.1641     -0.7108      0.9896
      0.1641      1.9687      0.9761
      0.1641      2.5152      0.9882
      0.1641      3.7011      0.9969
      0.1641      3.8486      0.9998
#Kpoint-index:   14
      0.1778    -35.4706      0.9906
      0.1778    -35.2376      0.9996
      0.1778    -35.2215      0.9936
      0.1778    -12.4379      0.9968
      0.1778    -12.2523      0.9995
      0.1778     -5.8745      0.9976
      0.1778     -5.0988      0.9975
      0.1778     -4.2675      0.9997
      0.1778     -3.4227      0.9996
      0.1778     -2.0846      0.9986
      0.1778     -1.7954      0.9961
      0.1778     -0.6975      0.9890
      0.1778      1.9672      0.9756
      0.1778      2.5266      0.9883
      0.1778      3.6754      0.9967
      0.1778      3.8571      0.9999
#Kpoint-index:   15
      0.1915    -35.4692      0.9905
      0.1915    -35.2374      0.9995
      0.1915    -35.2243      0.9936
      0.1915    -12.4321      0.9967
      0.1915    -12.2487      0.9994
      0.1915     -5.8558      0.9976
      0.1915     -5.1137      0.9975
      0.1915     -4.2616      0.9996
      0.1915     -3.4215      0.9996
      0.1915     -2.0843      0.9985
      0.1915     -1.8623      0.9963
      0.1915     -0.6849      0.9885
      0.1915      1.9643      0.9744
      0.1915      2.5395      0.9884
      0.1915      3.6425      0.9968
      0.1915      3.8729      0.9999
#Kpoint-index:   16
      0.2051    -35.4677      0.9903
      0.2051    -35.2372      0.9989
      0.2051    -35.2272      0.9936
      0.2051    -12.4259      0.9966
      0.2051    -12.2448      0.9994
      0.2051     -5.8359      0.9976
      0.2051     -5.1294      0.9975
      0.2051     -4.2555      0.9996
      0.2051     -3.4197      0.9996
      0.2051     -2.0845      0.9985
      0.2051     -1.9310      0.9966
      0.2051     -0.6728      0.9880
      0.2051      1.9599      0.9745
      0.2051      2.5542      0.9885
      0.2051      3.6057      0.9969
      0.2051      3.8932      0.9999
#Kpoint-index:   17
      0.2188    -35.4661      0.3165
      0.2188    -35.4661      0.2513
      0.2188    -35.4661      0.4224
      0.2188    -35.2370      0.3318
      0.2188    -35.2370      0.3340
      0.2188    -35.2369      0.3340
      0.2188    -35.2303      0.5146
      0.2188    -35.2303      0.2288
      0.2188    -35.2303      0.2502
      0.2188    -12.4194      0.5221
      0.2188    -12.4194      0.1529
      0.2188    -12.4194      0.3216
      0.2188    -12.2408      0.4630
      0.2188    -12.2408      0.2285
      0.2188    -12.2408      0.3079
      0.2188     -5.8146      0.4603
      0.2188     -5.8146      0.4902
      0.2188     -5.1459      0.1071
      0.2188     -5.1459      0.4992
      0.2188     -5.1459      0.3911
      0.2188     -4.2492      0.3066
      0.2188     -4.2492      0.3398
      0.2188     -4.2492      0.3531
      0.2188     -3.4174      0.3207
      0.2188     -3.4174      0.4284
      0.2188     -3.4174      0.2506
      0.2188     -2.0852      0.2036
      0.2188     -2.0852      0.7288
      0.2188     -2.0852      0.0660
      0.2188     -2.0016      0.4191
      0.2188     -2.0016      0.4194
      0.2188     -2.0016      0.1583
      0.2188     -0.6610      0.4312
      0.2188     -0.6610      0.3426
      0.2188     -0.6610      0.2138
      0.2188      1.9538      0.3118
      0.2188      1.9538      0.3144
      0.2188      1.9538      0.3479
      0.2188      2.5705      0.2802
      0.2188      2.5705      0.2690
      0.2188      2.5706      0.4394
      0.2188      3.5667      0.3609
      0.2188      3.5667      0.3624
      0.2188      3.5667      0.2738
      0.2188      3.9163      0.4700
      0.2188      3.9163      0.3619
      0.2188      3.9163      0.1679
#Kpoint-index:   18
      0.2325    -35.4644      0.9901
      0.2325    -35.2367      0.9990
      0.2325    -35.2336      0.9936
      0.2325    -12.4126      0.9965
      0.2325    -12.2366      0.9994
      0.2325     -5.7922      0.9975
      0.2325     -5.1631      0.9974
      0.2325     -4.2425      0.9995
      0.2325     -3.4144      0.9996
      0.2325     -2.0866      0.9984
      0.2325     -2.0734      0.9970
      0.2325     -0.6496      0.9871
      0.2325      1.9461      0.9736
      0.2325      2.5886      0.9887
      0.2325      3.5265      0.9972
      0.2325      3.9415      0.9998
#Kpoint-index:   19
      0.2462    -35.4627      0.9899
      0.2462    -35.2369      0.9936
      0.2462    -35.2365      0.9996
      0.2462    -12.4055      0.9964
      0.2462    -12.2323      0.9994
      0.2462     -5.7685      0.9975
      0.2462     -5.1811      0.9974
      0.2462     -4.2356      0.9994
      0.2462     -3.4107      0.9996
      0.2462     -2.1463      0.9972
      0.2462     -2.0885      0.9983
      0.2462     -0.6384      0.9867
      0.2462      1.9368      0.9731
      0.2462      2.6082      0.9888
      0.2462      3.4859      0.9974
      0.2462      3.9681      0.9997
#Kpoint-index:   20
      0.2599    -35.4608      0.9898
      0.2599    -35.2404      0.9936
      0.2599    -35.2362      0.9997
      0.2599    -12.3982      0.9963
      0.2599    -12.2278      0.9994
      0.2599     -5.7436      0.9975
      0.2599     -5.1996      0.9974
      0.2599     -4.2286      0.9993
      0.2599     -3.4062      0.9996
      0.2599     -2.2204      0.9974
      0.2599     -2.0912      0.9983
      0.2599     -0.6274      0.9863
      0.2599      1.9257      0.9727
      0.2599      2.6294      0.9889
      0.2599      3.4450      0.9975
      0.2599      3.9959      0.9997
#Kpoint-index:   21
      0.2735    -35.4589      0.9897
      0.2735    -35.2441      0.9936
      0.2735    -35.2359      0.9997
      0.2735    -12.3906      0.9962
      0.2735    -12.2231      0.9994
      0.2735     -5.7176      0.9975
      0.2735     -5.2188      0.9973
      0.2735     -4.2214      0.9992
      0.2735     -3.4010      0.9996
      0.2735     -2.2953      0.9975
      0.2735     -2.0947      0.9982
      0.2735     -0.6164      0.9859
      0.2735      1.9131      0.9723
      0.2735      2.6520      0.9890
      0.2735      3.4044      0.9975
      0.2735      4.0245      0.9996
#Kpoint-index:   22
      0.2872    -35.4568      0.9895
      0.2872    -35.2479      0.9937
      0.2872    -35.2357      0.9997
      0.2872    -12.3828      0.9961
      0.2872    -12.2184      0.9994
      0.2872     -5.6904      0.9975
      0.2872     -5.2383      0.9973
      0.2872     -4.2141      0.9992
      0.2872     -3.3952      0.9996
      0.2872     -2.3712      0.9977
      0.2872     -2.0991      0.9982
      0.2872     -0.6054      0.9855
      0.2872      1.8988      0.9718
      0.2872      2.6758      0.9890
      0.2872      3.3641      0.9977
      0.2872      4.0538      0.9996
#Kpoint-index:   23
      0.3009    -35.4547      0.9894
      0.3009    -35.2518      0.9937
      0.3009    -35.2354      0.9997
      0.3009    -12.3748      0.9960
      0.3009    -12.2135      0.9994
      0.3009     -5.6621      0.9974
      0.3009     -5.2583      0.9973
      0.3009     -4.2067      0.9991
      0.3009     -3.3885      0.9996
      0.3009     -2.4475      0.9979
      0.3009     -2.1042      0.9981
      0.3009     -0.5942      0.9852
      0.3009      1.8831      0.9715
      0.3009      2.7009      0.9891
      0.3009      3.3246      0.9979
      0.3009      4.0836      0.9995
#Kpoint-index:   24
      0.3146    -35.4525      0.9893
      0.3146    -35.2560      0.9937
      0.3146    -35.2352      0.9997
      0.3146    -12.3667      0.9959
      0.3146    -12.2086      0.9993
      0.3146     -5.6327      0.9974
      0.3146     -5.2785      0.9973
      0.3146     -4.1996      0.9990
      0.3146     -3.3810      0.9995
      0.3146     -2.5246      0.9980
      0.3146     -2.1102      0.9981
      0.3146     -0.5828      0.9848
      0.3146      1.8659      0.9711
      0.3146      2.7269      0.9892
      0.3146      3.2860      0.9980
      0.3146      4.1137      0.9995
#Kpoint-index:   25
      0.3282    -35.4502      0.9891
      0.3282    -35.2601      0.9937
      0.3282    -35.2349      0.9997
      0.3282    -12.3585      0.9958
      0.3282    -12.2036      0.9993
      0.3282     -5.6023      0.9974
      0.3282     -5.2990      0.9973
      0.3282     -4.1922      0.9989
      0.3282     -3.3727      0.9995
      0.3282     -2.6015      0.9982
      0.3282     -2.1171      0.9980
      0.3282     -0.5710      0.9845
      0.3282      1.8474      0.9707
      0.3282      2.7538      0.9892
      0.3282      3.2486      0.9981
      0.3282      4.1440      0.9994
#Kpoint-index:   26
      0.3419    -35.4479      0.9890
      0.3419    -35.2644      0.9937
      0.3419    -35.2346      0.9997
      0.3419    -12.3501      0.9957
      0.3419    -12.1986      0.9993
      0.3419     -5.5708      0.9973
      0.3419     -5.3195      0.9972
      0.3419     -4.1850      0.9988
      0.3419     -3.3637      0.9994
      0.3419     -2.6789      0.9983
      0.3419     -2.1248      0.9979
      0.3419     -0.5588      0.9841
      0.3419      1.8278      0.9703
      0.3419      2.7814      0.9892
      0.3419      3.2123      0.9982
      0.3419      4.1742      0.9994
#Kpoint-index:   27
      0.3556    -35.4454      0.9888
      0.3556    -35.2686      0.9937
      0.3556    -35.2343      0.9997
      0.3556    -12.3417      0.9956
      0.3556    -12.1935      0.9993
      0.3556     -5.5384      0.9973
      0.3556     -5.3401      0.9972
      0.3556     -4.1778      0.9987
      0.3556     -3.3539      0.9994
      0.3556     -2.7557      0.9984
      0.3556     -2.1335      0.9979
      0.3556     -0.5461      0.9838
      0.3556      1.8071      0.9700
      0.3556      2.8096      0.9893
      0.3556      3.1775      0.9983
      0.3556      4.2043      0.9993
#Kpoint-index:   28
      0.3693    -35.4429      0.9887
      0.3693    -35.2730      0.9937
      0.3693    -35.2340      0.9997
      0.3693    -12.3333      0.9955
      0.3693    -12.1884      0.9993
      0.3693     -5.5050      0.9973
      0.3693     -5.3605      0.9972
      0.3693     -4.1709      0.9986
      0.3693     -3.3434      0.9993
      0.3693     -2.8323      0.9986
      0.3693     -2.1430      0.9979
      0.3693     -0.5331      0.9834
      0.3693      1.7853      0.9697
      0.3693      2.8382      0.9893
      0.3693      3.1440      0.9984
      0.3693      4.2341      0.9993
#Kpoint-index:   29
      0.3829    -35.4404      0.9886
      0.3829    -35.2774      0.9938
      0.3829    -35.2338      0.9997
      0.3829    -12.3248      0.9954
      0.3829    -12.1834      0.9993
      0.3829     -5.4707      0.9973
      0.3829     -5.3809      0.9972
      0.3829     -4.1642      0.9984
      0.3829     -3.3323      0.9993
      0.3829     -2.9084      0.9987
      0.3829     -2.1534      0.9978
      0.3829     -0.5196      0.9831
      0.3829      1.7627      0.9694
      0.3829      2.8671      0.9894
      0.3829      3.1121      0.9985
      0.3829      4.2634      0.9993
#Kpoint-index:   30
      0.3966    -35.4377      0.9884
      0.3966    -35.2819      0.9938
      0.3966    -35.2334      0.9997
      0.3966    -12.3164      0.9953
      0.3966    -12.1784      0.9993
      0.3966     -5.4354      0.9972
      0.3966     -5.4008      0.9972
      0.3966     -4.1579      0.9983
      0.3966     -3.3204      0.9992
      0.3966     -2.9838      0.9989
      0.3966     -2.1644      0.9978
      0.3966     -0.5056      0.9828
      0.3966      1.7393      0.9692
      0.3966      2.8962      0.9894
      0.3966      3.0820      0.9986
      0.3966      4.2922      0.9992
#Kpoint-index:   31
      0.4103    -35.4350      0.9883
      0.4103    -35.2863      0.9938
      0.4103    -35.2331      0.9997
      0.4103    -12.3080      0.9952
      0.4103    -12.1734      0.9993
      0.4103     -5.4204      0.9972
      0.4103     -5.3995      0.9972
      0.4103     -4.1519      0.9982
      0.4103     -3.3079      0.9992
      0.4103     -3.0583      0.9990
      0.4103     -2.1763      0.9977
      0.4103     -0.4912      0.9824
      0.4103      1.7154      0.9689
      0.4103      2.9252      0.9895
      0.4103      3.0534      0.9987
      0.4103      4.3202      0.9992
#Kpoint-index:   32
      0.4240    -35.4322      0.9882
      0.4240    -35.2909      0.9938
      0.4240    -35.2328      0.9997
      0.4240    -12.2998      0.9951
      0.4240    -12.1686      0.9992
      0.4240     -5.4397      0.9972
      0.4240     -5.3629      0.9971
      0.4240     -4.1468      0.9981
      0.4240     -3.2951      0.9991
      0.4240     -3.1318      0.9992
      0.4240     -2.1890      0.9977
      0.4240     -0.4763      0.9821
      0.4240      1.6909      0.9687
      0.4240      2.9541      0.9895
      0.4240      3.0263      0.9988
      0.4240      4.3473      0.9991
#Kpoint-index:   33
      0.4376    -35.4294      0.9881
      0.4376    -35.2954      0.9938
      0.4376    -35.2325      0.9997
      0.4376    -12.2917      0.9950
      0.4376    -12.1638      0.9992
      0.4376     -5.4584      0.9972
      0.4376     -5.3256      0.9971
      0.4376     -4.1422      0.9980
      0.4376     -3.2816      0.9991
      0.4376     -3.2037      0.9993
      0.4376     -2.2023      0.9977
      0.4376     -0.4608      0.9818
      0.4376      1.6662      0.9685
      0.4376      2.9827      0.9896
      0.4376      3.0011      0.9989
      0.4376      4.3735      0.9991
#Kpoint-index:   34
      0.4513    -35.4265      0.9879
      0.4513    -35.2999      0.9938
      0.4513    -35.2323      0.9997
      0.4513    -12.2838      0.9949
      0.4513    -12.1591      0.9992
      0.4513     -5.4765      0.9972
      0.4513     -5.2877      0.9971
      0.4513     -4.1385      0.9979
      0.4513     -3.2739      0.9994
      0.4513     -3.2679      0.9990
      0.4513     -2.2162      0.9977
      0.4513     -0.4452      0.9814
      0.4513      1.6414      0.9684
      0.4513      2.9776      0.9990
      0.4513      3.0108      0.9896
      0.4513      4.3986      0.9991
#Kpoint-index:   35
      0.4650    -35.4236      0.9878
      0.4650    -35.3044      0.9938
      0.4650    -35.2320      0.9997
      0.4650    -12.2761      0.9948
      0.4650    -12.1547      0.9992
      0.4650     -5.4940      0.9972
      0.4650     -5.2493      0.9970
      0.4650     -4.1359      0.9978
      0.4650     -3.3420      0.9996
      0.4650     -3.2539      0.9989
      0.4650     -2.2306      0.9976
      0.4650     -0.4292      0.9810
      0.4650      1.6165      0.9683
      0.4650      2.9558      0.9991
      0.4650      3.0383      0.9897
      0.4650      4.4224      0.9990
#Kpoint-index:   36
      0.4787    -35.4207      0.9877
      0.4787    -35.3089      0.9937
      0.4787    -35.2318      0.9997
      0.4787    -12.2687      0.9947
      0.4787    -12.1504      0.9992
      0.4787     -5.5107      0.9972
      0.4787     -5.2106      0.9969
      0.4787     -4.1348      0.9977
      0.4787     -3.4075      0.9997
      0.4787     -3.2397      0.9988
      0.4787     -2.2454      0.9976
      0.4787     -0.4132      0.9806
      0.4787      1.5918      0.9682
      0.4787      2.9359      0.9990
      0.4787      3.0651      0.9897
      0.4787      4.4448      0.9990
#Kpoint-index:   37
      0.4923    -35.4178      0.9876
      0.4923    -35.3134      0.9937
      0.4923    -35.2315      0.9997
      0.4923    -12.2615      0.9946
      0.4923    -12.1462      0.9992
      0.4923     -5.5266      0.9972
      0.4923     -5.1715      0.9969
      0.4923     -4.1353      0.9976
      0.4923     -3.4700      0.9998
      0.4923     -3.2254      0.9987
      0.4923     -2.2604      0.9976
      0.4923     -0.3970      0.9802
      0.4923      1.5676      0.9682
      0.4923      2.9177      0.9992
      0.4923      3.0909      0.9898
      0.4923      4.4659      0.9989
#Kpoint-index:   38
      0.5060    -35.4148      0.9876
      0.5060    -35.3177      0.9937
      0.5060    -35.2313      0.9997
      0.5060    -12.2547      0.9945
      0.5060    -12.1424      0.9991
      0.5060     -5.5415      0.9973
      0.5060     -5.1324      0.9968
      0.5060     -4.1381      0.9975
      0.5060     -3.5288      0.9999
      0.5060     -3.2111      0.9986
      0.5060     -2.2754      0.9976
      0.5060     -0.3810      0.9797
      0.5060      1.5438      0.9682
      0.5060      2.9013      0.9993
      0.5060      3.1156      0.9899
      0.5060      4.4856      0.9989
#Kpoint-index:   39
      0.5197    -35.4119      0.9875
      0.5197    -35.3219      0.9936
      0.5197    -35.2311      0.9997
      0.5197    -12.2483      0.9944
      0.5197    -12.1387      0.9991
      0.5197     -5.5555      0.9973
      0.5197     -5.0931      0.9968
      0.5197     -4.1434      0.9975
      0.5197     -3.5832      1.0000
      0.5197     -3.1970      0.9985
      0.5197     -2.2904      0.9976
      0.5197     -0.3652      0.9792
      0.5197      1.5210      0.9683
      0.5197      2.8867      0.9993
      0.5197      3.1391      0.9899
      0.5197      4.5037      0.9989
#Kpoint-index:   40
      0.5334    -35.4090      0.9875
      0.5334    -35.3262      0.9935
      0.5334    -35.2309      0.9997
      0.5334    -12.2423      0.9943
      0.5334    -12.1353      0.9991
      0.5334     -5.5684      0.9973
      0.5334     -5.0544      0.9967
      0.5334     -4.1521      0.9975
      0.5334     -3.6325      1.0000
      0.5334     -3.1833      0.9984
      0.5334     -2.3052      0.9977
      0.5334     -0.3499      0.9787
      0.5334      1.4991      0.9684
      0.5334      2.8735      0.9994
      0.5334      3.1611      0.9900
      0.5334      4.5200      0.9988
#Kpoint-index:   41
      0.5471    -35.4061      0.9875
      0.5471    -35.3302      0.9934
      0.5471    -35.2308      0.9997
      0.5471    -12.2367      0.9942
      0.5471    -12.1322      0.9991
      0.5471     -5.5803      0.9973
      0.5471     -5.0162      0.9966
      0.5471     -4.1642      0.9976
      0.5471     -3.6759      0.9999
      0.5471     -3.1703      0.9983
      0.5471     -2.3194      0.9977
      0.5471     -0.3352      0.9781
      0.5471      1.4786      0.9686
      0.5471      2.8620      0.9994
      0.5471      3.1815      0.9901
      0.5471      4.5347      0.9988
#Kpoint-index:   42
      0.5607    -35.4033      0.9875
      0.5607    -35.3340      0.9932
      0.5607    -35.2306      0.9997
      0.5607    -12.2317      0.9940
      0.5607    -12.1294      0.9991
      0.5607     -5.5908      0.9973
      0.5607     -4.9789      0.9966
      0.5607     -4.1796      0.9977
      0.5607     -3.7128      0.9999
      0.5607     -3.1578      0.9982
      0.5607     -2.3330      0.9977
      0.5607     -0.3214      0.9775
      0.5607      1.4596      0.9688
      0.5607      2.8522      0.9995
      0.5607      3.2002      0.9901
      0.5607      4.5477      0.9987
#Kpoint-index:   43
      0.5744    -35.4006      0.9877
      0.5744    -35.3376      0.9929
      0.5744    -35.2305      0.9997
      0.5744    -12.2272      0.9939
      0.5744    -12.1269      0.9990
      0.5744     -5.6002      0.9973
      0.5744     -4.9432      0.9965
      0.5744     -4.1984      0.9979
      0.5744     -3.7429      0.9997
      0.5744     -3.1463      0.9981
      0.5744     -2.3456      0.9978
      0.5744     -0.3087      0.9769
      0.5744      1.4424      0.9692
      0.5744      2.8440      0.9995
      0.5744      3.2169      0.9902
      0.5744      4.5590      0.9987
#Kpoint-index:   44
      0.5881    -35.3981      0.9879
      0.5881    -35.3409      0.9926
      0.5881    -35.2303      0.9997
      0.5881    -12.2232      0.9938
      0.5881    -12.1247      0.9990
      0.5881     -5.6082      0.9973
      0.5881     -4.9098      0.9964
      0.5881     -4.2196      0.9981
      0.5881     -3.7665      0.9995
      0.5881     -3.1360      0.9979
      0.5881     -2.3568      0.9978
      0.5881     -0.2973      0.9761
      0.5881      1.4273      0.9695
      0.5881      2.8373      0.9995
      0.5881      3.2316      0.9902
      0.5881      4.5685      0.9987
#Kpoint-index:   45
      0.6018    -35.3959      0.9882
      0.6018    -35.3437      0.9921
      0.6018    -35.2302      0.9997
      0.6018    -12.2199      0.9937
      0.6018    -12.1229      0.9990
      0.6018     -5.6148      0.9973
      0.6018     -4.8794      0.9964
      0.6018     -4.2417      0.9983
      0.6018     -3.7842      0.9993
      0.6018     -3.1270      0.9978
      0.6018     -2.3667      0.9979
      0.6018     -0.2874      0.9754
      0.6018      1.4144      0.9700
      0.6018      2.8319      0.9996
      0.6018      3.2439      0.9903
      0.6018      4.5762      0.9986
#Kpoint-index:   46
      0.6154    -35.3939      0.9887
      0.6154    -35.3461      0.9915
      0.6154    -35.2301      0.9996
      0.6154    -12.2173      0.9936
      0.6154    -12.1215      0.9990
      0.6154     -5.6200      0.9973
      0.6154     -4.8534      0.9964
      0.6154     -4.2627      0.9985
      0.6154     -3.7964      0.9991
      0.6154     -3.1196      0.9976
      0.6154     -2.3747      0.9980
      0.6154     -0.2792      0.9746
      0.6154      1.4042      0.9705
      0.6154      2.8279      0.9996
      0.6154      3.2538      0.9904
      0.6154      4.5822      0.9986
#Kpoint-index:   47
      0.6291    -35.3924      0.9893
      0.6291    -35.3480      0.9906
      0.6291    -35.2301      0.9997
      0.6291    -12.2153      0.9935
      0.6291    -12.1204      0.9990
      0.6291     -5.6239      0.9972
      0.6291     -4.8332      0.9964
      0.6291     -4.2803      0.9986
      0.6291     -3.8043      0.9989
      0.6291     -3.1143      0.9975
      0.6291     -2.3806      0.9980
      0.6291     -0.2732      0.9737
      0.6291      1.3967      0.9710
      0.6291      2.8253      0.9996
      0.6291      3.2610      0.9905
      0.6291      4.5864      0.9985
#Kpoint-index:   48
      0.6428    -35.3915      0.9841
      0.6428    -35.3491      0.9698
      0.6428    -35.2301      0.9837
      0.6428    -12.2142      0.9934
      0.6428    -12.1198      0.9989
      0.6428     -5.6262      0.9955
      0.6428     -4.8203      0.9965
      0.6428     -4.2921      0.9986
      0.6428     -3.8087      0.9987
      0.6428     -3.1109      0.9973
      0.6428     -2.3845      0.9981
      0.6428     -0.2696      0.9710
      0.6428      1.3920      0.9716
      0.6428      2.8237      0.9995
      0.6428      3.2654      0.9905
      0.6428      4.5887      0.9985
#Kpoint-index:   49
      0.6565    -35.3912      0.4953
      0.6565    -35.3912      0.4953
      0.6565    -35.3495      0.4944
      0.6565    -35.3495      0.4944
      0.6565    -35.2301      0.4998
      0.6565    -35.2301      0.4998
      0.6565    -12.2138      0.4967
      0.6565    -12.2138      0.4966
      0.6565    -12.1196      0.4995
      0.6565    -12.1196      0.4995
      0.6565     -5.6270      0.4987
      0.6565     -5.6270      0.4987
      0.6565     -4.8158      0.4983
      0.6565     -4.8158      0.4983
      0.6565     -4.2963      0.4993
      0.6565     -4.2963      0.4993
      0.6565     -3.8100      0.4992
      0.6565     -3.8100      0.4992
      0.6565     -3.1098      0.4986
      0.6565     -3.1098      0.4986
      0.6565     -2.3858      0.4991
      0.6565     -2.3858      0.4991
      0.6565     -0.2683      0.4860
      0.6565     -0.2683      0.4860
      0.6565      1.3904      0.4861
      0.6565      1.3904      0.4861
      0.6565      2.8232      0.4998
      0.6565      2.8232      0.4998
      0.6565      3.2669      0.4953
      0.6565      3.2669      0.4953
      0.6565      4.5896      0.4936
      0.6565      4.5896      0.5049
#Kpoint-index:   50
      0.6565    -35.3912      0.4953
      0.6565    -35.3912      0.4953
      0.6565    -35.3495      0.4944
      0.6565    -35.3495      0.4944
      0.6565    -35.2301      0.4998
      0.6565    -35.2301      0.4998
      0.6565    -12.2138      0.4967
      0.6565    -12.2138      0.4967
      0.6565    -12.1196      0.4995
      0.6565    -12.1196      0.4995
      0.6565     -5.6270      0.4987
      0.6565     -5.6270      0.4987
      0.6565     -4.8158      0.4983
      0.6565     -4.8158      0.4983
      0.6565     -4.2963      0.4993
      0.6565     -4.2963      0.4993
      0.6565     -3.8100      0.4992
      0.6565     -3.8100      0.4992
      0.6565     -3.1098      0.4986
      0.6565     -3.1098      0.4986
      0.6565     -2.3858      0.4991
      0.6565     -2.3858      0.4991
      0.6565     -0.2683      0.4860
      0.6565     -0.2683      0.4860
      0.6565      1.3904      0.4861
      0.6565      1.3904      0.4861
      0.6565      2.8232      0.4998
      0.6565      2.8232      0.4998
      0.6565      3.2669      0.4953
      0.6565      3.2669      0.4953
      0.6565      4.5896      0.4994
      0.6565      4.5896      0.4990
#Kpoint-index:   51
      0.6700    -35.3915      0.9860
      0.6700    -35.3491      0.9706
      0.6700    -35.2301      0.9825
      0.6700    -12.2142      0.9935
      0.6700    -12.1198      0.9990
      0.6700     -5.6262      0.9955
      0.6700     -4.8202      0.9962
      0.6700     -4.2921      0.9988
      0.6700     -3.8089      0.9988
      0.6700     -3.1109      0.9975
      0.6700     -2.3845      0.9981
      0.6700     -0.2696      0.9718
      0.6700      1.3920      0.9709
      0.6700      2.8236      0.9995
      0.6700      3.2654      0.9905
      0.6700      4.5888      0.9985
#Kpoint-index:   52
      0.6835    -35.3924      0.9877
      0.6835    -35.3481      0.9924
      0.6835    -35.2302      0.9997
      0.6835    -12.2154      0.9937
      0.6835    -12.1205      0.9990
      0.6835     -5.6239      0.9972
      0.6835     -4.8327      0.9959
      0.6835     -4.2797      0.9991
      0.6835     -3.8057      0.9990
      0.6835     -3.1144      0.9977
      0.6835     -2.3808      0.9979
      0.6835     -0.2734      0.9755
      0.6835      1.3967      0.9697
      0.6835      2.8248      0.9996
      0.6835      3.2608      0.9903
      0.6835      4.5864      0.9986
#Kpoint-index:   53
      0.6971    -35.3937      0.9865
      0.6971    -35.3464      0.9940
      0.6971    -35.2301      0.9996
      0.6971    -12.2175      0.9939
      0.6971    -12.1215      0.9990
      0.6971     -5.6199      0.9973
      0.6971     -4.8519      0.9955
      0.6971     -4.2601      0.9993
      0.6971     -3.8005      0.9992
      0.6971     -3.1201      0.9980
      0.6971     -2.3740      0.9978
      0.6971     -0.2798      0.9773
      0.6971      1.4046      0.9685
      0.6971      2.8270      0.9996
      0.6971      3.2532      0.9902
      0.6971      4.5828      0.9987
#Kpoint-index:   54
      0.7106    -35.3952      0.9856
      0.7106    -35.3442      0.9952
      0.7106    -35.2302      0.9997
      0.7106    -12.2205      0.9941
      0.7106    -12.1231      0.9991
      0.7106     -5.6143      0.9973
      0.7106     -4.8763      0.9953
      0.7106     -4.2349      0.9995
      0.7106     -3.7938      0.9994
      0.7106     -3.1279      0.9982
      0.7106     -2.3649      0.9977
      0.7106     -0.2888      0.9790
      0.7106      1.4156      0.9674
      0.7106      2.8298      0.9996
      0.7106      3.2424      0.9900
      0.7106      4.5777      0.9987
#Kpoint-index:   55
      0.7241    -35.3971      0.9850
      0.7241    -35.3416      0.9961
      0.7241    -35.2303      0.9997
      0.7241    -12.2245      0.9943
      0.7241    -12.1251      0.9991
      0.7241     -5.6071      0.9973
      0.7241     -4.9042      0.9951
      0.7241     -4.2057      0.9996
      0.7241     -3.7855      0.9995
      0.7241     -3.1378      0.9984
      0.7241     -2.3533      0.9976
      0.7241     -0.3004      0.9807
      0.7241      1.4294      0.9664
      0.7241      2.8331      0.9996
      0.7241      3.2283      0.9899
      0.7241      4.5712      0.9988
#Kpoint-index:   56
      0.7377    -35.3990      0.9845
      0.7377    -35.3388      0.9968
      0.7377    -35.2305      0.9997
      0.7377    -12.2294      0.9945
      0.7377    -12.1276      0.9992
      0.7377     -5.5982      0.9973
      0.7377     -4.9345      0.9950
      0.7377     -4.1738      0.9997
      0.7377     -3.7756      0.9996
      0.7377     -3.1495      0.9986
      0.7377     -2.3394      0.9975
      0.7377     -0.3146      0.9822
      0.7377      1.4459      0.9655
      0.7377      2.8369      0.9996
      0.7377      3.2110      0.9897
      0.7377      4.5635      0.9989
#Kpoint-index:   57
      0.7512    -35.4010      0.9842
      0.7512    -35.3357      0.9974
      0.7512    -35.2307      0.9997
      0.7512    -12.2353      0.9947
      0.7512    -12.1305      0.9992
      0.7512     -5.5877      0.9973
      0.7512     -4.9661      0.9949
      0.7512     -4.1404      0.9997
      0.7512     -3.7638      0.9997
      0.7512     -3.1630      0.9988
      0.7512     -2.3233      0.9975
      0.7512     -0.3307      0.9836
      0.7512      1.4651      0.9648
      0.7512      2.8409      0.9996
      0.7512      3.1907      0.9896
      0.7512      4.5547      0.9989
#Kpoint-index:   58
      0.7647    -35.4030      0.9840
      0.7647    -35.3325      0.9978
      0.7647    -35.2308      0.9997
      0.7647    -12.2422      0.9948
      0.7647    -12.1340      0.9992
      0.7647     -5.5755      0.9973
      0.7647     -4.9980      0.9948
      0.7647     -4.1065      0.9998
      0.7647     -3.7498      0.9998
      0.7647     -3.1777      0.9989
      0.7647     -2.3052      0.9974
      0.7647     -0.3491      0.9849
      0.7647      1.4866      0.9642
      0.7647      2.8453      0.9996
      0.7647      3.1674      0.9895
      0.7647      4.5449      0.9990
#Kpoint-index:   59
      0.7783    -35.4048      0.9839
      0.7783    -35.3291      0.9981
      0.7783    -35.2311      0.9997
      0.7783    -12.2501      0.9950
      0.7783    -12.1379      0.9993
      0.7783     -5.5615      0.9973
      0.7783     -5.0298      0.9947
      0.7783     -4.0732      0.9998
      0.7783     -3.7334      0.9999
      0.7783     -3.1935      0.9991
      0.7783     -2.2854      0.9974
      0.7783     -0.3696      0.9862
      0.7783      1.5101      0.9637
      0.7783      2.8498      0.9996
      0.7783      3.1411      0.9893
      0.7783      4.5342      0.9990
#Kpoint-index:   60
      0.7918    -35.4066      0.9839
      0.7918    -35.3256      0.9984
      0.7918    -35.2314      0.9997
      0.7918    -12.2591      0.9952
      0.7918    -12.1423      0.9993
      0.7918     -5.5459      0.9973
      0.7918     -5.0610      0.9947
      0.7918     -4.0412      0.9999
      0.7918     -3.7142      0.9999
      0.7918     -3.2104      0.9992
      0.7918     -2.2641      0.9974
      0.7918     -0.3915      0.9873
      0.7918      1.5354      0.9634
      0.7918      2.8543      0.9996
      0.7918      3.1120      0.9892
      0.7918      4.5226      0.9990
#Kpoint-index:   61
      0.8054    -35.4083      0.9839
      0.8054    -35.3220      0.9986
      0.8054    -35.2317      0.9997
      0.8054    -12.2691      0.9954
      0.8054    -12.1471      0.9993
      0.8054     -5.5285      0.9973
      0.8054     -5.0913      0.9946
      0.8054     -4.0114      0.9999
      0.8054     -3.6917      0.9999
      0.8054     -3.2281      0.9993
      0.8054     -2.2413      0.9974
      0.8054     -0.4148      0.9883
      0.8054      1.5623      0.9633
      0.8054      2.8586      0.9996
      0.8054      3.0804      0.9890
      0.8054      4.5104      0.9991
#Kpoint-index:   62
      0.8189    -35.4098      0.9839
      0.8189    -35.3184      0.9988
      0.8189    -35.2321      0.9997
      0.8189    -12.2803      0.9955
      0.8189    -12.1525      0.9994
      0.8189     -5.5095      0.9973
      0.8189     -5.1204      0.9946
      0.8189     -3.9842      0.9999
      0.8189     -3.6658      1.0000
      0.8189     -3.2463      0.9994
      0.8189     -2.2175      0.9974
      0.8189     -0.4394      0.9892
      0.8189      1.5903      0.9632
      0.8189      2.8625      0.9996
      0.8189      3.0462      0.9888
      0.8189      4.4974      0.9991
#Kpoint-index:   63
      0.8324    -35.4112      0.9840
      0.8324    -35.3147      0.9989
      0.8324    -35.2324      0.9997
      0.8324    -12.2925      0.9957
      0.8324    -12.1583      0.9994
      0.8324     -5.4888      0.9973
      0.8324     -5.1482      0.9946
      0.8324     -3.9602      0.9999
      0.8324     -3.6363      1.0000
      0.8324     -3.2650      0.9994
      0.8324     -2.1925      0.9974
      0.8324     -0.4651      0.9900
      0.8324      1.6191      0.9634
      0.8324      2.8662      0.9996
      0.8324      3.0099      0.9887
      0.8324      4.4840      0.9992
#Kpoint-index:   64
      0.8460    -35.4125      0.9841
      0.8460    -35.3111      0.9990
      0.8460    -35.2328      0.9997
      0.8460    -12.3057      0.9959
      0.8460    -12.1646      0.9994
      0.8460     -5.4664      0.9973
      0.8460     -5.1745      0.9946
      0.8460     -3.9394      1.0000
      0.8460     -3.6032      1.0000
      0.8460     -3.2838      0.9995
      0.8460     -2.1666      0.9974
      0.8460     -0.4917      0.9908
      0.8460      1.6485      0.9637
      0.8460      2.8694      0.9996
      0.8460      2.9716      0.9884
      0.8460      4.4703      0.9992
#Kpoint-index:   65
      0.8595    -35.4135      0.9842
      0.8595    -35.3073      0.9991
      0.8595    -35.2333      0.9997
      0.8595    -12.3201      0.9960
      0.8595    -12.1714      0.9994
      0.8595     -5.4422      0.9973
      0.8595     -5.1990      0.9946
      0.8595     -3.9215      1.0000
      0.8595     -3.5668      1.0000
      0.8595     -3.3027      0.9996
      0.8595     -2.1399      0.9975
      0.8595     -0.5188      0.9915
      0.8595      1.6782      0.9641
      0.8595      2.8722      0.9996
      0.8595      2.9316      0.9882
      0.8595      4.4563      0.9992
#Kpoint-index:   66
      0.8730    -35.4144      0.9844
      0.8730    -35.3035      0.9992
      0.8730    -35.2338      0.9998
      0.8730    -12.3356      0.9962
      0.8730    -12.1787      0.9995
      0.8730     -5.4165      0.9973
      0.8730     -5.2219      0.9946
      0.8730     -3.9066      1.0000
      0.8730     -3.5276      1.0000
      0.8730     -3.3216      0.9996
      0.8730     -2.1126      0.9975
      0.8730     -0.5465      0.9921
      0.8730      1.7078      0.9647
      0.8730      2.8741      0.9996
      0.8730      2.8900      0.9879
      0.8730      4.4421      0.9993
#Kpoint-index:   67
      0.8866    -35.4150      0.9845
      0.8866    -35.2997      0.9992
      0.8866    -35.2343      0.9998
      0.8866    -12.3521      0.9963
      0.8866    -12.1863      0.9995
      0.8866     -5.3890      0.9974
      0.8866     -5.2431      0.9947
      0.8866     -3.8942      1.0000
      0.8866     -3.4862      1.0000
      0.8866     -3.3402      0.9997
      0.8866     -2.0846      0.9975
      0.8866     -0.5743      0.9926
      0.8866      1.7370      0.9655
      0.8866      2.8472      0.9876
      0.8866      2.8752      0.9995
      0.8866      4.4278      0.9993
#Kpoint-index:   68
      0.9001    -35.4155      0.9847
      0.9001    -35.2959      0.9991
      0.9001    -35.2348      0.9998
      0.9001    -12.3697      0.9964
      0.9001    -12.1945      0.9995
      0.9001     -5.3599      0.9974
      0.9001     -5.2624      0.9947
      0.9001     -3.8840      1.0000
      0.9001     -3.4428      1.0000
      0.9001     -3.3586      0.9997
      0.9001     -2.0562      0.9976
      0.9001     -0.6022      0.9931
      0.9001      1.7656      0.9664
      0.9001      2.8035      0.9872
      0.9001      2.8754      0.9995
      0.9001      4.4134      0.9993
#Kpoint-index:   69
      0.9136    -35.4157      0.9848
      0.9136    -35.2921      0.9994
      0.9136    -35.2354      0.9998
      0.9136    -12.3884      0.9966
      0.9136    -12.2030      0.9995
      0.9136     -5.3291      0.9974
      0.9136     -5.2798      0.9947
      0.9136     -3.8758      1.0000
      0.9136     -3.3979      0.9999
      0.9136     -3.3765      0.9997
      0.9136     -2.0274      0.9974
      0.9136     -0.6300      0.9935
      0.9136      1.7932      0.9674
      0.9136      2.7592      0.9867
      0.9136      2.8745      0.9995
      0.9136      4.3992      0.9994
#Kpoint-index:   70
      0.9272    -35.4158      0.9850
      0.9272    -35.2882      0.9994
      0.9272    -35.2360      0.9998
      0.9272    -12.4082      0.9967
      0.9272    -12.2120      0.9996
      0.9272     -5.2967      0.9974
      0.9272     -5.2952      0.9947
      0.9272     -3.8692      1.0000
      0.9272     -3.3939      0.9998
      0.9272     -3.3518      0.9999
      0.9272     -1.9984      0.9977
      0.9272     -0.6576      0.9939
      0.9272      1.8195      0.9686
      0.9272      2.7146      0.9862
      0.9272      2.8727      0.9995
      0.9272      4.3850      0.9994
#Kpoint-index:   71
      0.9407    -35.4156      0.9851
      0.9407    -35.2845      0.9995
      0.9407    -35.2367      0.9998
      0.9407    -12.4290      0.9969
      0.9407    -12.2214      0.9996
      0.9407     -5.3088      0.9948
      0.9407     -5.2629      0.9974
      0.9407     -3.8644      1.0000
      0.9407     -3.4108      0.9998
      0.9407     -3.3048      0.9999
      0.9407     -1.9691      0.9977
      0.9407     -0.6849      0.9942
      0.9407      1.8443      0.9700
      0.9407      2.6700      0.9855
      0.9407      2.8696      0.9995
      0.9407      4.3710      0.9994
#Kpoint-index:   72
      0.9542    -35.4152      0.9853
      0.9542    -35.2807      0.9995
      0.9542    -35.2373      0.9998
      0.9542    -12.4508      0.9970
      0.9542    -12.2312      0.9996
      0.9542     -5.3205      0.9948
      0.9542     -5.2273      0.9974
      0.9542     -3.8609      0.9999
      0.9542     -3.4269      0.9998
      0.9542     -3.2572      0.9999
      0.9542     -1.9397      0.9977
      0.9542     -0.7116      0.9945
      0.9542      1.8672      0.9716
      0.9542      2.6259      0.9848
      0.9542      2.8654      0.9995
      0.9542      4.3572      0.9994
#Kpoint-index:   73
      0.9678    -35.4146      0.9855
      0.9678    -35.2769      0.9996
      0.9678    -35.2381      0.9997
      0.9678    -12.4736      0.9971
      0.9678    -12.2414      0.9996
      0.9678     -5.3303      0.9949
      0.9678     -5.1903      0.9975
      0.9678     -3.8588      0.9999
      0.9678     -3.4424      0.9998
      0.9678     -3.2092      0.9999
      0.9678     -1.9102      0.9978
      0.9678     -0.7378      0.9948
      0.9678      1.8879      0.9734
      0.9678      2.5826      0.9838
      0.9678      2.8598      0.9995
      0.9678      4.3436      0.9995
#Kpoint-index:   74
      0.9813    -35.4138      0.9856
      0.9813    -35.2731      0.9996
      0.9813    -35.2389      0.9972
      0.9813    -12.4974      0.9972
      0.9813    -12.2520      0.9996
      0.9813     -5.3383      0.9949
      0.9813     -5.1519      0.9975
      0.9813     -3.8581      0.9999
      0.9813     -3.4571      0.9999
      0.9813     -3.1609      0.9999
      0.9813     -1.8809      0.9978
      0.9813     -0.7633      0.9950
      0.9813      1.9060      0.9754
      0.9813      2.5405      0.9827
      0.9813      2.8530      0.9995
      0.9813      4.3301      0.9995
#Kpoint-index:   75
      0.9949    -35.4128      0.9858
      0.9949    -35.2693      0.9996
      0.9949    -35.2397      0.9997
      0.9949    -12.5221      0.9973
      0.9949    -12.2629      0.9996
      0.9949     -5.3444      0.9950
      0.9949     -5.1120      0.9975
      0.9949     -3.8587      0.9999
      0.9949     -3.4709      0.9999
      0.9949     -3.1122      0.9999
      0.9949     -1.8514      0.9979
      0.9949     -0.7881      0.9952
      0.9949      1.9210      0.9775
      0.9949      2.5002      0.9813
      0.9949      2.8449      0.9994
      0.9949      4.3171      0.9995
#Kpoint-index:   76
      1.0084    -35.4116      0.9860
      1.0084    -35.2655      0.9997
      1.0084    -35.2405      0.9998
      1.0084    -12.5477      0.9975
      1.0084    -12.2742      0.9997
      1.0084     -5.3488      0.9950
      1.0084     -5.0706      0.9975
      1.0084     -3.8604      0.9998
      1.0084     -3.4837      0.9999
      1.0084     -3.0637      0.9999
      1.0084     -1.8221      0.9979
      1.0084     -0.8119      0.9954
      1.0084      1.9327      0.9799
      1.0084      2.4623      0.9798
      1.0084      2.8355      0.9994
      1.0084      4.3041      0.9995
#Kpoint-index:   77
      1.0219    -35.4101      0.9861
      1.0219    -35.2618      0.9997
      1.0219    -35.2414      0.9998
      1.0219    -12.5743      0.9976
      1.0219    -12.2857      0.9997
      1.0219     -5.3513      0.9951
      1.0219     -5.0279      0.9975
      1.0219     -3.8632      0.9998
      1.0219     -3.4956      0.9999
      1.0219     -3.0153      0.9999
      1.0219     -1.7930      0.9979
      1.0219     -0.8349      0.9956
      1.0219      1.9406      0.9825
      1.0219      2.4274      0.9780
      1.0219      2.8248      0.9994
      1.0219      4.2913      0.9995
#Kpoint-index:   78
      1.0355    -35.4084      0.9863
      1.0355    -35.2581      0.9997
      1.0355    -35.2423      0.9998
      1.0355    -12.6016      0.9977
      1.0355    -12.2976      0.9997
      1.0355     -5.3522      0.9952
      1.0355     -4.9838      0.9976
      1.0355     -3.8673      0.9998
      1.0355     -3.5065      0.9999
      1.0355     -2.9671      0.9999
      1.0355     -1.7641      0.9980
      1.0355     -0.8570      0.9957
      1.0355      1.9441      0.9851
      1.0355      2.3958      0.9760
      1.0355      2.8129      0.9994
      1.0355      4.2785      0.9996
#Kpoint-index:   79
      1.0490    -35.4065      0.9865
      1.0490    -35.2544      0.9997
      1.0490    -35.2432      0.9998
      1.0490    -12.6298      0.9978
      1.0490    -12.3098      0.9997
      1.0490     -5.3512      0.9952
      1.0490     -4.9384      0.9976
      1.0490     -3.8725      0.9997
      1.0490     -3.5162      0.9999
      1.0490     -2.9188      0.9998
      1.0490     -1.7355      0.9980
      1.0490     -0.8780      0.9959
      1.0490      1.9432      0.9877
      1.0490      2.3682      0.9740
      1.0490      2.7998      0.9994
      1.0490      4.2658      0.9996
#Kpoint-index:   80
      1.0625    -35.4044      0.9866
      1.0625    -35.2508      0.9997
      1.0625    -35.2441      0.9998
      1.0625    -12.6588      0.9979
      1.0625    -12.3223      0.9997
      1.0625     -5.3488      0.9953
      1.0625     -4.8918      0.9976
      1.0625     -3.8788      0.9997
      1.0625     -3.5249      0.9999
      1.0625     -2.8713      0.9998
      1.0625     -1.7072      0.9981
      1.0625     -0.8981      0.9960
      1.0625      1.9377      0.9902
      1.0625      2.3448      0.9722
      1.0625      2.7855      0.9993
      1.0625      4.2530      0.9996
#Kpoint-index:   81
      1.0761    -35.4020      0.9868
      1.0761    -35.2472      0.9997
      1.0761    -35.2451      0.9998
      1.0761    -12.6885      0.9980
      1.0761    -12.3350      0.9997
      1.0761     -5.3449      0.9954
      1.0761     -4.8439      0.9976
      1.0761     -3.8861      0.9996
      1.0761     -3.5323      0.9999
      1.0761     -2.8242      0.9998
      1.0761     -1.6793      0.9981
      1.0761     -0.9171      0.9961
      1.0761      1.9277      0.9925
      1.0761      2.3255      0.9706
      1.0761      2.7701      0.9993
      1.0761      4.2400      0.9996
#Kpoint-index:   82
      1.0896    -35.3994      0.9870
      1.0896    -35.2461      0.9994
      1.0896    -35.2435      0.9998
      1.0896    -12.7189      0.9981
      1.0896    -12.3480      0.9997
      1.0896     -5.3394      0.9955
      1.0896     -4.7949      0.9977
      1.0896     -3.8945      0.9996
      1.0896     -3.5385      0.9999
      1.0896     -2.7777      0.9998
      1.0896     -1.6516      0.9982
      1.0896     -0.9349      0.9962
      1.0896      1.9139      0.9943
      1.0896      2.3101      0.9695
      1.0896      2.7539      0.9993
      1.0896      4.2269      0.9996
#Kpoint-index:   83
      1.1031    -35.3967      0.9871
      1.1031    -35.2471      0.9997
      1.1031    -35.2400      0.9998
      1.1031    -12.7499      0.9981
      1.1031    -12.3612      0.9997
      1.1031     -5.3327      0.9956
      1.1031     -4.7449      0.9977
      1.1031     -3.9039      0.9995
      1.1031     -3.5435      0.9999
      1.1031     -2.7319      0.9998
      1.1031     -1.6245      0.9982
      1.1031     -0.9518      0.9963
      1.1031      1.8968      0.9958
      1.1031      2.2979      0.9690
      1.1031      2.7365      0.9993
      1.1031      4.2134      0.9996
#Kpoint-index:   84
      1.1167    -35.3937      0.9873
      1.1167    -35.2482      0.9998
      1.1167    -35.2365      0.9998
      1.1167    -12.7815      0.9982
      1.1167    -12.3746      0.9998
      1.1167     -5.3247      0.9957
      1.1167     -4.6938      0.9977
      1.1167     -3.9141      0.9995
      1.1167     -3.5472      0.9999
      1.1167     -2.6869      0.9997
      1.1167     -1.5979      0.9982
      1.1167     -0.9675      0.9963
      1.1167      1.8775      0.9969
      1.1167      2.2883      0.9688
      1.1167      2.7183      0.9993
      1.1167      4.1994      0.9996
#Kpoint-index:   85
      1.1302    -35.3905      0.9875
      1.1302    -35.2493      0.9998
      1.1302    -35.2330      0.9998
      1.1302    -12.8138      0.9983
      1.1302    -12.3882      0.9998
      1.1302     -5.3156      0.9958
      1.1302     -4.6418      0.9978
      1.1302     -3.9253      0.9994
      1.1302     -3.5495      0.9999
      1.1302     -2.6428      0.9997
      1.1302     -1.5718      0.9983
      1.1302     -0.9821      0.9964
      1.1302      1.8568      0.9978
      1.1302      2.2807      0.9691
      1.1302      2.6993      0.9992
      1.1302      4.1850      0.9997
#Kpoint-index:   86
      1.1437    -35.3871      0.9876
      1.1437    -35.2504      0.9998
      1.1437    -35.2295      0.9998
      1.1437    -12.8465      0.9984
      1.1437    -12.4020      0.9998
      1.1437     -5.3052      0.9959
      1.1437     -4.5889      0.9978
      1.1437     -3.9370      0.9993
      1.1437     -3.5505      1.0000
      1.1437     -2.5995      0.9997
      1.1437     -1.5463      0.9983
      1.1437     -0.9955      0.9965
      1.1437      1.8357      0.9983
      1.1437      2.2744      0.9697
      1.1437      2.6798      0.9992
      1.1437      4.1699      0.9997
#Kpoint-index:   87
      1.1573    -35.3835      0.9878
      1.1573    -35.2516      0.9998
      1.1573    -35.2261      0.9998
      1.1573    -12.8797      0.9984
      1.1573    -12.4160      0.9998
      1.1573     -5.2940      0.9960
      1.1573     -4.5352      0.9978
      1.1573     -3.9494      0.9993
      1.1573     -3.5500      1.0000
      1.1573     -2.5575      0.9996
      1.1573     -1.5214      0.9983
      1.1573     -1.0078      0.9966
      1.1573      1.8146      0.9987
      1.1573      2.2689      0.9704
      1.1573      2.6595      0.9992
      1.1573      4.1541      0.9997
#Kpoint-index:   88
      1.1708    -35.3797      0.9880
      1.1708    -35.2528      0.9998
      1.1708    -35.2227      0.9998
      1.1708    -12.9133      0.9985
      1.1708    -12.4300      0.9998
      1.1708     -5.2820      0.9961
      1.1708     -4.4808      0.9979
      1.1708     -3.9622      0.9992
      1.1708     -3.5480      1.0000
      1.1708     -2.5170      0.9996
      1.1708     -1.4970      0.9984
      1.1708     -1.0188      0.9966
      1.1708      1.7944      0.9990
      1.1708      2.2639      0.9713
      1.1708      2.6389      0.9992
      1.1708      4.1375      0.9997
#Kpoint-index:   89
      1.1843    -35.3758      0.9881
      1.1843    -35.2540      0.9998
      1.1843    -35.2194      0.9995
      1.1843    -12.9473      0.9986
      1.1843    -12.4442      0.9998
      1.1843     -5.2695      0.9963
      1.1843     -4.4257      0.9979
      1.1843     -3.9753      0.9991
      1.1843     -3.5445      1.0000
      1.1843     -2.4781      0.9996
      1.1843     -1.4734      0.9984
      1.1843     -1.0286      0.9967
      1.1843      1.7753      0.9992
      1.1843      2.2590      0.9722
      1.1843      2.6178      0.9992
      1.1843      4.1200      0.9997
#Kpoint-index:   90
      1.1979    -35.3717      0.9883
      1.1979    -35.2552      0.9998
      1.1979    -35.2161      0.9998
      1.1979    -12.9817      0.9986
      1.1979    -12.4586      0.9998
      1.1979     -5.2566      0.9964
      1.1979     -4.3702      0.9979
      1.1979     -3.9885      0.9990
      1.1979     -3.5394      1.0000
      1.1979     -2.4409      0.9995
      1.1979     -1.4505      0.9985
      1.1979     -1.0370      0.9968
      1.1979      1.7579      0.9993
      1.1979      2.2541      0.9732
      1.1979      2.5965      0.9991
      1.1979      4.1016      0.9997
#Kpoint-index:   91
      1.2114    -35.3674      0.9884
      1.2114    -35.2564      0.9999
      1.2114    -35.2129      0.9999
      1.2114    -13.0163      0.9987
      1.2114    -12.4730      0.9998
      1.2114     -5.2434      0.9966
      1.2114     -4.3142      0.9980
      1.2114     -4.0016      0.9989
      1.2114     -3.5325      0.9999
      1.2114     -2.4056      0.9994
      1.2114     -1.4282      0.9985
      1.2114     -1.0438      0.9969
      1.2114      1.7423      0.9994
      1.2114      2.2492      0.9742
      1.2114      2.5750      0.9991
      1.2114      4.0823      0.9997
#Kpoint-index:   92
      1.2250    -35.3629      0.9886
      1.2250    -35.2577      0.9999
      1.2250    -35.2097      0.9999
      1.2250    -13.0512      0.9988
      1.2250    -12.4874      0.9998
      1.2250     -5.2301      0.9967
      1.2250     -4.2579      0.9980
      1.2250     -4.0144      0.9988
      1.2250     -3.5240      0.9999
      1.2250     -2.3724      0.9994
      1.2250     -1.4067      0.9985
      1.2250     -1.0490      0.9970
      1.2250      1.7287      0.9995
      1.2250      2.2441      0.9752
      1.2250      2.5535      0.9991
      1.2250      4.0618      0.9997
#Kpoint-index:   93
      1.2385    -35.3583      0.9888
      1.2385    -35.2589      0.9999
      1.2385    -35.2065      0.9999
      1.2385    -13.0863      0.9988
      1.2385    -12.5020      0.9998
      1.2385     -5.2170      0.9969
      1.2385     -4.2015      0.9981
      1.2385     -4.0266      0.9987
      1.2385     -3.5136      0.9999
      1.2385     -2.3416      0.9993
      1.2385     -1.3861      0.9986
      1.2385     -1.0525      0.9971
      1.2385      1.7173      0.9995
      1.2385      2.2389      0.9761
      1.2385      2.5319      0.9991
      1.2385      4.0403      0.9997
#Kpoint-index:   94
      1.2520    -35.3535      0.9889
      1.2520    -35.2602      0.9999
      1.2520    -35.2034      0.9999
      1.2520    -13.1215      0.9989
      1.2520    -12.5166      0.9998
      1.2520     -5.2044      0.9971
      1.2520     -4.1452      0.9981
      1.2520     -4.0381      0.9986
      1.2520     -3.5012      0.9999
      1.2520     -2.3135      0.9992
      1.2520     -1.3662      0.9986
      1.2520     -1.0540      0.9972
      1.2520      1.7083      0.9995
      1.2520      2.2336      0.9771
      1.2520      2.5103      0.9991
      1.2520      4.0176      0.9997
#Kpoint-index:   95
      1.2656    -35.3486      0.9891
      1.2656    -35.2615      0.9999
      1.2656    -35.2004      0.9999
      1.2656    -13.1569      0.9989
      1.2656    -12.5312      0.9998
      1.2656     -5.1924      0.9973
      1.2656     -4.0891      0.9982
      1.2656     -4.0486      0.9985
      1.2656     -3.4868      0.9999
      1.2656     -2.2882      0.9991
      1.2656     -1.3472      0.9986
      1.2656     -1.0535      0.9973
      1.2656      1.7016      0.9995
      1.2656      2.2283      0.9780
      1.2656      2.4890      0.9990
      1.2656      3.9938      0.9997
#Kpoint-index:   96
      1.2791    -35.3436      0.9892
      1.2791    -35.2629      0.9999
      1.2791    -35.1974      0.9999
      1.2791    -13.1923      0.9990
      1.2791    -12.5458      0.9999
      1.2791     -5.1814      0.9974
      1.2791     -4.0578      0.9984
      1.2791     -4.0335      0.9983
      1.2791     -3.4702      0.9999
      1.2791     -2.2659      0.9990
      1.2791     -1.3291      0.9987
      1.2791     -1.0508      0.9974
      1.2791      1.6972      0.9995
      1.2791      2.2230      0.9789
      1.2791      2.4678      0.9990
      1.2791      3.9687      0.9997
#Kpoint-index:   97
      1.2926    -35.3384      0.9894
      1.2926    -35.2642      0.9999
      1.2926    -35.1944      0.9999
      1.2926    -13.2278      0.9990
      1.2926    -12.5604      0.9999
      1.2926     -5.1716      0.9976
      1.2926     -4.0653      0.9983
      1.2926     -3.9784      0.9983
      1.2926     -3.4511      0.9998
      1.2926     -2.2469      0.9989
      1.2926     -1.3117      0.9987
      1.2926     -1.0457      0.9976
      1.2926      1.6952      0.9995
      1.2926      2.2178      0.9797
      1.2926      2.4471      0.9990
      1.2926      3.9425      0.9998
#Kpoint-index:   98
      1.3062    -35.3331      0.9895
      1.3062    -35.2656      0.9999
      1.3062    -35.1916      0.9999
      1.3062    -13.2632      0.9991
      1.3062    -12.5750      0.9999
      1.3062     -5.1632      0.9978
      1.3062     -4.0709      0.9981
      1.3062     -3.9243      0.9984
      1.3062     -3.4295      0.9998
      1.3062     -2.2313      0.9988
      1.3062     -1.2953      0.9987
      1.3062     -1.0381      0.9977
      1.3062      1.6954      0.9994
      1.3062      2.2129      0.9806
      1.3062      2.4267      0.9990
      1.3062      3.9152      0.9998
#Kpoint-index:   99
      1.3197    -35.3277      0.9897
      1.3197    -35.2669      0.9999
      1.3197    -35.1887      0.9999
      1.3197    -13.2986      0.9991
      1.3197    -12.5896      0.9999
      1.3197     -5.1564      0.9981
      1.3197     -4.0742      0.9980
      1.3197     -3.8714      0.9986
      1.3197     -3.4052      0.9998
      1.3197     -2.2192      0.9987
      1.3197     -1.2798      0.9988
      1.3197     -1.0280      0.9979
      1.3197      1.6980      0.9994
      1.3197      2.2085      0.9814
      1.3197      2.4069      0.9990
      1.3197      3.8867      0.9998
#Kpoint-index:  100
      1.3332    -35.3221      0.9898
      1.3332    -35.2683      0.9999
      1.3332    -35.1859      0.9999
      1.3332    -13.3339      0.9991
      1.3332    -12.6041      0.9999
      1.3332     -5.1517      0.9983
      1.3332     -4.0751      0.9979
      1.3332     -3.8198      0.9987
      1.3332     -3.3778      0.9997
      1.3332     -2.2105      0.9986
      1.3332     -1.2652      0.9988
      1.3332     -1.0153      0.9981
      1.3332      1.7028      0.9993
      1.3332      2.2047      0.9822
      1.3332      2.3877      0.9989
      1.3332      3.8571      0.9998
#Kpoint-index:  101
      1.3468    -35.3165      0.9900
      1.3468    -35.2696      0.9999
      1.3468    -35.1832      0.9999
      1.3468    -13.3690      0.9992
      1.3468    -12.6185      0.9999
      1.3468     -5.1490      0.9985
      1.3468     -4.0734      0.9977
      1.3468     -3.7701      0.9988
      1.3468     -3.3475      0.9997
      1.3468     -2.2054      0.9985
      1.3468     -1.2516      0.9988
      1.3468     -1.0001      0.9982
      1.3468      1.7096      0.9992
      1.3468      2.2014      0.9830
      1.3468      2.3690      0.9989
      1.3468      3.8263      0.9998
#Kpoint-index:  102
      1.3603    -35.3108      0.9901
      1.3603    -35.2710      0.9999
      1.3603    -35.1805      0.9999
      1.3603    -13.4040      0.9992
      1.3603    -12.6328      0.9999
      1.3603     -5.1487      0.9987
      1.3603     -4.0687      0.9976
      1.3603     -3.7222      0.9989
      1.3603     -3.3138      0.9996
      1.3603     -2.2037      0.9983
      1.3603     -1.2390      0.9989
      1.3603     -0.9823      0.9984
      1.3603      1.7185      0.9991
      1.3603      2.1991      0.9838
      1.3603      2.3512      0.9989
      1.3603      3.7944      0.9998
#Kpoint-index:  103
      1.3738    -35.3049      0.9902
      1.3738    -35.2724      0.9999
      1.3738    -35.1779      0.9999
      1.3738    -13.4387      0.9993
      1.3738    -12.6470      0.9999
      1.3738     -5.1507      0.9989
      1.3738     -4.0611      0.9975
      1.3738     -3.6762      0.9990
      1.3738     -3.2770      0.9996
      1.3738     -2.2052      0.9982
      1.3738     -1.2273      0.9989
      1.3738     -0.9624      0.9986
      1.3738      1.7291      0.9990
      1.3738      2.1975      0.9845
      1.3738      2.3341      0.9989
      1.3738      3.7616      0.9998
#Kpoint-index:  104
      1.3874    -35.2991      0.9904
      1.3874    -35.2737      0.9999
      1.3874    -35.1753      0.9999
      1.3874    -13.4732      0.9993
      1.3874    -12.6612      0.9999
      1.3874     -5.1552      0.9990
      1.3874     -4.0505      0.9974
      1.3874     -3.6323      0.9991
      1.3874     -3.2370      0.9995
      1.3874     -2.2099      0.9981
      1.3874     -1.2166      0.9989
      1.3874     -0.9403      0.9987
      1.3874      1.7413      0.9988
      1.3874      2.1969      0.9852
      1.3874      2.3179      0.9988
      1.3874      3.7279      0.9998
#Kpoint-index:  105
      1.4009    -35.2932      0.9905
      1.4009    -35.2751      0.9999
      1.4009    -35.1728      0.9999
      1.4009    -13.5074      0.9993
      1.4009    -12.6752      0.9999
      1.4009     -5.1622      0.9992
      1.4009     -4.0369      0.9973
      1.4009     -3.5903      0.9992
      1.4009     -3.1941      0.9994
      1.4009     -2.2175      0.9980
      1.4009     -1.2071      0.9990
      1.4009     -0.9164      0.9989
      1.4009      1.7550      0.9987
      1.4009      2.1975      0.9860
      1.4009      2.3025      0.9988
      1.4009      3.6932      0.9998
#Kpoint-index:  106
      1.4144    -35.2872      0.9907
      1.4144    -35.2765      0.9999
      1.4144    -35.1703      0.9999
      1.4144    -13.5413      0.9994
      1.4144    -12.6890      0.9999
      1.4144     -5.1715      0.9993
      1.4144     -4.0203      0.9972
      1.4144     -3.5500      0.9993
      1.4144     -3.1486      0.9993
      1.4144     -2.2278      0.9979
      1.4144     -1.1985      0.9990
      1.4144     -0.8909      0.9990
      1.4144      1.7700      0.9985
      1.4144      2.1993      0.9867
      1.4144      2.2882      0.9988
      1.4144      3.6578      0.9998
#Kpoint-index:  107
      1.4280    -35.2812      0.9908
      1.4280    -35.2778      0.9999
      1.4280    -35.1679      0.9999
      1.4280    -13.5749      0.9994
      1.4280    -12.7028      0.9999
      1.4280     -5.1830      0.9995
      1.4280     -4.0009      0.9971
      1.4280     -3.5111      0.9994
      1.4280     -3.1007      0.9993
      1.4280     -2.2404      0.9978
      1.4280     -1.1909      0.9990
      1.4280     -0.8639      0.9992
      1.4280      1.7863      0.9983
      1.4280      2.2025      0.9874
      1.4280      2.2750      0.9987
      1.4280      3.6217      0.9998
#Kpoint-index:  108
      1.4415    -35.2792      0.9999
      1.4415    -35.2752      0.9909
      1.4415    -35.1655      0.9999
      1.4415    -13.6080      0.9994
      1.4415    -12.7163      0.9999
      1.4415     -5.1966      0.9996
      1.4415     -3.9788      0.9971
      1.4415     -3.4733      0.9994
      1.4415     -3.0510      0.9993
      1.4415     -2.2550      0.9978
      1.4415     -1.1843      0.9990
      1.4415     -0.8358      0.9993
      1.4415      1.8037      0.9980
      1.4415      2.2074      0.9881
      1.4415      2.2628      0.9987
      1.4415      3.5848      0.9998
#Kpoint-index:  109
      1.4551    -35.2805      0.9999
      1.4551    -35.2692      0.9911
      1.4551    -35.1632      1.0000
      1.4551    -13.6407      0.9994
      1.4551    -12.7297      0.9999
      1.4551     -5.2121      0.9997
      1.4551     -3.9542      0.9970
      1.4551     -3.4364      0.9995
      1.4551     -2.9998      0.9993
      1.4551     -2.2716      0.9977
      1.4551     -1.1789      0.9991
      1.4551     -0.8070      0.9994
      1.4551      1.8220      0.9978
      1.4551      2.2135      0.9888
      1.4551      2.2517      0.9987
      1.4551      3.5473      0.9998
#Kpoint-index:  110
      1.4686    -35.2818      0.9999
      1.4686    -35.2631      0.9912
      1.4686    -35.1610      1.0000
      1.4686    -13.6730      0.9995
      1.4686    -12.7428      0.9999
      1.4686     -5.2293      0.9997
      1.4686     -3.9273      0.9970
      1.4686     -3.4000      0.9996
      1.4686     -2.9476      0.9992
      1.4686     -2.2898      0.9976
      1.4686     -1.1745      0.9991
      1.4686     -0.7776      0.9995
      1.4686      1.8412      0.9975
      1.4686      2.2213      0.9895
      1.4686      2.2419      0.9986
      1.4686      3.5093      0.9998
#Kpoint-index:  111
      1.4821    -35.2832      0.9999
      1.4821    -35.2571      0.9913
      1.4821    -35.1588      1.0000
      1.4821    -13.7047      0.9995
      1.4821    -12.7558      0.9999
      1.4821     -5.2481      0.9998
      1.4821     -3.8983      0.9969
      1.4821     -3.3639      0.9996
      1.4821     -2.8947      0.9992
      1.4821     -2.3095      0.9976
      1.4821     -1.1712      0.9991
      1.4821     -0.7478      0.9996
      1.4821      1.8612      0.9973
      1.4821      2.2306      0.9901
      1.4821      2.2333      0.9986
      1.4821      3.4708      0.9998
#Kpoint-index:  112
      1.4957    -35.2845      0.9999
      1.4957    -35.2511      0.9915
      1.4957    -35.1567      1.0000
      1.4957    -13.7360      0.9995
      1.4957    -12.7686      0.9999
      1.4957     -5.2684      0.9998
      1.4957     -3.8674      0.9969
      1.4957     -3.3277      0.9997
      1.4957     -2.8414      0.9992
      1.4957     -2.3303      0.9975
      1.4957     -1.1691      0.9991
      1.4957     -0.7179      0.9997
      1.4957      1.8820      0.9970
      1.4957      2.2260      0.9986
      1.4957      2.2416      0.9908
      1.4957      3.4319      0.9998
#Kpoint-index:  113
      1.5092    -35.2858      0.9999
      1.5092    -35.2451      0.9855
      1.5092    -35.1547      1.0000
      1.5092    -13.7667      0.9995
      1.5092    -12.7811      0.9999
      1.5092     -5.2896      0.9999
      1.5092     -3.8348      0.9969
      1.5092     -3.2917      0.9997
      1.5092     -2.7880      0.9992
      1.5092     -2.3520      0.9975
      1.5092     -1.1681      0.9992
      1.5092     -0.6882      0.9997
      1.5092      1.9034      0.9967
      1.5092      2.2199      0.9985
      1.5092      2.2540      0.9914
      1.5092      3.3926      0.9998
#Kpoint-index:  114
      1.5227    -35.2871      0.9998
      1.5227    -35.2391      0.9917
      1.5227    -35.1527      1.0000
      1.5227    -13.7968      0.9996
      1.5227    -12.7934      0.9999
      1.5227     -5.3117      0.9999
      1.5227     -3.8008      0.9969
      1.5227     -3.2556      0.9997
      1.5227     -2.7347      0.9992
      1.5227     -2.3744      0.9975
      1.5227     -1.1682      0.9992
      1.5227     -0.6587      0.9998
      1.5227      1.9255      0.9964
      1.5227      2.2151      0.9985
      1.5227      2.2679      0.9921
      1.5227      3.3533      0.9998
#Kpoint-index:  115
      1.5363    -35.2883      0.9997
      1.5363    -35.2331      0.9919
      1.5363    -35.1507      0.9999
      1.5363    -13.8263      0.9996
      1.5363    -12.8054      0.9999
      1.5363     -5.3344      0.9999
      1.5363     -3.7654      0.9970
      1.5363     -3.2190      0.9998
      1.5363     -2.6818      0.9993
      1.5363     -2.3973      0.9975
      1.5363     -1.1693      0.9992
      1.5363     -0.6298      0.9998
      1.5363      1.9485      0.9962
      1.5363      2.2118      0.9985
      1.5363      2.2832      0.9927
      1.5363      3.3139      0.9999
#Kpoint-index:  116
      1.5498    -35.2896      0.9999
      1.5498    -35.2273      0.9920
      1.5498    -35.1489      1.0000
      1.5498    -13.8552      0.9996
      1.5498    -12.8172      0.9999
      1.5498     -5.3578      1.0000
      1.5498     -3.7290      0.9970
      1.5498     -3.1821      0.9998
      1.5498     -2.6295      0.9993
      1.5498     -2.4207      0.9974
      1.5498     -1.1717      0.9992
      1.5498     -0.6015      0.9999
      1.5498      1.9721      0.9959
      1.5498      2.2099      0.9985
      1.5498      2.2998      0.9932
      1.5498      3.2745      0.9999
#Kpoint-index:  117
      1.5633    -35.2908      0.9999
      1.5633    -35.2214      0.9921
      1.5633    -35.1471      1.0000
      1.5633    -13.8835      0.9996
      1.5633    -12.8287      0.9999
      1.5633     -5.3816      1.0000
      1.5633     -3.6917      0.9970
      1.5633     -3.1446      0.9998
      1.5633     -2.5779      0.9993
      1.5633     -2.4442      0.9974
      1.5633     -1.1753      0.9993
      1.5633     -0.5739      0.9999
      1.5633      1.9965      0.9957
      1.5633      2.2093      0.9984
      1.5633      2.3175      0.9937
      1.5633      3.2349      0.9999
#Kpoint-index:  118
      1.5769    -35.2920      0.9999
      1.5769    -35.2157      0.9922
      1.5769    -35.1454      1.0000
      1.5769    -13.9110      0.9996
      1.5769    -12.8400      0.9999
      1.5769     -5.4057      1.0000
      1.5769     -3.6537      0.9970
      1.5769     -3.1067      0.9998
      1.5769     -2.5272      0.9993
      1.5769     -2.4681      0.9974
      1.5769     -1.1802      0.9993
      1.5769     -0.5473      0.9999
      1.5769      2.0215      0.9955
      1.5769      2.2102      0.9984
      1.5769      2.3361      0.9942
      1.5769      3.1954      0.9999
#Kpoint-index:  119
      1.5904    -35.2932      0.9999
      1.5904    -35.2101      0.9924
      1.5904    -35.1437      1.0000
      1.5904    -13.9379      0.9996
      1.5904    -12.8509      0.9999
      1.5904     -5.4299      1.0000
      1.5904     -3.6154      0.9971
      1.5904     -3.0684      0.9998
      1.5904     -2.4919      0.9974
      1.5904     -2.4776      0.9994
      1.5904     -1.1861      0.9993
      1.5904     -0.5216      1.0000
      1.5904      2.0474      0.9953
      1.5904      2.2125      0.9984
      1.5904      2.3555      0.9947
      1.5904      3.1565      0.9999
#Kpoint-index:  120
      1.6039    -35.2944      0.9999
      1.6039    -35.2046      0.9925
      1.6039    -35.1421      1.0000
      1.6039    -13.9640      0.9997
      1.6039    -12.8616      0.9999
      1.6039     -5.4541      1.0000
      1.6039     -3.5764      0.9971
      1.6039     -3.0296      0.9999
      1.6039     -2.5154      0.9974
      1.6039     -2.4291      0.9994
      1.6039     -1.1933      0.9993
      1.6039     -0.4971      1.0000
      1.6039      2.0742      0.9952
      1.6039      2.2163      0.9983
      1.6039      2.3756      0.9951
      1.6039      3.1180      0.9999
#Kpoint-index:  121
      1.6175    -35.2955      0.9999
      1.6175    -35.1991      0.9926
      1.6175    -35.1405      1.0000
      1.6175    -13.9893      0.9997
      1.6175    -12.8719      0.9999
      1.6175     -5.4781      1.0000
      1.6175     -3.5374      0.9972
      1.6175     -2.9903      0.9999
      1.6175     -2.5388      0.9974
      1.6175     -2.3819      0.9994
      1.6175     -1.2017      0.9994
      1.6175     -0.4737      1.0000
      1.6175      2.1019      0.9951
      1.6175      2.2212      0.9983
      1.6175      2.3962      0.9955
      1.6175      3.0799      0.9999
#Kpoint-index:  122
      1.6310    -35.2966      0.9999
      1.6310    -35.1938      0.9927
      1.6310    -35.1390      1.0000
      1.6310    -14.0139      0.9997
      1.6310    -12.8819      0.9999
      1.6310     -5.5020      1.0000
      1.6310     -3.4982      0.9972
      1.6310     -2.9503      0.9999
      1.6310     -2.5618      0.9974
      1.6310     -2.3360      0.9995
      1.6310     -1.2113      0.9994
      1.6310     -0.4515      1.0000
      1.6310      2.1303      0.9950
      1.6310      2.2277      0.9983
      1.6310      2.4172      0.9958
      1.6310      3.0423      0.9999
#Kpoint-index:  123
      1.6446    -35.2976      0.9999
      1.6446    -35.1886      0.9928
      1.6446    -35.1375      1.0000
      1.6446    -14.0377      0.9997
      1.6446    -12.8916      0.9999
      1.6446     -5.5255      1.0000
      1.6446     -3.4592      0.9972
      1.6446     -2.9100      0.9999
      1.6446     -2.5844      0.9974
      1.6446     -2.2916      0.9995
      1.6446     -1.2222      0.9994
      1.6446     -0.4306      1.0000
      1.6446      2.1597      0.9949
      1.6446      2.2354      0.9983
      1.6446      2.4383      0.9961
      1.6446      3.0055      0.9999
#Kpoint-index:  124
      1.6581    -35.2987      0.9999
      1.6581    -35.1835      0.9930
      1.6581    -35.1362      1.0000
      1.6581    -14.0607      0.9997
      1.6581    -12.9010      0.9999
      1.6581     -5.5486      1.0000
      1.6581     -3.4203      0.9973
      1.6581     -2.8692      0.9999
      1.6581     -2.6065      0.9975
      1.6581     -2.2489      0.9995
      1.6581     -1.2345      0.9994
      1.6581     -0.4110      1.0000
      1.6581      2.1900      0.9949
      1.6581      2.2442      0.9983
      1.6581      2.4594      0.9964
      1.6581      2.9692      0.9999
#Kpoint-index:  125
      1.6716    -35.2997      0.9999
      1.6716    -35.1786      0.9931
      1.6716    -35.1348      1.0000
      1.6716    -14.0828      0.9997
      1.6716    -12.9100      0.9999
      1.6716     -5.5713      1.0000
      1.6716     -3.3819      0.9974
      1.6716     -2.8279      0.9999
      1.6716     -2.6280      0.9975
      1.6716     -2.2077      0.9995
      1.6716     -1.2479      0.9994
      1.6716     -0.3925      1.0000
      1.6716      2.2210      0.9949
      1.6716      2.2545      0.9982
      1.6716      2.4805      0.9967
      1.6716      2.9339      0.9999
#Kpoint-index:  126
      1.6852    -35.3007      0.9999
      1.6852    -35.1738      0.9932
      1.6852    -35.1335      1.0000
      1.6852    -14.1041      0.9997
      1.6852    -12.9187      0.9999
      1.6852     -5.5933      1.0000
      1.6852     -3.3439      0.9974
      1.6852     -2.7862      0.9999
      1.6852     -2.6490      0.9975
      1.6852     -2.1682      0.9996
      1.6852     -1.2626      0.9995
      1.6852     -0.3753      1.0000
      1.6852      2.2526      0.9949
      1.6852      2.2658      0.9982
      1.6852      2.5013      0.9969
      1.6852      2.8995      0.9999
#Kpoint-index:  127
      1.6987    -35.3016      0.9999
      1.6987    -35.1691      0.9933
      1.6987    -35.1323      1.0000
      1.6987    -14.1245      0.9997
      1.6987    -12.9270      0.9999
      1.6987     -5.6148      1.0000
      1.6987     -3.3067      0.9975
      1.6987     -2.7441      0.9999
      1.6987     -2.6692      0.9975
      1.6987     -2.1305      0.9996
      1.6987     -1.2786      0.9995
      1.6987     -0.3593      1.0000
      1.6987      2.2781      0.9982
      1.6987      2.2847      0.9949
      1.6987      2.5217      0.9971
      1.6987      2.8662      0.9999
#Kpoint-index:  128
      1.7122    -35.3026      0.9999
      1.7122    -35.1647      0.9934
      1.7122    -35.1312      1.0000
      1.7122    -14.1441      0.9998
      1.7122    -12.9350      0.9999
      1.7122     -5.6358      1.0000
      1.7122     -3.2703      0.9975
      1.7122     -2.7016      0.9999
      1.7122     -2.6888      0.9975
      1.7122     -2.0945      0.9996
      1.7122     -1.2959      0.9995
      1.7122     -0.3447      0.9999
      1.7122      2.2912      0.9982
      1.7122      2.3171      0.9950
      1.7122      2.5417      0.9973
      1.7122      2.8338      0.9999
#Kpoint-index:  129
      1.7258    -35.3034      0.9999
      1.7258    -35.1604      0.9935
      1.7258    -35.1301      1.0000
      1.7258    -14.1627      0.9998
      1.7258    -12.9426      0.9999
      1.7258     -5.6558      1.0000
      1.7258     -3.2347      0.9976
      1.7258     -2.7075      0.9976
      1.7258     -2.6588      0.9999
      1.7258     -2.0604      0.9997
      1.7258     -1.3145      0.9995
      1.7258     -0.3311      0.9999
      1.7258      2.3052      0.9982
      1.7258      2.3498      0.9950
      1.7258      2.5611      0.9974
      1.7258      2.8026      0.9999
#Kpoint-index:  130
      1.7393    -35.3042      0.9999
      1.7393    -35.1563      0.9936
      1.7393    -35.1291      1.0000
      1.7393    -14.1804      0.9998
      1.7393    -12.9498      0.9999
      1.7393     -5.6750      1.0000
      1.7393     -3.2002      0.9976
      1.7393     -2.7255      0.9976
      1.7393     -2.6159      0.9999
      1.7393     -2.0282      0.9997
      1.7393     -1.3343      0.9995
      1.7393     -0.3186      0.9999
      1.7393      2.3199      0.9982
      1.7393      2.3828      0.9951
      1.7393      2.5799      0.9976
      1.7393      2.7727      0.9999
#Kpoint-index:  131
      1.7528    -35.3050      0.9999
      1.7528    -35.1523      0.9938
      1.7528    -35.1281      1.0000
      1.7528    -14.1972      0.9998
      1.7528    -12.9566      0.9999
      1.7528     -5.6933      0.9999
      1.7528     -3.1669      0.9977
      1.7528     -2.7425      0.9976
      1.7528     -2.5727      0.9999
      1.7528     -1.9978      0.9997
      1.7528     -1.3553      0.9996
      1.7528     -0.3073      0.9999
      1.7528      2.3350      0.9982
      1.7528      2.4157      0.9952
      1.7528      2.5980      0.9977
      1.7528      2.7441      0.9999
#Kpoint-index:  132
      1.7664    -35.3057      0.9999
      1.7664    -35.1486      0.9939
      1.7664    -35.1272      1.0000
      1.7664    -14.2130      0.9998
      1.7664    -12.9631      0.9999
      1.7664     -5.7108      0.9999
      1.7664     -3.1350      0.9977
      1.7664     -2.7587      0.9976
      1.7664     -2.5294      1.0000
      1.7664     -1.9693      0.9997
      1.7664     -1.3776      0.9996
      1.7664     -0.2969      0.9998
      1.7664      2.3504      0.9982
      1.7664      2.4483      0.9953
      1.7664      2.6153      0.9978
      1.7664      2.7168      0.9999
#Kpoint-index:  133
      1.7799    -35.3064      0.9999
      1.7799    -35.1452      0.9940
      1.7799    -35.1263      1.0000
      1.7799    -14.2278      0.9998
      1.7799    -12.9691      1.0000
      1.7799     -5.7273      0.9999
      1.7799     -3.1044      0.9978
      1.7799     -2.7740      0.9976
      1.7799     -2.4860      1.0000
      1.7799     -1.9427      0.9998
      1.7799     -1.4012      0.9996
      1.7799     -0.2876      0.9998
      1.7799      2.3661      0.9982
      1.7799      2.4802      0.9954
      1.7799      2.6316      0.9980
      1.7799      2.6909      0.9999
#Kpoint-index:  134
      1.7934    -35.3071      0.9999
      1.7934    -35.1419      0.9941
      1.7934    -35.1256      1.0000
      1.7934    -14.2417      0.9998
      1.7934    -12.9748      1.0000
      1.7934     -5.7428      0.9999
      1.7934     -3.0755      0.9979
      1.7934     -2.7884      0.9977
      1.7934     -2.4426      1.0000
      1.7934     -1.9181      0.9998
      1.7934     -1.4260      0.9996
      1.7934     -0.2792      0.9998
      1.7934      2.3817      0.9982
      1.7934      2.5116      0.9955
      1.7934      2.6471      0.9981
      1.7934      2.6666      0.9999
#Kpoint-index:  135
      1.8070    -35.3077      0.9999
      1.8070    -35.1388      0.9942
      1.8070    -35.1248      1.0000
      1.8070    -14.2546      0.9998
      1.8070    -12.9800      1.0000
      1.8070     -5.7573      0.9999
      1.8070     -3.0481      0.9979
      1.8070     -2.8018      0.9977
      1.8070     -2.3994      1.0000
      1.8070     -1.8953      0.9998
      1.8070     -1.4520      0.9996
      1.8070     -0.2716      0.9997
      1.8070      2.3972      0.9982
      1.8070      2.5420      0.9956
      1.8070      2.6438      0.9999
      1.8070      2.6615      0.9981
#Kpoint-index:  136
      1.8205    -35.3083      0.9999
      1.8205    -35.1359      0.9943
      1.8205    -35.1241      1.0000
      1.8205    -14.2666      0.9998
      1.8205    -12.9849      1.0000
      1.8205     -5.7708      0.9999
      1.8205     -3.0224      0.9980
      1.8205     -2.8141      0.9977
      1.8205     -2.3561      1.0000
      1.8205     -1.8743      0.9998
      1.8205     -1.4788      0.9996
      1.8205     -0.2648      0.9997
      1.8205      2.4127      0.9982
      1.8205      2.5714      0.9957
      1.8205      2.6228      0.9999
      1.8205      2.6753      0.9982
#Kpoint-index:  137
      1.8340    -35.3088      0.9999
      1.8340    -35.1333      0.9944
      1.8340    -35.1235      1.0000
      1.8340    -14.2775      0.9998
      1.8340    -12.9893      1.0000
      1.8340     -5.7832      0.9999
      1.8340     -2.9987      0.9980
      1.8340     -2.8256      0.9977
      1.8340     -2.3132      1.0000
      1.8340     -1.8553      0.9999
      1.8340     -1.5069      0.9997
      1.8340     -0.2589      0.9997
      1.8340      2.4272      0.9982
      1.8340      2.5989      0.9959
      1.8340      2.6031      0.9999
      1.8340      2.6876      0.9983
#Kpoint-index:  138
      1.8476    -35.3093      0.9999
      1.8476    -35.1309      0.9945
      1.8476    -35.1230      1.0000
      1.8476    -14.2874      0.9998
      1.8476    -12.9934      1.0000
      1.8476     -5.7944      0.9999
      1.8476     -2.9768      0.9981
      1.8476     -2.8359      0.9978
      1.8476     -2.2706      1.0000
      1.8476     -1.8381      0.9999
      1.8476     -1.5357      0.9997
      1.8476     -0.2537      0.9997
      1.8476      2.4411      0.9983
      1.8476      2.5854      0.9999
      1.8476      2.6252      0.9960
      1.8476      2.6990      0.9984
#Kpoint-index:  139
      1.8611    -35.3097      1.0000
      1.8611    -35.1287      0.9946
      1.8611    -35.1225      1.0000
      1.8611    -14.2962      0.9998
      1.8611    -12.9970      1.0000
      1.8611     -5.8046      0.9999
      1.8611     -2.9570      0.9981
      1.8611     -2.8451      0.9978
      1.8611     -2.2285      1.0000
      1.8611     -1.8227      0.9999
      1.8611     -1.5654      0.9997
      1.8611     -0.2491      0.9996
      1.8611      2.4543      0.9983
      1.8611      2.5695      0.9999
      1.8611      2.6495      0.9962
      1.8611      2.7093      0.9984
#Kpoint-index:  140
      1.8747    -35.3100      1.0000
      1.8747    -35.1269      0.9947
      1.8747    -35.1220      1.0000
      1.8747    -14.3041      0.9999
      1.8747    -13.0002      1.0000
      1.8747     -5.8136      0.9999
      1.8747     -2.9394      0.9982
      1.8747     -2.8534      0.9978
      1.8747     -2.1873      1.0000
      1.8747     -1.8093      0.9999
      1.8747     -1.5958      0.9997
      1.8747     -0.2452      0.9996
      1.8747      2.4662      0.9983
      1.8747      2.5553      0.9999
      1.8747      2.6714      0.9963
      1.8747      2.7183      0.9985
#Kpoint-index:  141
      1.8882    -35.3104      1.0000
      1.8882    -35.1252      0.9948
      1.8882    -35.1217      1.0000
      1.8882    -14.3109      0.9999
      1.8882    -13.0029      1.0000
      1.8882     -5.8215      0.9999
      1.8882     -2.9240      0.9983
      1.8882     -2.8605      0.9979
      1.8882     -2.1471      1.0000
      1.8882     -1.7977      0.9999
      1.8882     -1.6267      0.9997
      1.8882     -0.2419      0.9996
      1.8882      2.4769      0.9983
      1.8882      2.5429      0.9999
      1.8882      2.6910      0.9965
      1.8882      2.7262      0.9985
#Kpoint-index:  142
      1.9017    -35.3107      1.0000
      1.9017    -35.1238      0.9949
      1.9017    -35.1213      1.0000
      1.9017    -14.3167      0.9999
      1.9017    -13.0053      1.0000
      1.9017     -5.8281      0.9999
      1.9017     -2.9108      0.9983
      1.9017     -2.8666      0.9979
      1.9017     -2.1083      1.0000
      1.9017     -1.7879      0.9999
      1.9017     -1.6575      0.9997
      1.9017     -0.2392      0.9996
      1.9017      2.4862      0.9984
      1.9017      2.5324      0.9999
      1.9017      2.7082      0.9966
      1.9017      2.7329      0.9986
#Kpoint-index:  143
      1.9153    -35.3109      1.0000
      1.9153    -35.1227      0.9950
      1.9153    -35.1211      1.0000
      1.9153    -14.3214      0.9999
      1.9153    -13.0072      1.0000
      1.9153     -5.8336      0.9999
      1.9153     -2.9000      0.9984
      1.9153     -2.8716      0.9979
      1.9153     -2.0716      1.0000
      1.9153     -1.7799      0.9999
      1.9153     -1.6878      0.9997
      1.9153     -0.2370      0.9995
      1.9153      2.4940      0.9984
      1.9153      2.5238      1.0000
      1.9153      2.7223      0.9968
      1.9153      2.7384      0.9986
#Kpoint-index:  144
      1.9288    -35.3111      1.0000
      1.9288    -35.1218      0.9951
      1.9288    -35.1209      1.0000
      1.9288    -14.3251      0.9999
      1.9288    -13.0087      1.0000
      1.9288     -5.8379      0.9999
      1.9288     -2.8914      0.9984
      1.9288     -2.8754      0.9979
      1.9288     -2.0380      1.0000
      1.9288     -1.7737      0.9999
      1.9288     -1.7163      0.9997
      1.9288     -0.2353      0.9995
      1.9288      2.5002      0.9984
      1.9288      2.5170      1.0000
      1.9288      2.7336      0.9969
      1.9288      2.7427      0.9987
#Kpoint-index:  145
      1.9423    -35.3112      1.0000
      1.9423    -35.1211      0.9952
      1.9423    -35.1207      1.0000
      1.9423    -14.3277      0.9999
      1.9423    -13.0098      1.0000
      1.9423     -5.8409      0.9999
      1.9423     -2.8853      0.9985
      1.9423     -2.8782      0.9980
      1.9423     -2.0095      1.0000
      1.9423     -1.7692      1.0000
      1.9423     -1.7411      0.9997
      1.9423     -0.2341      0.9995
      1.9423      2.5047      0.9985
      1.9423      2.5122      1.0000
      1.9423      2.7417      0.9971
      1.9423      2.7458      0.9987
#Kpoint-index:  146
      1.9559    -35.3113      1.0000
      1.9559    -35.1207      0.9953
      1.9559    -35.1207      1.0000
      1.9559    -14.3293      0.9999
      1.9559    -13.0104      1.0000
      1.9559     -5.8428      0.9999
      1.9559     -2.8817      0.9985
      1.9559     -2.8799      0.9980
      1.9559     -1.9894      1.0000
      1.9559     -1.7666      1.0000
      1.9559     -1.7590      0.9998
      1.9559     -0.2334      0.9995
      1.9559      2.5074      0.9985
      1.9559      2.5092      1.0000
      1.9559      2.7467      0.9973
      1.9559      2.7475      0.9987
#Kpoint-index:  147
      1.9694    -35.3113      1.0000
      1.9694    -35.1207      1.0000
      1.9694    -35.1207      0.9954
      1.9694    -14.3298      0.9999
      1.9694    -13.0107      1.0000
      1.9694     -5.8435      0.9998
      1.9694     -2.8806      0.9980
      1.9694     -2.8806      0.9986
      1.9694     -1.9820      1.0000
      1.9694     -1.7658      1.0000
      1.9694     -1.7658      0.9998
      1.9694     -0.2332      0.9994
      1.9694      2.5082      1.0000
      1.9694      2.5082      0.9986
      1.9694      2.7481      0.9988
      1.9694      2.7481      0.9974
